-4.96,1.65,-0.65
-4.83,1.65,-1.3
-4.62,1.65,-1.91
-4.33,1.65,-2.5
-3.97,1.65,-3.05
-3.53,1.65,-3.54
-3.04,1.65,-3.97
-2.5,1.65,-4.33
-1.91,1.65,-4.62
-1.29,1.65,-4.83
-0.65,1.65,-4.96
0.01,1.65,-5.0
0.66,1.65,-4.96
1.3,1.65,-4.83
1.92,1.65,-4.62
2.51,1.65,-4.33
3.05,1.65,-3.96
3.54,1.65,-3.53
3.97,1.65,-3.04
4.34,1.65,-2.49
4.62,1.65,-1.9
4.83,1.65,-1.28
4.96,1.65,-0.64
5.0,1.65,0.01
4.96,1.65,0.67
4.83,1.65,1.31
4.61,1.65,1.93
4.32,1.65,2.51
3.96,1.65,3.06
3.52,1.65,3.55
3.03,1.65,3.98
2.49,1.65,4.34
1.9,1.65,4.63
1.28,1.65,4.83
0.64,1.65,4.96
-0.02,1.65,5.0
-0.67,1.65,4.95
-1.31,1.65,4.82
-1.93,1.65,4.61
-2.52,1.65,4.32
-3.06,1.65,3.95
-3.55,1.65,3.52
-3.98,1.65,3.03
-4.34,1.65,2.48
-4.63,1.65,1.89
-4.84,1.65,1.27
-4.96,1.65,0.63
-5.0,1.64,0.0
-4.96,1.64,-0.65
-4.83,1.64,-1.3
-4.62,1.64,-1.91
-4.33,1.64,-2.5
-3.97,1.64,-3.05
-3.53,1.64,-3.54
-3.04,1.64,-3.97
-2.5,1.64,-4.33
-1.91,1.64,-4.62
-1.29,1.64,-4.83
-0.65,1.64,-4.96
0.01,1.64,-5.0
0.66,1.64,-4.96
1.3,1.64,-4.83
1.92,1.64,-4.62
2.51,1.64,-4.33
3.05,1.64,-3.96
3.54,1.64,-3.53
3.97,1.64,-3.04
4.34,1.64,-2.49
4.62,1.64,-1.9
4.83,1.64,-1.28
4.96,1.64,-0.64
5.0,1.64,0.01
4.96,1.64,0.67
4.83,1.64,1.31
4.61,1.64,1.93
4.32,1.64,2.51
3.96,1.64,3.06
3.52,1.64,3.55
3.03,1.64,3.98
2.49,1.64,4.34
1.9,1.64,4.63
1.28,1.64,4.83
0.64,1.64,4.96
-0.02,1.64,5.0
-0.67,1.64,4.95
-1.31,1.64,4.82
-1.93,1.64,4.61
-2.52,1.64,4.32
-3.06,1.64,3.95
-3.55,1.64,3.52
-3.98,1.64,3.03
-4.34,1.64,2.48
-4.63,1.64,1.89
-4.84,1.64,1.27
-4.96,1.64,0.63
-5.0,1.62,0.0
-4.96,1.62,-0.65
-4.83,1.62,-1.3
-4.62,1.62,-1.91
-4.33,1.62,-2.5
-3.97,1.62,-3.05
-3.53,1.62,-3.54
-3.04,1.62,-3.97
-2.5,1.62,-4.33
-1.91,1.62,-4.62
-1.29,1.62,-4.83
-0.65,1.62,-4.96
0.01,1.62,-5.0
0.66,1.62,-4.96
1.3,1.62,-4.83
1.92,1.62,-4.62
2.51,1.62,-4.33
3.05,1.62,-3.96
3.54,1.62,-3.53
3.97,1.62,-3.04
4.34,1.62,-2.49
4.62,1.62,-1.9
4.83,1.62,-1.28
4.96,1.62,-0.64
5.0,1.62,0.01
4.96,1.62,0.67
4.83,1.62,1.31
4.61,1.62,1.93
4.32,1.62,2.51
3.96,1.62,3.06
3.52,1.62,3.55
3.03,1.62,3.98
2.49,1.62,4.34
1.9,1.62,4.63
1.28,1.62,4.83
0.64,1.62,4.96
-0.02,1.62,5.0
-0.67,1.62,4.95
-1.31,1.62,4.82
-1.93,1.62,4.61
-2.52,1.62,4.32
-3.06,1.62,3.95
-3.55,1.62,3.52
-3.98,1.62,3.03
-4.34,1.62,2.48
-4.63,1.62,1.89
-4.84,1.62,1.27
-4.96,1.62,0.63
-5.0,1.6,0.0
-4.96,1.6,-0.65
-4.83,1.6,-1.3
-4.62,1.6,-1.91
-4.33,1.6,-2.5
-3.97,1.6,-3.05
-3.53,1.6,-3.54
-3.04,1.6,-3.97
-2.5,1.6,-4.33
-1.91,1.6,-4.62
-1.29,1.6,-4.83
-0.65,1.6,-4.96
0.01,1.6,-5.0
0.66,1.6,-4.96
1.3,1.6,-4.83
1.92,1.6,-4.62
2.51,1.6,-4.33
3.05,1.6,-3.96
3.54,1.6,-3.53
3.97,1.6,-3.04
4.34,1.6,-2.49
4.62,1.6,-1.9
4.83,1.6,-1.28
4.96,1.6,-0.64
5.0,1.6,0.01
4.96,1.6,0.67
4.83,1.6,1.31
4.61,1.6,1.93
4.32,1.6,2.51
3.96,1.6,3.06
3.52,1.6,3.55
3.03,1.6,3.98
2.49,1.6,4.34
1.9,1.6,4.63
1.28,1.6,4.83
0.64,1.6,4.96
-0.02,1.6,5.0
-0.67,1.6,4.95
-1.31,1.6,4.82
-1.93,1.6,4.61
-2.52,1.6,4.32
-3.06,1.6,3.95
-3.55,1.6,3.52
-3.98,1.6,3.03
-4.34,1.6,2.48
-4.63,1.6,1.89
-4.84,1.6,1.27
-4.96,1.6,0.63
-5.0,1.59,0.0
-4.96,1.59,-0.65
-4.83,1.59,-1.3
-4.62,1.59,-1.91
-4.33,1.59,-2.5
-3.97,1.59,-3.05
-3.53,1.59,-3.54
-3.04,1.59,-3.97
-2.5,1.59,-4.33
-1.91,1.59,-4.62
-1.29,1.59,-4.83
-0.65,1.59,-4.96
0.01,1.59,-5.0
0.66,1.59,-4.96
1.3,1.59,-4.83
1.92,1.59,-4.62
2.51,1.59,-4.33
3.05,1.59,-3.96
3.54,1.59,-3.53
3.97,1.59,-3.04
4.34,1.59,-2.49
4.62,1.59,-1.9
4.83,1.59,-1.28
4.96,1.59,-0.64
5.0,1.59,0.01
4.96,1.59,0.67
4.83,1.59,1.31
4.61,1.59,1.93
4.32,1.59,2.51
3.96,1.59,3.06
3.52,1.59,3.55
3.03,1.59,3.98
2.49,1.59,4.34
1.9,1.59,4.63
1.28,1.59,4.83
0.64,1.59,4.96
-0.02,1.59,5.0
-0.67,1.59,4.95
-1.31,1.59,4.82
-1.93,1.59,4.61
-2.52,1.59,4.32
-3.06,1.59,3.95
-3.55,1.59,3.52
-3.98,1.59,3.03
-4.34,1.59,2.48
-4.63,1.59,1.89
-4.84,1.59,1.27
-4.96,1.59,0.63
-5.0,1.57,0.0
-4.96,1.57,-0.65
-4.83,1.57,-1.3
-4.62,1.57,-1.91
-4.33,1.57,-2.5
-3.97,1.57,-3.05
-3.53,1.57,-3.54
-3.04,1.57,-3.97
-2.5,1.57,-4.33
-1.91,1.57,-4.62
-1.29,1.57,-4.83
-0.65,1.57,-4.96
0.01,1.57,-5.0
0.66,1.57,-4.96
1.3,1.57,-4.83
1.92,1.57,-4.62
2.51,1.57,-4.33
3.05,1.57,-3.96
3.54,1.57,-3.53
3.97,1.57,-3.04
4.34,1.57,-2.49
4.62,1.57,-1.9
4.83,1.57,-1.28
4.96,1.57,-0.64
5.0,1.57,0.01
4.96,1.57,0.67
4.83,1.57,1.31
4.61,1.57,1.93
4.32,1.57,2.51
3.96,1.57,3.06
3.52,1.57,3.55
3.03,1.57,3.98
2.49,1.57,4.34
1.9,1.57,4.63
1.28,1.57,4.83
0.64,1.57,4.96
-0.02,1.57,5.0
-0.67,1.57,4.95
-1.31,1.57,4.82
-1.93,1.57,4.61
-2.52,1.57,4.32
-3.06,1.57,3.95
-3.55,1.57,3.52
-3.98,1.57,3.03
-4.34,1.57,2.48
-4.63,1.57,1.89
-4.84,1.57,1.27
-4.96,1.57,0.63
-5.0,1.55,0.0
-4.96,1.55,-0.65
-4.83,1.55,-1.3
-4.62,1.55,-1.91
-4.33,1.55,-2.5
-3.97,1.55,-3.05
-3.53,1.55,-3.54
-3.04,1.55,-3.97
-2.5,1.55,-4.33
-1.91,1.55,-4.62
-1.29,1.55,-4.83
-0.65,1.55,-4.96
0.01,1.55,-5.0
0.66,1.55,-4.96
1.3,1.55,-4.83
1.92,1.55,-4.62
2.51,1.55,-4.33
3.05,1.55,-3.96
3.54,1.55,-3.53
3.97,1.55,-3.04
4.34,1.55,-2.49
4.62,1.55,-1.9
4.83,1.55,-1.28
4.96,1.55,-0.64
5.0,1.55,0.01
4.96,1.55,0.67
4.83,1.55,1.31
4.61,1.55,1.93
4.32,1.55,2.51
3.96,1.55,3.06
3.52,1.55,3.55
3.03,1.55,3.98
2.49,1.55,4.34
1.9,1.55,4.63
1.28,1.55,4.83
0.64,1.55,4.96
-0.02,1.55,5.0
-0.67,1.55,4.95
-1.31,1.55,4.82
-1.93,1.55,4.61
-2.52,1.55,4.32
-3.06,1.55,3.95
-3.55,1.55,3.52
-3.98,1.55,3.03
-4.34,1.55,2.48
-4.63,1.55,1.89
-4.84,1.55,1.27
-4.96,1.55,0.63
-5.0,1.54,0.0
-4.96,1.54,-0.65
-4.83,1.54,-1.3
-4.62,1.54,-1.91
-4.33,1.54,-2.5
-3.97,1.54,-3.05
-3.53,1.54,-3.54
-3.04,1.54,-3.97
-2.5,1.54,-4.33
-1.91,1.54,-4.62
-1.29,1.54,-4.83
-0.65,1.54,-4.96
0.01,1.54,-5.0
0.66,1.54,-4.96
1.3,1.54,-4.83
1.92,1.54,-4.62
2.51,1.54,-4.33
3.05,1.54,-3.96
3.54,1.54,-3.53
3.97,1.54,-3.04
4.34,1.54,-2.49
4.62,1.54,-1.9
4.83,1.54,-1.28
4.96,1.54,-0.64
5.0,1.54,0.01
4.96,1.54,0.67
4.83,1.54,1.31
4.61,1.54,1.93
4.32,1.54,2.51
3.96,1.54,3.06
3.52,1.54,3.55
3.03,1.54,3.98
2.49,1.54,4.34
1.9,1.54,4.63
1.28,1.54,4.83
0.64,1.54,4.96
-0.02,1.54,5.0
-0.67,1.54,4.95
-1.31,1.54,4.82
-1.93,1.54,4.61
-2.52,1.54,4.32
-3.06,1.54,3.95
-3.55,1.54,3.52
-3.98,1.54,3.03
-4.34,1.54,2.48
-4.63,1.54,1.89
-4.84,1.54,1.27
-4.96,1.54,0.63
-5.0,1.52,0.0
-4.96,1.52,-0.65
-4.83,1.52,-1.3
-4.62,1.52,-1.91
-4.33,1.52,-2.5
-3.97,1.52,-3.05
-3.53,1.52,-3.54
-3.04,1.52,-3.97
-2.5,1.52,-4.33
-1.91,1.52,-4.62
-1.29,1.52,-4.83
-0.65,1.52,-4.96
0.01,1.52,-5.0
0.66,1.52,-4.96
1.3,1.52,-4.83
1.92,1.52,-4.62
2.51,1.52,-4.33
3.05,1.52,-3.96
3.54,1.52,-3.53
3.97,1.52,-3.04
4.34,1.52,-2.49
4.62,1.52,-1.9
4.83,1.52,-1.28
4.96,1.52,-0.64
5.0,1.52,0.01
4.96,1.52,0.67
4.83,1.52,1.31
4.61,1.52,1.93
4.32,1.52,2.51
3.96,1.52,3.06
3.52,1.52,3.55
3.03,1.52,3.98
2.49,1.52,4.34
1.9,1.52,4.63
1.28,1.52,4.83
0.64,1.52,4.96
-0.02,1.52,5.0
-0.67,1.52,4.95
-1.31,1.52,4.82
-1.93,1.52,4.61
-2.52,1.52,4.32
-3.06,1.52,3.95
-3.55,1.52,3.52
-3.98,1.52,3.03
-4.34,1.52,2.48
-4.63,1.52,1.89
-4.84,1.52,1.27
-4.96,1.52,0.63
-5.0,1.5,0.0
-4.96,1.5,-0.65
-4.83,1.5,-1.3
-4.62,1.5,-1.91
-4.33,1.5,-2.5
-3.97,1.5,-3.05
-3.53,1.5,-3.54
-3.04,1.5,-3.97
-2.5,1.5,-4.33
-1.91,1.5,-4.62
-1.29,1.5,-4.83
-0.65,1.5,-4.96
0.01,1.5,-5.0
0.66,1.5,-4.96
1.3,1.5,-4.83
1.92,1.5,-4.62
2.51,1.5,-4.33
3.05,1.5,-3.96
3.54,1.5,-3.53
3.97,1.5,-3.04
4.34,1.5,-2.49
4.62,1.5,-1.9
4.83,1.5,-1.28
4.96,1.5,-0.64
5.0,1.5,0.01
4.96,1.5,0.67
4.83,1.5,1.31
4.61,1.5,1.93
4.32,1.5,2.51
3.96,1.5,3.06
3.52,1.5,3.55
3.03,1.5,3.98
2.49,1.5,4.34
1.9,1.5,4.63
1.28,1.5,4.83
0.64,1.5,4.96
-0.02,1.5,5.0
-0.67,1.5,4.95
-1.31,1.5,4.82
-1.93,1.5,4.61
-2.52,1.5,4.32
-3.06,1.5,3.95
-3.55,1.5,3.52
-3.98,1.5,3.03
-4.34,1.5,2.48
-4.63,1.5,1.89
-4.84,1.5,1.27
-4.96,1.5,0.63
-5.0,1.49,0.0
-4.96,1.49,-0.65
-4.83,1.49,-1.3
-4.62,1.49,-1.91
-4.33,1.49,-2.5
-3.97,1.49,-3.05
-3.53,1.49,-3.54
-3.04,1.49,-3.97
-2.5,1.49,-4.33
-1.91,1.49,-4.62
-1.29,1.49,-4.83
-0.65,1.49,-4.96
0.01,1.49,-5.0
0.66,1.49,-4.96
1.3,1.49,-4.83
1.92,1.49,-4.62
2.51,1.49,-4.33
3.05,1.49,-3.96
3.54,1.49,-3.53
3.97,1.49,-3.04
4.34,1.49,-2.49
4.62,1.49,-1.9
4.83,1.49,-1.28
4.96,1.49,-0.64
5.0,1.49,0.01
4.96,1.49,0.67
4.83,1.49,1.31
4.61,1.49,1.93
4.32,1.49,2.51
3.96,1.49,3.06
3.52,1.49,3.55
3.03,1.49,3.98
2.49,1.49,4.34
1.9,1.49,4.63
1.28,1.49,4.83
0.64,1.49,4.96
-0.02,1.49,5.0
-0.67,1.49,4.95
-1.31,1.49,4.82
-1.93,1.49,4.61
-2.52,1.49,4.32
-3.06,1.49,3.95
-3.55,1.49,3.52
-3.98,1.49,3.03
-4.34,1.49,2.48
-4.63,1.49,1.89
-4.84,1.49,1.27
-4.96,1.49,0.63
-5.0,1.47,0.0
-4.96,1.47,-0.65
-4.83,1.47,-1.3
-4.62,1.47,-1.91
-4.33,1.47,-2.5
-3.97,1.47,-3.05
-3.53,1.47,-3.54
-3.04,1.47,-3.97
-2.5,1.47,-4.33
-1.91,1.47,-4.62
-1.29,1.47,-4.83
-0.65,1.47,-4.96
0.01,1.47,-5.0
0.66,1.47,-4.96
1.3,1.47,-4.83
1.92,1.47,-4.62
2.51,1.47,-4.33
3.05,1.47,-3.96
3.54,1.47,-3.53
3.97,1.47,-3.04
4.34,1.47,-2.49
4.62,1.47,-1.9
4.83,1.47,-1.28
4.96,1.47,-0.64
5.0,1.47,0.01
0.1,1.47,0.01
0.09,1.47,0.02
0.08,1.47,0.03
0.08,1.47,0.05
0.08,1.47,0.06
0.09,1.47,0.09
3.03,1.47,3.98
2.49,1.47,4.34
1.9,1.47,4.63
1.28,1.47,4.83
0.64,1.47,4.96
-0.02,1.47,5.0
-0.67,1.47,4.95
-1.31,1.47,4.82
-1.93,1.47,4.61
-2.52,1.47,4.32
-3.06,1.47,3.95
-3.55,1.47,3.52
-3.98,1.47,3.03
-4.34,1.47,2.48
-4.63,1.47,1.89
-4.84,1.47,1.27
0.15,1.47,-0.02
0.23,1.45,-0.0
0.24,1.45,0.03
0.24,1.45,0.06
0.23,1.45,0.09
0.21,1.45,0.12
0.18,1.45,0.14
0.15,1.45,0.15
0.11,1.45,0.14
-2.5,1.45,-4.33
-1.91,1.45,-4.62
-1.29,1.45,-4.83
-0.65,1.45,-4.96
0.01,1.45,-5.0
0.66,1.45,-4.96
1.3,1.45,-4.83
1.92,1.45,-4.62
2.51,1.45,-4.33
3.05,1.45,-3.96
3.54,1.45,-3.53
3.97,1.45,-3.04
4.34,1.45,-2.49
4.62,1.45,-1.9
4.83,1.45,-1.28
4.96,1.45,-0.64
5.0,1.45,0.01
4.96,1.45,0.67
4.83,1.45,1.31
0.1,1.45,0.04
0.08,1.45,0.05
0.07,1.45,0.06
0.07,1.45,0.07
3.03,1.45,3.98
2.49,1.45,4.34
1.9,1.45,4.63
0.03,1.45,0.1
0.01,1.45,0.1
-0.0,1.45,0.1
-0.02,1.45,0.11
-1.31,1.45,4.82
-1.93,1.45,4.61
-2.52,1.45,4.32
-3.06,1.45,3.95
-3.55,1.45,3.52
-3.98,1.45,3.03
-4.34,1.45,2.48
-4.63,1.45,1.89
-4.84,1.45,1.27
-4.96,1.45,0.63
-5.0,1.44,0.0
-4.96,1.44,-0.65
-4.83,1.44,-1.3
-4.62,1.44,-1.91
-4.33,1.44,-2.5
-3.97,1.44,-3.05
-3.53,1.44,-3.54
-3.04,1.44,-3.97
-2.5,1.44,-4.33
-1.91,1.44,-4.62
-1.29,1.44,-4.83
-0.65,1.44,-4.96
-0.0,1.44,0.19
-0.03,1.44,0.21
-0.06,1.44,0.21
-0.08,1.44,0.2
-0.09,1.44,0.16
3.05,1.44,-3.96
3.54,1.44,-3.53
3.97,1.44,-3.04
4.34,1.44,-2.49
4.62,1.44,-1.9
4.83,1.44,-1.28
4.96,1.44,-0.64
5.0,1.44,0.01
4.96,1.44,0.67
4.83,1.44,1.31
4.61,1.44,1.93
4.32,1.44,2.51
3.96,1.44,3.06
3.52,1.44,3.55
3.03,1.44,3.98
2.49,1.44,4.34
1.9,1.44,4.63
1.28,1.44,4.83
0.64,1.44,4.96
-0.02,1.44,5.0
-0.02,1.44,0.13
-0.03,1.44,0.12
-0.05,1.44,0.12
-2.52,1.44,4.32
-3.06,1.44,3.95
-3.55,1.44,3.52
-3.98,1.44,3.03
-4.34,1.44,2.48
-4.63,1.44,1.89
-4.84,1.44,1.27
-4.96,1.44,0.63
-5.0,1.42,0.0
-4.96,1.42,-0.65
-4.83,1.42,-1.3
-4.62,1.42,-1.91
-4.33,1.42,-2.5
-3.97,1.42,-3.05
-3.53,1.42,-3.54
-3.04,1.42,-3.97
-2.5,1.42,-4.33
-1.91,1.42,-4.62
-1.29,1.42,-4.83
0.03,1.42,0.2
-0.0,1.42,0.22
-0.03,1.42,0.24
-0.06,1.42,0.24
-0.09,1.42,0.22
-0.11,1.42,0.19
-0.12,1.42,0.16
-0.12,1.42,0.12
3.97,1.42,-3.04
4.34,1.42,-2.49
4.62,1.42,-1.9
4.83,1.42,-1.28
4.96,1.42,-0.64
5.0,1.42,0.01
4.96,1.42,0.67
4.83,1.42,1.31
4.61,1.42,1.93
4.32,1.42,2.51
3.96,1.42,3.06
3.52,1.42,3.55
0.04,1.42,0.05
0.03,1.42,0.05
0.02,1.42,0.05
0.01,1.42,0.04
0.01,1.42,0.04
-0.0,1.42,0.04
-0.01,1.42,0.05
-0.01,1.42,0.05
-0.03,1.42,0.06
-2.52,1.42,4.32
-3.06,1.42,3.95
-3.55,1.42,3.52
-3.98,1.42,3.03
-4.34,1.42,2.48
-4.63,1.42,1.89
-4.84,1.42,1.27
-4.96,1.42,0.63
0.08,1.41,-0.0
0.13,1.41,0.02
0.16,1.41,0.04
0.18,1.41,0.07
0.19,1.41,0.11
0.19,1.41,0.14
0.18,1.41,0.18
0.16,1.41,0.2
0.13,1.41,0.23
0.1,1.41,0.24
0.07,1.41,0.25
0.03,1.41,0.24
-0.0,1.41,0.23
-0.03,1.41,0.21
-0.05,1.41,0.18
-0.06,1.41,0.14
-0.06,1.41,0.1
-0.04,1.41,0.05
3.54,1.41,-3.53
3.97,1.41,-3.04
4.34,1.41,-2.49
4.62,1.41,-1.9
4.83,1.41,-1.28
4.96,1.41,-0.64
5.0,1.41,0.01
0.03,1.41,0.0
0.02,1.41,0.01
0.02,1.41,0.01
0.01,1.41,0.01
0.01,1.41,0.01
0.01,1.41,0.01
0.01,1.41,0.01
0.01,1.41,0.01
0.01,1.41,0.01
0.0,1.41,0.01
0.0,1.41,0.01
-0.0,1.41,0.02
-0.0,1.41,0.02
-0.01,1.41,0.02
-0.01,1.41,0.02
-0.01,1.41,0.03
-0.03,1.41,0.04
-3.55,1.41,3.52
-3.98,1.41,3.03
-4.34,1.41,2.48
-4.63,1.41,1.89
-4.84,1.41,1.27
-4.96,1.41,0.63
0.12,1.39,-0.0
0.15,1.39,0.02
0.17,1.39,0.05
0.19,1.39,0.08
0.2,1.39,0.11
0.19,1.39,0.15
0.18,1.39,0.18
0.16,1.39,0.21
0.14,1.39,0.23
0.1,1.39,0.25
0.07,1.39,0.26
0.03,1.39,0.26
-0.0,1.39,0.24
-0.03,1.39,0.22
-0.05,1.39,0.2
-0.07,1.39,0.17
-0.08,1.39,0.13
-0.07,1.39,0.1
-0.06,1.39,0.06
-0.04,1.39,0.03
-0.02,1.39,0.01
-0.0,1.39,0.0
0.0,1.39,-0.0
-0.0,1.39,0.0
0.0,1.39,0.0
-0.0,1.39,-0.0
0.0,1.39,0.0
-0.0,1.39,-0.0
0.0,1.39,0.0
-0.0,1.39,-0.0
0.0,1.39,0.0
-0.0,1.39,-0.0
0.0,1.39,0.0
-0.0,1.39,-0.0
0.0,1.39,0.0
-0.0,1.39,-0.0
-0.0,1.39,0.0
0.0,1.39,-0.0
-0.0,1.39,0.0
0.0,1.39,-0.0
-0.0,1.39,0.0
0.0,1.39,-0.0
-0.0,1.39,0.0
0.0,1.39,-0.0
-0.0,1.39,0.0
0.02,1.39,-0.01
0.05,1.39,-0.01
0.09,1.39,-0.01
0.14,1.37,0.0
0.17,1.37,0.02
0.19,1.37,0.05
0.2,1.37,0.08
0.21,1.37,0.12
0.2,1.37,0.16
0.19,1.37,0.19
0.17,1.37,0.22
0.14,1.37,0.24
0.11,1.37,0.26
0.07,1.37,0.27
0.03,1.37,0.27
-0.0,1.37,0.26
-0.03,1.37,0.24
-0.06,1.37,0.21
-0.08,1.37,0.18
-0.08,1.37,0.15
-0.09,1.37,0.11
-0.08,1.37,0.08
-0.07,1.37,0.05
-0.06,1.37,0.03
-0.04,1.37,0.02
-0.03,1.37,0.01
-0.03,1.37,0.0
-0.02,1.37,-0.0
-0.02,1.37,-0.0
-0.02,1.37,-0.0
-0.01,1.37,-0.01
-0.01,1.37,-0.01
-0.01,1.37,-0.01
-0.01,1.37,-0.01
-0.01,1.37,-0.01
-0.01,1.37,-0.01
-0.0,1.37,-0.01
-0.0,1.37,-0.01
-0.0,1.37,-0.01
0.0,1.37,-0.01
0.0,1.37,-0.01
0.0,1.37,-0.01
0.01,1.37,-0.01
0.01,1.37,-0.02
0.01,1.37,-0.02
0.02,1.37,-0.02
0.03,1.37,-0.02
0.04,1.37,-0.02
0.06,1.37,-0.02
0.09,1.37,-0.02
0.11,1.37,-0.01
0.16,1.36,0.0
0.18,1.36,0.02
0.2,1.36,0.05
0.21,1.36,0.09
0.21,1.36,0.12
0.21,1.36,0.16
0.2,1.36,0.2
0.17,1.36,0.23
0.14,1.36,0.25
0.11,1.36,0.27
0.07,1.36,0.28
0.04,1.36,0.28
-0.0,1.36,0.26
-0.03,1.36,0.25
-0.06,1.36,0.22
-0.08,1.36,0.19
-0.09,1.36,0.16
-0.1,1.36,0.12
-0.09,1.36,0.09
-0.08,1.36,0.06
-0.07,1.36,0.04
-0.06,1.36,0.03
-0.05,1.36,0.01
-0.04,1.36,0.01
-0.04,1.36,-0.0
-0.03,1.36,-0.0
-0.03,1.36,-0.01
-0.02,1.36,-0.01
-0.02,1.36,-0.01
-0.02,1.36,-0.01
-0.01,1.36,-0.01
-0.01,1.36,-0.02
-0.01,1.36,-0.02
-0.01,1.36,-0.02
-0.0,1.36,-0.02
-0.0,1.36,-0.02
0.0,1.36,-0.02
0.0,1.36,-0.02
0.01,1.36,-0.02
0.01,1.36,-0.03
0.02,1.36,-0.03
0.02,1.36,-0.03
0.03,1.36,-0.03
0.04,1.36,-0.03
0.06,1.36,-0.03
0.08,1.36,-0.03
0.1,1.36,-0.03
0.13,1.36,-0.02
0.16,1.34,0.0
0.19,1.34,0.02
0.21,1.34,0.06
0.22,1.34,0.09
0.22,1.34,0.13
0.22,1.34,0.17
0.2,1.34,0.2
0.18,1.34,0.23
0.15,1.34,0.26
0.11,1.34,0.27
0.08,1.34,0.28
0.04,1.34,0.28
-0.0,1.34,0.27
-0.03,1.34,0.25
-0.06,1.34,0.23
-0.08,1.34,0.2
-0.1,1.34,0.17
-0.1,1.34,0.13
-0.1,1.34,0.1
-0.09,1.34,0.07
-0.08,1.34,0.05
-0.07,1.34,0.03
-0.06,1.34,0.02
-0.05,1.34,0.01
-0.05,1.34,-0.0
-0.04,1.34,-0.01
-0.03,1.34,-0.01
-0.03,1.34,-0.01
-0.03,1.34,-0.01
-0.02,1.34,-0.02
-0.02,1.34,-0.02
-0.02,1.34,-0.02
-0.01,1.34,-0.02
-0.01,1.34,-0.02
-0.01,1.34,-0.02
-0.0,1.34,-0.03
0.0,1.34,-0.03
0.0,1.34,-0.03
0.01,1.34,-0.03
0.01,1.34,-0.03
0.02,1.34,-0.03
0.03,1.34,-0.04
0.04,1.34,-0.04
0.05,1.34,-0.04
0.07,1.34,-0.04
0.09,1.34,-0.04
0.11,1.34,-0.03
0.14,1.34,-0.02
0.17,1.32,0.0
0.19,1.32,0.03
0.21,1.32,0.06
0.22,1.32,0.09
0.22,1.32,0.13
0.22,1.32,0.17
0.2,1.32,0.2
0.18,1.32,0.24
0.15,1.32,0.26
0.11,1.32,0.28
0.08,1.32,0.29
0.04,1.32,0.29
-0.0,1.32,0.28
-0.03,1.32,0.26
-0.06,1.32,0.23
-0.08,1.32,0.2
-0.1,1.32,0.17
-0.11,1.32,0.14
-0.1,1.32,0.1
-0.1,1.32,0.08
-0.09,1.32,0.05
-0.08,1.32,0.03
-0.07,1.32,0.02
-0.06,1.32,0.01
-0.05,1.32,-0.0
-0.05,1.32,-0.01
-0.04,1.32,-0.01
-0.03,1.32,-0.01
-0.03,1.32,-0.02
-0.03,1.32,-0.02
-0.02,1.32,-0.02
-0.02,1.32,-0.02
-0.01,1.32,-0.03
-0.01,1.32,-0.03
-0.01,1.32,-0.03
-0.0,1.32,-0.03
0.0,1.32,-0.03
0.0,1.32,-0.03
0.01,1.32,-0.04
0.02,1.32,-0.04
0.02,1.32,-0.04
0.03,1.32,-0.04
0.04,1.32,-0.04
0.06,1.32,-0.04
0.07,1.32,-0.04
0.1,1.32,-0.04
0.12,1.32,-0.03
0.15,1.32,-0.02
0.18,1.31,0.0
0.2,1.31,0.03
0.21,1.31,0.06
0.23,1.31,0.09
0.23,1.31,0.13
0.22,1.31,0.17
0.21,1.31,0.21
0.18,1.31,0.24
0.15,1.31,0.26
0.12,1.31,0.28
0.08,1.31,0.29
0.04,1.31,0.29
-0.0,1.31,0.28
-0.03,1.31,0.26
-0.06,1.31,0.24
-0.09,1.31,0.21
-0.1,1.31,0.17
-0.11,1.31,0.14
-0.11,1.31,0.11
-0.1,1.31,0.08
-0.09,1.31,0.05
-0.08,1.31,0.03
-0.07,1.31,0.02
-0.06,1.31,0.01
-0.06,1.31,-0.0
-0.05,1.31,-0.01
-0.04,1.31,-0.01
-0.04,1.31,-0.02
-0.03,1.31,-0.02
-0.03,1.31,-0.02
-0.02,1.31,-0.02
-0.02,1.31,-0.03
-0.02,1.31,-0.03
-0.01,1.31,-0.03
-0.01,1.31,-0.03
-0.0,1.31,-0.03
0.0,1.31,-0.04
0.0,1.31,-0.04
0.01,1.31,-0.04
0.02,1.31,-0.04
0.02,1.31,-0.04
0.03,1.31,-0.04
0.05,1.31,-0.05
0.06,1.31,-0.05
0.08,1.31,-0.04
0.1,1.31,-0.04
0.12,1.31,-0.03
0.15,1.31,-0.02
0.18,1.29,0.0
0.2,1.29,0.03
0.22,1.29,0.06
0.23,1.29,0.09
0.23,1.29,0.13
0.22,1.29,0.17
0.21,1.29,0.21
0.18,1.29,0.24
0.15,1.29,0.26
0.12,1.29,0.28
0.08,1.29,0.29
0.04,1.29,0.29
-0.0,1.29,0.28
-0.03,1.29,0.26
-0.06,1.29,0.24
-0.09,1.29,0.21
-0.1,1.29,0.17
-0.11,1.29,0.14
-0.11,1.29,0.11
-0.1,1.29,0.08
-0.1,1.29,0.05
-0.1,1.29,0.04
-0.13,1.29,0.03
-0.14,1.29,0.02
-0.14,1.29,-0.0
-0.13,1.29,-0.02
-0.11,1.29,-0.03
-0.1,1.29,-0.04
-0.09,1.29,-0.05
-0.08,1.29,-0.06
-0.07,1.29,-0.07
-0.06,1.29,-0.08
-0.05,1.29,-0.08
-0.04,1.29,-0.09
-0.02,1.29,-0.09
-0.01,1.29,-0.1
0.0,1.29,-0.09
0.01,1.29,-0.09
0.02,1.29,-0.08
0.03,1.29,-0.07
0.03,1.29,-0.05
0.03,1.29,-0.05
0.05,1.29,-0.05
0.06,1.29,-0.05
0.08,1.29,-0.05
0.1,1.29,-0.04
0.13,1.29,-0.03
0.15,1.29,-0.02
0.18,1.27,0.0
0.2,1.27,0.03
0.22,1.27,0.06
0.23,1.27,0.09
0.23,1.27,0.13
0.22,1.27,0.17
0.21,1.27,0.21
0.18,1.27,0.24
0.15,1.27,0.26
0.12,1.27,0.28
0.08,1.27,0.29
0.04,1.27,0.29
-0.0,1.27,0.28
-0.03,1.27,0.26
-0.06,1.27,0.24
-0.09,1.27,0.21
-0.1,1.27,0.17
-0.11,1.27,0.14
-0.11,1.27,0.11
-0.12,1.27,0.09
-0.14,1.27,0.08
-0.17,1.27,0.07
-0.18,1.27,0.05
-0.19,1.27,0.02
-0.19,1.27,-0.0
-0.18,1.27,-0.02
-0.16,1.27,-0.04
-0.14,1.27,-0.06
-0.13,1.27,-0.07
-0.11,1.27,-0.08
-0.09,1.27,-0.09
-0.08,1.27,-0.11
-0.07,1.27,-0.11
-0.05,1.27,-0.12
-0.03,1.27,-0.13
-0.02,1.27,-0.13
0.0,1.27,-0.13
0.02,1.27,-0.13
0.03,1.27,-0.12
0.05,1.27,-0.11
0.06,1.27,-0.1
0.06,1.27,-0.08
0.07,1.27,-0.07
0.1,1.27,-0.08
0.12,1.27,-0.07
0.15,1.27,-0.06
0.19,1.27,-0.05
0.22,1.27,-0.03
0.24,1.26,0.0
0.26,1.26,0.03
0.27,1.26,0.07
0.27,1.26,0.11
0.26,1.26,0.15
0.24,1.26,0.18
0.2,1.26,0.2
0.16,1.26,0.21
0.12,1.26,0.22
0.09,1.26,0.21
0.05,1.26,0.19
0.02,1.26,0.17
-0.0,1.26,0.14
-0.02,1.26,0.14
-0.04,1.26,0.14
-0.06,1.26,0.15
-0.08,1.26,0.15
-0.11,1.26,0.14
-0.13,1.26,0.13
-0.16,1.26,0.12
-0.18,1.26,0.1
-0.19,1.26,0.08
-0.21,1.26,0.06
-0.22,1.26,0.03
-0.22,1.26,-0.0
-0.22,1.26,-0.03
-0.21,1.26,-0.06
-0.2,1.26,-0.08
-0.18,1.26,-0.11
-0.16,1.26,-0.12
-0.14,1.26,-0.14
-0.11,1.26,-0.15
-0.09,1.26,-0.16
-0.07,1.26,-0.17
-0.05,1.26,-0.18
-0.03,1.26,-0.2
0.0,1.26,-0.2
0.03,1.26,-0.2
0.05,1.26,-0.2
0.08,1.26,-0.19
0.1,1.26,-0.17
0.12,1.26,-0.15
0.13,1.26,-0.13
0.14,1.26,-0.11
0.17,1.26,-0.1
0.21,1.26,-0.09
0.25,1.26,-0.06
0.28,1.26,-0.04
0.29,1.24,-0.0
0.27,1.24,0.04
0.28,1.24,0.07
0.28,1.24,0.11
0.26,1.24,0.15
0.24,1.24,0.19
0.22,1.24,0.22
0.18,1.24,0.24
0.14,1.24,0.25
0.1,1.24,0.25
0.08,1.24,0.28
0.04,1.24,0.29
-0.0,1.24,0.29
-0.04,1.24,0.29
-0.07,1.24,0.27
-0.1,1.24,0.25
-0.13,1.24,0.22
-0.14,1.24,0.18
-0.15,1.24,0.15
-0.19,1.24,0.15
-0.2,1.24,0.12
-0.24,1.24,0.1
-0.26,1.24,0.07
-0.27,1.24,0.03
-0.26,1.24,-0.0
-0.25,1.24,-0.03
-0.22,1.24,-0.06
-0.2,1.24,-0.08
-0.18,1.24,-0.1
-0.16,1.24,-0.12
-0.14,1.24,-0.14
-0.11,1.24,-0.15
-0.09,1.24,-0.15
-0.06,1.24,-0.15
-0.04,1.24,-0.15
-0.02,1.24,-0.14
0.0,1.24,-0.12
0.01,1.24,-0.1
0.02,1.24,-0.09
0.03,1.24,-0.07
0.03,1.24,-0.06
0.04,1.24,-0.05
0.04,1.24,-0.04
0.04,1.24,-0.03
0.04,1.24,-0.02
0.04,1.24,-0.02
0.03,1.24,-0.01
0.03,1.24,-0.0
0.05,1.22,0.0
0.05,1.22,0.01
0.05,1.22,0.01
0.05,1.22,0.02
0.05,1.22,0.03
0.09,1.22,0.07
0.11,1.22,0.11
0.12,1.22,0.15
0.11,1.22,0.2
0.1,1.22,0.24
0.07,1.22,0.27
0.04,1.22,0.3
-0.0,1.22,0.31
-0.04,1.22,0.32
-0.09,1.22,0.32
-0.12,1.22,0.3
-0.16,1.22,0.28
-0.19,1.22,0.24
-0.2,1.22,0.2
-0.21,1.22,0.16
-0.23,1.22,0.13
-0.26,1.22,0.11
-0.28,1.22,0.08
-0.3,1.22,0.04
-0.29,1.22,-0.0
-0.28,1.22,-0.04
-0.25,1.22,-0.07
-0.22,1.22,-0.09
-0.2,1.22,-0.11
-0.17,1.22,-0.14
-0.15,1.22,-0.15
-0.12,1.22,-0.16
-0.1,1.22,-0.17
-0.07,1.22,-0.17
-0.04,1.22,-0.16
-0.02,1.22,-0.15
0.0,1.22,-0.14
0.02,1.22,-0.12
0.03,1.22,-0.1
0.04,1.22,-0.09
0.04,1.22,-0.07
0.05,1.22,-0.06
0.05,1.22,-0.05
0.06,1.22,-0.04
0.06,1.22,-0.03
0.06,1.22,-0.02
0.06,1.22,-0.01
0.05,1.22,-0.01
0.07,1.21,-0.0
0.07,1.21,0.01
0.06,1.21,0.02
0.06,1.21,0.03
0.15,1.21,0.09
0.16,1.21,0.12
0.16,1.21,0.16
0.15,1.21,0.19
0.13,1.21,0.23
0.11,1.21,0.25
0.07,1.21,0.28
0.04,1.21,0.29
-0.0,1.21,0.29
-0.03,1.21,0.26
-0.06,1.21,0.23
-0.08,1.21,0.2
-0.1,1.21,0.18
-0.13,1.21,0.17
-0.17,1.21,0.17
-0.2,1.21,0.15
-0.22,1.21,0.13
-0.25,1.21,0.1
-0.26,1.21,0.07
-0.27,1.21,0.03
-0.27,1.21,-0.0
-0.26,1.21,-0.04
-0.25,1.21,-0.07
-0.23,1.21,-0.1
-0.21,1.21,-0.12
-0.18,1.21,-0.14
-0.15,1.21,-0.16
-0.13,1.21,-0.17
-0.11,1.21,-0.19
-0.08,1.21,-0.2
-0.06,1.21,-0.21
-0.03,1.21,-0.22
0.0,1.21,-0.22
0.03,1.21,-0.21
0.06,1.21,-0.2
0.08,1.21,-0.19
0.1,1.21,-0.17
0.12,1.21,-0.15
0.13,1.21,-0.13
0.14,1.21,-0.11
0.15,1.21,-0.09
0.16,1.21,-0.06
0.15,1.21,-0.04
0.15,1.21,-0.02
0.16,1.19,-0.0
0.15,1.19,0.02
0.18,1.19,0.05
0.19,1.19,0.08
0.2,1.19,0.11
0.19,1.19,0.15
0.18,1.19,0.18
0.16,1.19,0.21
0.14,1.19,0.24
0.1,1.19,0.25
0.07,1.19,0.26
0.03,1.19,0.26
-0.0,1.19,0.25
-0.03,1.19,0.23
-0.05,1.19,0.2
-0.07,1.19,0.18
-0.11,1.19,0.18
-0.14,1.19,0.18
-0.17,1.19,0.17
-0.2,1.19,0.15
-0.23,1.19,0.13
-0.25,1.19,0.1
-0.27,1.19,0.07
-0.28,1.19,0.04
-0.28,1.19,-0.0
-0.28,1.19,-0.04
-0.26,1.19,-0.07
-0.24,1.19,-0.1
-0.22,1.19,-0.13
-0.19,1.19,-0.15
-0.16,1.19,-0.16
-0.14,1.19,-0.18
-0.11,1.19,-0.2
-0.09,1.19,-0.21
-0.06,1.19,-0.22
-0.03,1.19,-0.23
0.0,1.19,-0.23
0.03,1.19,-0.22
0.06,1.19,-0.21
0.08,1.19,-0.2
0.11,1.19,-0.18
0.12,1.19,-0.16
0.14,1.19,-0.14
0.15,1.19,-0.11
0.16,1.19,-0.09
0.17,1.19,-0.07
0.17,1.19,-0.04
0.16,1.19,-0.02
0.16,1.17,0.0
0.16,1.17,0.02
0.15,1.17,0.04
0.17,1.17,0.07
0.18,1.17,0.11
0.18,1.17,0.14
0.17,1.17,0.17
0.15,1.17,0.2
0.13,1.17,0.22
0.1,1.17,0.24
0.07,1.17,0.25
0.03,1.17,0.24
-0.0,1.17,0.23
-0.03,1.17,0.21
-0.05,1.17,0.18
-0.08,1.17,0.19
-0.11,1.17,0.19
-0.14,1.17,0.19
-0.18,1.17,0.18
-0.21,1.17,0.16
-0.24,1.17,0.14
-0.26,1.17,0.11
-0.28,1.17,0.07
-0.29,1.17,0.04
-0.29,1.17,-0.0
-0.28,1.17,-0.04
-0.27,1.17,-0.07
-0.25,1.17,-0.1
-0.23,1.17,-0.13
-0.2,1.17,-0.15
-0.17,1.17,-0.17
-0.14,1.17,-0.19
-0.12,1.17,-0.2
-0.09,1.17,-0.22
-0.06,1.17,-0.23
-0.03,1.17,-0.23
0.0,1.17,-0.23
0.03,1.17,-0.23
0.06,1.17,-0.22
0.09,1.17,-0.21
0.11,1.17,-0.19
0.13,1.17,-0.17
0.15,1.17,-0.14
0.16,1.17,-0.12
0.17,1.17,-0.1
0.18,1.17,-0.07
0.18,1.17,-0.05
0.17,1.17,-0.02
0.17,1.16,-0.0
0.16,1.16,0.02
0.15,1.16,0.04
0.15,1.16,0.06
0.16,1.16,0.09
0.17,1.16,0.13
0.16,1.16,0.16
0.14,1.16,0.19
0.12,1.16,0.21
0.09,1.16,0.22
0.06,1.16,0.23
0.03,1.16,0.22
-0.0,1.16,0.21
-0.02,1.16,0.19
-0.05,1.16,0.19
-0.08,1.16,0.19
-0.11,1.16,0.2
-0.15,1.16,0.19
-0.18,1.16,0.18
-0.21,1.16,0.16
-0.24,1.16,0.14
-0.27,1.16,0.11
-0.28,1.16,0.08
-0.29,1.16,0.04
-0.3,1.16,-0.0
-0.29,1.16,-0.04
-0.28,1.16,-0.08
-0.26,1.16,-0.11
-0.23,1.16,-0.13
-0.2,1.16,-0.16
-0.17,1.16,-0.17
-0.15,1.16,-0.19
-0.12,1.16,-0.21
-0.09,1.16,-0.22
-0.06,1.16,-0.23
-0.03,1.16,-0.24
0.0,1.16,-0.24
0.03,1.16,-0.24
0.06,1.16,-0.23
0.09,1.16,-0.21
0.11,1.16,-0.19
0.13,1.16,-0.17
0.15,1.16,-0.15
0.16,1.16,-0.12
0.18,1.16,-0.1
0.19,1.16,-0.08
0.19,1.16,-0.05
0.18,1.16,-0.02
0.17,1.14,0.0
0.17,1.14,0.02
0.16,1.14,0.04
0.15,1.14,0.06
0.13,1.14,0.08
0.14,1.14,0.11
0.14,1.14,0.14
0.13,1.14,0.17
0.11,1.14,0.19
0.08,1.14,0.2
0.05,1.14,0.2
0.03,1.14,0.2
-0.0,1.14,0.18
-0.02,1.14,0.18
-0.05,1.14,0.19
-0.08,1.14,0.2
-0.12,1.14,0.2
-0.15,1.14,0.2
-0.19,1.14,0.18
-0.22,1.14,0.17
-0.25,1.14,0.14
-0.27,1.14,0.11
-0.29,1.14,0.08
-0.3,1.14,0.04
-0.3,1.14,-0.0
-0.3,1.14,-0.04
-0.28,1.14,-0.08
-0.26,1.14,-0.11
-0.24,1.14,-0.14
-0.21,1.14,-0.16
-0.18,1.14,-0.18
-0.15,1.14,-0.2
-0.12,1.14,-0.21
-0.09,1.14,-0.23
-0.06,1.14,-0.24
-0.03,1.14,-0.25
0.0,1.14,-0.25
0.03,1.14,-0.24
0.06,1.14,-0.23
0.09,1.14,-0.22
0.12,1.14,-0.2
0.14,1.14,-0.18
0.15,1.14,-0.15
0.17,1.14,-0.13
0.18,1.14,-0.11
0.19,1.14,-0.08
0.19,1.14,-0.05
0.18,1.14,-0.02
0.18,1.12,-0.0
0.17,1.12,0.02
0.16,1.12,0.04
0.15,1.12,0.06
0.14,1.12,0.08
0.12,1.12,0.09
0.11,1.12,0.11
0.1,1.12,0.13
0.09,1.12,0.15
0.07,1.12,0.16
0.04,1.12,0.16
0.02,1.12,0.16
-0.0,1.12,0.17
-0.02,1.12,0.19
-0.05,1.12,0.2
-0.08,1.12,0.2
-0.12,1.12,0.2
-0.15,1.12,0.2
-0.19,1.12,0.19
-0.22,1.12,0.17
-0.25,1.12,0.14
-0.27,1.12,0.11
-0.29,1.12,0.08
-0.3,1.12,0.04
-0.3,1.12,-0.0
-0.3,1.12,-0.04
-0.29,1.12,-0.08
-0.27,1.12,-0.11
-0.24,1.12,-0.14
-0.21,1.12,-0.16
-0.18,1.12,-0.18
-0.16,1.12,-0.21
-0.13,1.12,-0.22
-0.1,1.12,-0.24
-0.06,1.12,-0.24
-0.03,1.12,-0.25
0.0,1.12,-0.25
0.03,1.12,-0.24
0.06,1.12,-0.23
0.09,1.12,-0.22
0.12,1.12,-0.2
0.14,1.12,-0.18
0.16,1.12,-0.15
0.17,1.12,-0.13
0.19,1.12,-0.11
0.2,1.12,-0.08
0.2,1.12,-0.05
0.19,1.12,-0.02
0.18,1.11,-0.0
0.18,1.11,0.02
0.17,1.11,0.05
0.16,1.11,0.07
0.15,1.11,0.08
0.13,1.11,0.1
0.12,1.11,0.12
0.1,1.11,0.13
0.08,1.11,0.15
0.07,1.11,0.16
0.04,1.11,0.17
0.02,1.11,0.18
-0.0,1.11,0.18
-0.03,1.11,0.19
-0.05,1.11,0.2
-0.09,1.11,0.21
-0.12,1.11,0.21
-0.16,1.11,0.2
-0.19,1.11,0.19
-0.22,1.11,0.17
-0.25,1.11,0.14
-0.28,1.11,0.11
-0.29,1.11,0.08
-0.3,1.11,0.04
-0.31,1.11,-0.0
-0.3,1.11,-0.04
-0.29,1.11,-0.08
-0.27,1.11,-0.11
-0.24,1.11,-0.14
-0.22,1.11,-0.17
-0.19,1.11,-0.19
-0.17,1.11,-0.22
-0.14,1.11,-0.24
-0.1,1.11,-0.25
-0.07,1.11,-0.26
-0.03,1.11,-0.26
0.0,1.11,-0.26
0.03,1.11,-0.25
0.06,1.11,-0.24
0.09,1.11,-0.22
0.12,1.11,-0.2
0.14,1.11,-0.18
0.16,1.11,-0.16
0.18,1.11,-0.14
0.2,1.11,-0.11
0.2,1.11,-0.08
0.2,1.11,-0.05
0.19,1.11,-0.02
0.19,1.09,-0.0
0.19,1.09,0.02
0.18,1.09,0.05
0.17,1.09,0.07
0.16,1.09,0.09
0.14,1.09,0.11
0.13,1.09,0.13
0.11,1.09,0.14
0.09,1.09,0.16
0.07,1.09,0.17
0.05,1.09,0.18
0.02,1.09,0.19
-0.0,1.09,0.19
-0.03,1.09,0.2
-0.05,1.09,0.2
-0.09,1.09,0.21
-0.12,1.09,0.21
-0.16,1.09,0.21
-0.2,1.09,0.2
-0.23,1.09,0.17
-0.25,1.09,0.15
-0.28,1.09,0.11
-0.29,1.09,0.08
-0.3,1.09,0.04
-0.31,1.09,-0.0
-0.3,1.09,-0.04
-0.29,1.09,-0.08
-0.27,1.09,-0.11
-0.25,1.09,-0.14
-0.23,1.09,-0.18
-0.2,1.09,-0.2
-0.17,1.09,-0.23
-0.14,1.09,-0.25
-0.11,1.09,-0.26
-0.07,1.09,-0.27
-0.03,1.09,-0.27
0.0,1.09,-0.27
0.04,1.09,-0.26
0.07,1.09,-0.25
0.1,1.09,-0.23
0.12,1.09,-0.21
0.14,1.09,-0.19
0.16,1.09,-0.16
0.18,1.09,-0.14
0.2,1.09,-0.11
0.21,1.09,-0.09
0.21,1.09,-0.05
0.2,1.09,-0.03
0.21,1.07,-0.0
0.2,1.07,0.03
0.19,1.07,0.05
0.18,1.07,0.08
0.17,1.07,0.1
0.15,1.07,0.12
0.14,1.07,0.14
0.12,1.07,0.15
0.1,1.07,0.17
0.07,1.07,0.18
0.05,1.07,0.19
0.03,1.07,0.2
-0.0,1.07,0.21
-0.03,1.07,0.21
-0.06,1.07,0.21
-0.09,1.07,0.21
-0.12,1.07,0.21
-0.17,1.07,0.22
-0.21,1.07,0.21
-0.23,1.07,0.18
-0.25,1.07,0.14
-0.28,1.07,0.11
-0.29,1.07,0.08
-0.3,1.07,0.04
-0.31,1.07,-0.0
-0.3,1.07,-0.04
-0.29,1.07,-0.08
-0.27,1.07,-0.11
-0.26,1.07,-0.15
-0.24,1.07,-0.18
-0.21,1.07,-0.21
-0.18,1.07,-0.24
-0.15,1.07,-0.26
-0.11,1.07,-0.27
-0.07,1.07,-0.28
-0.04,1.07,-0.28
0.0,1.07,-0.28
0.04,1.07,-0.27
0.07,1.07,-0.26
0.1,1.07,-0.24
0.13,1.07,-0.22
0.15,1.07,-0.2
0.17,1.07,-0.17
0.19,1.07,-0.14
0.21,1.07,-0.12
0.21,1.07,-0.09
0.21,1.07,-0.06
0.21,1.07,-0.03
0.22,1.06,-0.0
0.21,1.06,0.03
0.2,1.06,0.05
0.19,1.06,0.08
0.18,1.06,0.1
0.16,1.06,0.12
0.14,1.06,0.14
0.12,1.06,0.16
0.1,1.06,0.18
0.08,1.06,0.19
0.05,1.06,0.2
0.03,1.06,0.21
-0.0,1.06,0.21
-0.03,1.06,0.22
-0.06,1.06,0.22
-0.09,1.06,0.21
-0.13,1.06,0.22
-0.18,1.06,0.23
-0.21,1.06,0.21
-0.24,1.06,0.18
-0.25,1.06,0.14
-0.27,1.06,0.11
-0.29,1.06,0.08
-0.3,1.06,0.04
-0.3,1.06,-0.0
-0.3,1.06,-0.04
-0.29,1.06,-0.08
-0.28,1.06,-0.12
-0.26,1.06,-0.15
-0.24,1.06,-0.19
-0.22,1.06,-0.22
-0.19,1.06,-0.24
-0.15,1.06,-0.27
-0.12,1.06,-0.28
-0.08,1.06,-0.29
-0.04,1.06,-0.29
0.0,1.06,-0.29
0.04,1.06,-0.28
0.07,1.06,-0.27
0.1,1.06,-0.25
0.13,1.06,-0.23
0.16,1.06,-0.2
0.18,1.06,-0.18
0.19,1.06,-0.15
0.21,1.06,-0.12
0.22,1.06,-0.09
0.22,1.06,-0.06
0.22,1.06,-0.03
0.22,1.04,-0.0
0.22,1.04,0.03
0.21,1.04,0.06
0.2,1.04,0.08
0.18,1.04,0.11
0.17,1.04,0.13
0.15,1.04,0.15
0.13,1.04,0.17
0.12,1.04,0.2
0.08,1.04,0.2
0.06,1.04,0.21
0.03,1.04,0.22
-0.0,1.04,0.22
-0.03,1.04,0.23
-0.06,1.04,0.22
-0.09,1.04,0.22
-0.13,1.04,0.23
-0.18,1.04,0.24
-0.22,1.04,0.22
-0.25,1.04,0.19
-0.26,1.04,0.15
-0.27,1.04,0.11
-0.29,1.04,0.08
-0.3,1.04,0.04
-0.3,1.04,-0.0
-0.3,1.04,-0.04
-0.3,1.04,-0.08
-0.29,1.04,-0.12
-0.27,1.04,-0.16
-0.25,1.04,-0.19
-0.22,1.04,-0.22
-0.19,1.04,-0.25
-0.16,1.04,-0.27
-0.12,1.04,-0.29
-0.08,1.04,-0.3
-0.04,1.04,-0.3
0.0,1.04,-0.3
0.04,1.04,-0.29
0.08,1.04,-0.28
0.11,1.04,-0.26
0.14,1.04,-0.24
0.16,1.04,-0.21
0.18,1.04,-0.18
0.2,1.04,-0.15
0.22,1.04,-0.12
0.22,1.04,-0.09
0.23,1.04,-0.06
0.23,1.04,-0.03
0.23,1.02,0.0
0.23,1.02,0.03
0.22,1.02,0.06
0.2,1.02,0.08
0.19,1.02,0.11
0.17,1.02,0.13
0.15,1.02,0.15
0.15,1.02,0.19
0.13,1.02,0.22
0.09,1.02,0.23
0.06,1.02,0.22
0.03,1.02,0.23
-0.0,1.02,0.23
-0.03,1.02,0.23
-0.06,1.02,0.23
-0.09,1.02,0.23
-0.14,1.02,0.24
-0.19,1.02,0.24
-0.23,1.02,0.23
-0.25,1.02,0.19
-0.26,1.02,0.15
-0.27,1.02,0.11
-0.28,1.02,0.08
-0.3,1.02,0.04
-0.31,1.02,-0.0
-0.31,1.02,-0.04
-0.3,1.02,-0.08
-0.29,1.02,-0.12
-0.28,1.02,-0.16
-0.26,1.02,-0.2
-0.23,1.02,-0.23
-0.2,1.02,-0.26
-0.16,1.02,-0.28
-0.12,1.02,-0.3
-0.08,1.02,-0.31
-0.04,1.02,-0.31
0.0,1.02,-0.31
0.04,1.02,-0.3
0.08,1.02,-0.28
0.11,1.02,-0.27
0.14,1.02,-0.24
0.17,1.02,-0.22
0.19,1.02,-0.19
0.21,1.02,-0.16
0.22,1.02,-0.13
0.23,1.02,-0.09
0.23,1.02,-0.06
0.23,1.02,-0.03
0.24,1.01,0.0
0.23,1.01,0.03
0.22,1.01,0.06
0.21,1.01,0.09
0.2,1.01,0.11
0.18,1.01,0.14
0.16,1.01,0.16
0.15,1.01,0.2
0.13,1.01,0.23
0.1,1.01,0.24
0.06,1.01,0.23
0.03,1.01,0.23
-0.0,1.01,0.24
-0.03,1.01,0.24
-0.06,1.01,0.24
-0.1,1.01,0.23
-0.14,1.01,0.24
-0.19,1.01,0.25
-0.23,1.01,0.23
-0.26,1.01,0.2
-0.27,1.01,0.15
-0.27,1.01,0.11
-0.29,1.01,0.08
-0.3,1.01,0.04
-0.31,1.01,-0.0
-0.31,1.01,-0.04
-0.31,1.01,-0.08
-0.3,1.01,-0.13
-0.28,1.01,-0.16
-0.26,1.01,-0.2
-0.23,1.01,-0.23
-0.2,1.01,-0.26
-0.16,1.01,-0.28
-0.12,1.01,-0.3
-0.08,1.01,-0.31
-0.04,1.01,-0.31
0.0,1.01,-0.31
0.04,1.01,-0.3
0.08,1.01,-0.29
0.11,1.01,-0.27
0.14,1.01,-0.25
0.17,1.01,-0.22
0.19,1.01,-0.19
0.21,1.01,-0.16
0.23,1.01,-0.13
0.23,1.01,-0.1
0.24,1.01,-0.06
0.24,1.01,-0.03
0.26,0.99,0.0
0.26,0.99,0.03
0.29,0.99,0.08
0.31,0.99,0.13
0.2,0.99,0.12
0.18,0.99,0.14
0.16,0.99,0.16
0.15,0.99,0.2
0.13,0.99,0.23
0.1,0.99,0.24
0.06,0.99,0.24
0.03,0.99,0.24
-0.0,0.99,0.24
-0.03,0.99,0.24
-0.07,0.99,0.24
-0.1,0.99,0.24
-0.14,0.99,0.25
-0.19,0.99,0.25
-0.23,0.99,0.23
-0.26,0.99,0.2
-0.27,0.99,0.15
-0.27,0.99,0.11
-0.29,0.99,0.08
-0.31,0.99,0.04
-0.32,0.99,-0.0
-0.32,0.99,-0.04
-0.31,0.99,-0.09
-0.3,0.99,-0.13
-0.29,0.99,-0.17
-0.26,0.99,-0.2
-0.24,0.99,-0.24
-0.2,0.99,-0.27
-0.17,0.99,-0.29
-0.13,0.99,-0.31
-0.08,0.99,-0.32
-0.04,0.99,-0.32
0.0,0.99,-0.32
0.04,0.99,-0.31
0.08,0.99,-0.29
0.12,0.99,-0.28
0.15,0.99,-0.25
0.17,0.99,-0.22
0.2,0.99,-0.2
0.22,0.99,-0.16
0.23,0.99,-0.13
0.24,0.99,-0.1
0.24,0.99,-0.06
0.24,0.99,-0.03
0.28,0.98,-0.0
0.28,0.98,0.04
0.32,0.98,0.09
0.36,0.98,0.15
0.19,0.98,0.11
0.18,0.98,0.13
0.16,0.98,0.16
0.15,0.98,0.2
0.14,0.98,0.24
0.1,0.98,0.25
0.07,0.98,0.25
0.03,0.98,0.25
-0.0,0.98,0.25
-0.03,0.98,0.25
-0.07,0.98,0.26
-0.1,0.98,0.25
-0.15,0.98,0.25
-0.19,0.98,0.25
-0.23,0.98,0.23
-0.26,0.98,0.2
-0.26,0.98,0.15
-0.28,0.98,0.12
-0.3,0.98,0.08
-0.31,0.98,0.04
-0.32,0.98,-0.0
-0.32,0.98,-0.04
-0.31,0.98,-0.08
-0.3,0.98,-0.13
-0.28,0.98,-0.17
-0.26,0.98,-0.2
-0.23,0.98,-0.23
-0.2,0.98,-0.26
-0.16,0.98,-0.29
-0.12,0.98,-0.3
-0.08,0.98,-0.31
-0.04,0.98,-0.32
0.0,0.98,-0.32
0.04,0.98,-0.31
0.08,0.98,-0.3
0.12,0.98,-0.28
0.15,0.98,-0.26
0.18,0.98,-0.23
0.21,0.98,-0.2
0.23,0.98,-0.17
0.25,0.98,-0.14
0.26,0.98,-0.11
0.27,0.98,-0.07
0.27,0.98,-0.03
0.27,0.96,-0.0
0.26,0.96,0.03
0.25,0.96,0.07
0.24,0.96,0.1
0.23,0.96,0.13
0.21,0.96,0.16
0.19,0.96,0.19
0.17,0.96,0.23
0.13,0.96,0.23
0.1,0.96,0.24
0.07,0.96,0.25
0.03,0.96,0.26
-0.0,0.96,0.26
-0.04,0.96,0.27
-0.07,0.96,0.27
-0.11,0.96,0.26
-0.15,0.96,0.27
-0.19,0.96,0.25
-0.2,0.96,0.2
-0.23,0.96,0.17
-0.25,0.96,0.14
-0.26,0.96,0.11
-0.3,0.96,0.08
-0.31,0.96,0.04
-0.31,0.96,-0.0
-0.31,0.96,-0.04
-0.31,0.96,-0.08
-0.29,0.96,-0.12
-0.28,0.96,-0.16
-0.25,0.96,-0.2
-0.23,0.96,-0.23
-0.2,0.96,-0.26
-0.16,0.96,-0.28
-0.12,0.96,-0.29
-0.08,0.96,-0.3
-0.04,0.96,-0.3
0.0,0.96,-0.3
0.04,0.96,-0.28
0.07,0.96,-0.27
0.11,0.96,-0.26
0.13,0.96,-0.23
0.16,0.96,-0.21
0.18,0.96,-0.18
0.2,0.96,-0.15
0.21,0.96,-0.12
0.22,0.96,-0.09
0.24,0.96,-0.06
0.28,0.96,-0.04
0.31,0.94,0.0
0.31,0.94,0.04
0.21,0.94,0.06
0.21,0.94,0.09
0.19,0.94,0.11
0.18,0.94,0.14
0.16,0.94,0.16
0.14,0.94,0.19
0.12,0.94,0.21
0.09,0.94,0.23
0.07,0.94,0.24
0.03,0.94,0.26
-0.0,0.94,0.27
-0.04,0.94,0.28
-0.08,0.94,0.29
-0.12,0.94,0.3
-0.16,0.94,0.27
-0.19,0.94,0.25
-0.24,0.94,0.24
-0.27,0.94,0.2
-0.29,0.94,0.17
-0.32,0.94,0.13
-0.34,0.94,0.09
-0.36,0.94,0.05
-0.36,0.94,-0.0
-0.36,0.94,-0.05
-0.35,0.94,-0.09
-0.33,0.94,-0.14
-0.31,0.94,-0.18
-0.28,0.94,-0.21
-0.24,0.94,-0.24
-0.2,0.94,-0.27
-0.17,0.94,-0.29
-0.12,0.94,-0.29
-0.08,0.94,-0.3
-0.04,0.94,-0.3
0.0,0.94,-0.29
0.04,0.94,-0.27
0.07,0.94,-0.26
0.1,0.94,-0.24
0.13,0.94,-0.22
0.15,0.94,-0.19
0.17,0.94,-0.17
0.18,0.94,-0.14
0.19,0.94,-0.11
0.21,0.94,-0.09
0.25,0.94,-0.07
0.3,0.94,-0.04
0.35,0.93,-0.0
0.35,0.93,0.05
0.21,0.93,0.05
0.2,0.93,0.08
0.19,0.93,0.11
0.17,0.93,0.13
0.16,0.93,0.16
0.14,0.93,0.18
0.12,0.93,0.2
0.09,0.93,0.22
0.06,0.93,0.24
0.03,0.93,0.26
-0.0,0.93,0.27
-0.04,0.93,0.28
-0.08,0.93,0.28
-0.12,0.93,0.28
-0.16,0.93,0.27
-0.2,0.93,0.25
-0.23,0.93,0.23
-0.27,0.93,0.21
-0.3,0.93,0.17
-0.33,0.93,0.14
-0.35,0.93,0.09
-0.36,0.93,0.05
-0.38,0.93,-0.0
-0.36,0.93,-0.05
-0.35,0.93,-0.1
-0.34,0.93,-0.14
-0.31,0.93,-0.18
-0.28,0.93,-0.22
-0.25,0.93,-0.25
-0.21,0.93,-0.27
-0.17,0.93,-0.29
-0.12,0.93,-0.3
-0.08,0.93,-0.31
-0.04,0.93,-0.31
0.0,0.93,-0.3
0.04,0.93,-0.29
0.08,0.93,-0.28
0.11,0.93,-0.26
0.14,0.93,-0.24
0.16,0.93,-0.21
0.18,0.93,-0.18
0.22,0.93,-0.16
0.23,0.93,-0.13
0.24,0.93,-0.1
0.25,0.93,-0.07
0.28,0.93,-0.04
0.3,0.91,0.0
0.32,0.91,0.04
0.35,0.91,0.09
0.37,0.91,0.15
0.34,0.91,0.2
0.19,0.91,0.15
0.17,0.91,0.17
0.15,0.91,0.19
0.12,0.91,0.21
0.09,0.91,0.23
0.06,0.91,0.24
0.03,0.91,0.25
-0.0,0.91,0.26
-0.03,0.91,0.26
-0.07,0.91,0.25
-0.1,0.91,0.25
-0.14,0.91,0.24
-0.18,0.91,0.24
-0.23,0.91,0.22
-0.23,0.91,0.18
-0.26,0.91,0.15
-0.28,0.91,0.12
-0.3,0.91,0.08
-0.32,0.91,0.04
-0.33,0.91,-0.0
-0.33,0.91,-0.04
-0.32,0.91,-0.09
-0.31,0.91,-0.13
-0.29,0.91,-0.17
-0.27,0.91,-0.21
-0.24,0.91,-0.24
-0.21,0.91,-0.27
-0.17,0.91,-0.3
-0.13,0.91,-0.31
-0.09,0.91,-0.32
-0.04,0.91,-0.33
0.0,0.91,-0.33
0.04,0.91,-0.32
0.08,0.91,-0.3
0.12,0.91,-0.28
0.15,0.91,-0.26
0.18,0.91,-0.23
0.2,0.91,-0.2
0.22,0.91,-0.17
0.24,0.91,-0.14
0.25,0.91,-0.1
0.25,0.91,-0.07
0.26,0.91,-0.03
0.25,0.89,-0.0
0.24,0.89,0.03
0.24,0.89,0.06
0.35,0.89,0.15
0.21,0.89,0.12
0.19,0.89,0.14
0.17,0.89,0.17
0.14,0.89,0.19
0.12,0.89,0.21
0.09,0.89,0.22
0.06,0.89,0.23
0.03,0.89,0.24
-0.0,0.89,0.25
-0.03,0.89,0.25
-0.07,0.89,0.25
-0.1,0.89,0.24
-0.14,0.89,0.23
-0.17,0.89,0.22
-0.22,0.89,0.22
-0.23,0.89,0.18
-0.26,0.89,0.15
-0.28,0.89,0.12
-0.3,0.89,0.08
-0.32,0.89,0.04
-0.32,0.89,-0.0
-0.33,0.89,-0.04
-0.32,0.89,-0.09
-0.31,0.89,-0.13
-0.29,0.89,-0.17
-0.27,0.89,-0.21
-0.24,0.89,-0.24
-0.21,0.89,-0.27
-0.17,0.89,-0.3
-0.13,0.89,-0.31
-0.09,0.89,-0.32
-0.04,0.89,-0.33
0.0,0.89,-0.33
0.04,0.89,-0.32
0.08,0.89,-0.3
0.12,0.89,-0.28
0.15,0.89,-0.26
0.18,0.89,-0.23
0.2,0.89,-0.2
0.22,0.89,-0.17
0.24,0.89,-0.14
0.25,0.89,-0.1
0.25,0.89,-0.07
0.25,0.89,-0.03
0.25,0.88,0.0
0.24,0.88,0.03
0.23,0.88,0.06
0.22,0.88,0.09
0.21,0.88,0.12
0.19,0.88,0.14
0.17,0.88,0.17
0.14,0.88,0.19
0.12,0.88,0.21
0.09,0.88,0.22
0.06,0.88,0.23
0.03,0.88,0.24
-0.0,0.88,0.25
-0.03,0.88,0.25
-0.07,0.88,0.25
-0.1,0.88,0.24
-0.14,0.88,0.23
-0.17,0.88,0.22
-0.2,0.88,0.2
-0.23,0.88,0.18
-0.26,0.88,0.15
-0.28,0.88,0.12
-0.3,0.88,0.08
-0.31,0.88,0.04
-0.32,0.88,-0.0
-0.32,0.88,-0.04
-0.32,0.88,-0.09
-0.31,0.88,-0.13
-0.29,0.88,-0.17
-0.27,0.88,-0.21
-0.24,0.88,-0.24
-0.21,0.88,-0.27
-0.17,0.88,-0.29
-0.13,0.88,-0.31
-0.09,0.88,-0.32
-0.04,0.88,-0.33
0.0,0.88,-0.32
0.04,0.88,-0.31
0.08,0.88,-0.3
0.12,0.88,-0.28
0.15,0.88,-0.26
0.18,0.88,-0.23
0.2,0.88,-0.2
0.22,0.88,-0.17
0.23,0.88,-0.13
0.24,0.88,-0.1
0.25,0.88,-0.07
0.25,0.88,-0.03
0.25,0.86,0.0
0.24,0.86,0.03
0.23,0.86,0.06
0.22,0.86,0.09
0.2,0.86,0.12
0.18,0.86,0.14
0.16,0.86,0.16
0.14,0.86,0.18
0.12,0.86,0.2
0.09,0.86,0.22
0.06,0.86,0.23
0.03,0.86,0.24
-0.0,0.86,0.25
-0.03,0.86,0.25
-0.07,0.86,0.25
-0.1,0.86,0.24
-0.13,0.86,0.23
-0.17,0.86,0.22
-0.2,0.86,0.2
-0.23,0.86,0.17
-0.25,0.86,0.15
-0.28,0.86,0.11
-0.3,0.86,0.08
-0.31,0.86,0.04
-0.32,0.86,-0.0
-0.32,0.86,-0.04
-0.32,0.86,-0.09
-0.31,0.86,-0.13
-0.29,0.86,-0.17
-0.27,0.86,-0.21
-0.24,0.86,-0.24
-0.2,0.86,-0.27
-0.17,0.86,-0.29
-0.13,0.86,-0.31
-0.08,0.86,-0.32
-0.04,0.86,-0.32
0.0,0.86,-0.32
0.04,0.86,-0.31
0.08,0.86,-0.3
0.12,0.86,-0.28
0.15,0.86,-0.25
0.18,0.86,-0.23
0.2,0.86,-0.2
0.22,0.86,-0.17
0.23,0.86,-0.13
0.24,0.86,-0.1
0.25,0.86,-0.06
0.25,0.86,-0.03
0.24,0.84,-0.0
0.24,0.84,0.03
0.23,0.84,0.06
0.21,0.84,0.09
0.2,0.84,0.12
0.18,0.84,0.14
0.16,0.84,0.16
0.14,0.84,0.18
0.11,0.84,0.2
0.09,0.84,0.21
0.06,0.84,0.23
0.03,0.84,0.24
-0.0,0.84,0.24
-0.03,0.84,0.24
-0.07,0.84,0.24
-0.1,0.84,0.24
-0.13,0.84,0.23
-0.16,0.84,0.21
-0.2,0.84,0.19
-0.22,0.84,0.17
-0.25,0.84,0.14
-0.27,0.84,0.11
-0.29,0.84,0.08
-0.31,0.84,0.04
-0.32,0.84,-0.0
-0.32,0.84,-0.04
-0.31,0.84,-0.09
-0.3,0.84,-0.13
-0.29,0.84,-0.17
-0.26,0.84,-0.2
-0.24,0.84,-0.24
-0.2,0.84,-0.27
-0.17,0.84,-0.29
-0.13,0.84,-0.3
-0.08,0.84,-0.32
-0.04,0.84,-0.32
0.0,0.84,-0.32
0.04,0.84,-0.31
0.08,0.84,-0.29
0.11,0.84,-0.27
0.15,0.84,-0.25
0.17,0.84,-0.22
0.2,0.84,-0.19
0.21,0.84,-0.16
0.23,0.84,-0.13
0.24,0.84,-0.1
0.24,0.84,-0.06
0.24,0.84,-0.03
0.24,0.83,-0.0
0.23,0.83,0.03
0.22,0.83,0.06
0.21,0.83,0.09
0.19,0.83,0.11
0.18,0.83,0.14
0.16,0.83,0.16
0.14,0.83,0.18
0.11,0.83,0.19
0.09,0.83,0.21
0.06,0.83,0.22
0.03,0.83,0.23
-0.0,0.83,0.24
-0.03,0.83,0.24
-0.06,0.83,0.24
-0.1,0.83,0.23
-0.13,0.83,0.22
-0.16,0.83,0.21
-0.19,0.83,0.19
-0.22,0.83,0.17
-0.25,0.83,0.14
-0.27,0.83,0.11
-0.29,0.83,0.08
-0.3,0.83,0.04
-0.31,0.83,-0.0
-0.31,0.83,-0.04
-0.31,0.83,-0.08
-0.3,0.83,-0.12
-0.28,0.83,-0.16
-0.26,0.83,-0.2
-0.23,0.83,-0.23
-0.2,0.83,-0.26
-0.16,0.83,-0.28
-0.12,0.83,-0.3
-0.08,0.83,-0.31
-0.04,0.83,-0.31
0.0,0.83,-0.31
0.04,0.83,-0.3
0.08,0.83,-0.29
0.11,0.83,-0.27
0.15,0.83,-0.25
0.17,0.83,-0.23
0.2,0.83,-0.2
0.22,0.83,-0.16
0.23,0.83,-0.13
0.23,0.83,-0.1
0.24,0.83,-0.06
0.24,0.83,-0.03
0.23,0.81,0.0
0.22,0.81,0.03
0.22,0.81,0.06
0.2,0.81,0.08
0.19,0.81,0.11
0.17,0.81,0.13
0.15,0.81,0.15
0.13,0.81,0.17
0.11,0.81,0.19
0.08,0.81,0.2
0.06,0.81,0.22
0.03,0.81,0.22
-0.0,0.81,0.23
-0.03,0.81,0.23
-0.06,0.81,0.23
-0.09,0.81,0.23
-0.13,0.81,0.22
-0.16,0.81,0.2
-0.19,0.81,0.19
-0.22,0.81,0.16
-0.24,0.81,0.14
-0.26,0.81,0.11
-0.28,0.81,0.08
-0.3,0.81,0.04
-0.31,0.81,-0.0
-0.32,0.81,-0.04
-0.31,0.81,-0.08
-0.3,0.81,-0.13
-0.28,0.81,-0.16
-0.26,0.81,-0.2
-0.23,0.81,-0.23
-0.2,0.81,-0.26
-0.16,0.81,-0.28
-0.12,0.81,-0.29
-0.08,0.81,-0.3
-0.04,0.81,-0.31
0.0,0.81,-0.31
0.04,0.81,-0.3
0.08,0.81,-0.29
0.11,0.81,-0.27
0.15,0.81,-0.25
0.18,0.81,-0.23
0.2,0.81,-0.2
0.22,0.81,-0.17
0.23,0.81,-0.13
0.24,0.81,-0.1
0.24,0.81,-0.06
0.23,0.81,-0.03
0.22,0.79,-0.0
0.22,0.79,0.03
0.21,0.79,0.06
0.2,0.79,0.08
0.18,0.79,0.11
0.17,0.79,0.13
0.15,0.79,0.15
0.13,0.79,0.17
0.11,0.79,0.18
0.08,0.79,0.2
0.06,0.79,0.21
0.03,0.79,0.22
-0.0,0.79,0.22
-0.03,0.79,0.23
-0.06,0.79,0.22
-0.09,0.79,0.22
-0.12,0.79,0.21
-0.15,0.79,0.2
-0.18,0.79,0.18
-0.21,0.79,0.16
-0.24,0.79,0.14
-0.26,0.79,0.11
-0.28,0.79,0.08
-0.3,0.79,0.04
-0.31,0.79,-0.0
-0.32,0.79,-0.04
-0.31,0.79,-0.08
-0.3,0.79,-0.13
-0.28,0.79,-0.16
-0.25,0.79,-0.2
-0.22,0.79,-0.22
-0.19,0.79,-0.25
-0.16,0.79,-0.27
-0.12,0.79,-0.29
-0.08,0.79,-0.3
-0.04,0.79,-0.3
0.0,0.79,-0.3
0.04,0.79,-0.3
0.08,0.79,-0.29
0.11,0.79,-0.27
0.15,0.79,-0.25
0.18,0.79,-0.23
0.2,0.79,-0.2
0.22,0.79,-0.17
0.23,0.79,-0.13
0.24,0.79,-0.1
0.24,0.79,-0.06
0.24,0.79,-0.03
0.25,0.78,-0.0
0.23,0.78,0.03
0.2,0.78,0.05
0.19,0.78,0.08
0.18,0.78,0.1
0.16,0.78,0.12
0.14,0.78,0.14
0.12,0.78,0.16
0.1,0.78,0.18
0.08,0.78,0.19
0.05,0.78,0.2
0.03,0.78,0.21
-0.0,0.78,0.21
-0.03,0.78,0.22
-0.06,0.78,0.22
-0.09,0.78,0.21
-0.12,0.78,0.2
-0.15,0.78,0.19
-0.18,0.78,0.18
-0.21,0.78,0.16
-0.25,0.78,0.14
-0.28,0.78,0.12
-0.3,0.78,0.08
-0.31,0.78,0.04
-0.31,0.78,-0.0
-0.32,0.78,-0.04
-0.31,0.78,-0.08
-0.3,0.78,-0.13
-0.28,0.78,-0.16
-0.25,0.78,-0.2
-0.22,0.78,-0.22
-0.19,0.78,-0.24
-0.15,0.78,-0.27
-0.11,0.78,-0.28
-0.08,0.78,-0.29
-0.04,0.78,-0.29
0.0,0.78,-0.3
0.04,0.78,-0.3
0.08,0.78,-0.29
0.11,0.78,-0.27
0.15,0.78,-0.25
0.18,0.78,-0.23
0.2,0.78,-0.2
0.22,0.78,-0.17
0.23,0.78,-0.13
0.25,0.78,-0.1
0.26,0.78,-0.07
0.26,0.78,-0.03
0.27,0.76,-0.0
0.25,0.76,0.03
0.22,0.76,0.06
0.18,0.76,0.08
0.17,0.76,0.1
0.15,0.76,0.12
0.14,0.76,0.14
0.12,0.76,0.15
0.1,0.76,0.17
0.07,0.76,0.18
0.05,0.76,0.19
0.03,0.76,0.2
-0.0,0.76,0.2
-0.03,0.76,0.21
-0.06,0.76,0.21
-0.08,0.76,0.2
-0.11,0.76,0.19
-0.14,0.76,0.18
-0.18,0.76,0.18
-0.23,0.76,0.17
-0.27,0.76,0.15
-0.3,0.76,0.12
-0.31,0.76,0.08
-0.32,0.76,0.04
-0.31,0.76,-0.0
-0.31,0.76,-0.04
-0.31,0.76,-0.08
-0.3,0.76,-0.12
-0.28,0.76,-0.16
-0.25,0.76,-0.2
-0.22,0.76,-0.22
-0.18,0.76,-0.24
-0.15,0.76,-0.26
-0.11,0.76,-0.27
-0.07,0.76,-0.28
-0.04,0.76,-0.29
0.0,0.76,-0.29
0.04,0.76,-0.29
0.08,0.76,-0.29
0.11,0.76,-0.27
0.15,0.76,-0.25
0.18,0.76,-0.23
0.2,0.76,-0.2
0.22,0.76,-0.17
0.24,0.76,-0.14
0.26,0.76,-0.11
0.27,0.76,-0.07
0.28,0.76,-0.04
0.29,0.74,-0.0
0.27,0.74,0.04
0.24,0.74,0.06
0.2,0.74,0.08
0.16,0.74,0.09
0.14,0.74,0.11
0.13,0.74,0.13
0.11,0.74,0.14
0.09,0.74,0.16
0.07,0.74,0.17
0.05,0.74,0.18
0.02,0.74,0.19
-0.0,0.74,0.19
-0.03,0.74,0.19
-0.05,0.74,0.19
-0.08,0.74,0.19
-0.11,0.74,0.18
-0.14,0.74,0.18
-0.19,0.74,0.19
-0.24,0.74,0.19
-0.29,0.74,0.16
-0.31,0.74,0.13
-0.33,0.74,0.09
-0.33,0.74,0.04
-0.32,0.74,-0.0
-0.31,0.74,-0.04
-0.31,0.74,-0.08
-0.3,0.74,-0.12
-0.28,0.74,-0.16
-0.25,0.74,-0.19
-0.22,0.74,-0.22
-0.18,0.74,-0.24
-0.14,0.74,-0.25
-0.11,0.74,-0.26
-0.07,0.74,-0.27
-0.04,0.74,-0.28
0.0,0.74,-0.29
0.04,0.74,-0.29
0.08,0.74,-0.28
0.11,0.74,-0.27
0.15,0.74,-0.25
0.17,0.74,-0.22
0.2,0.74,-0.2
0.22,0.74,-0.17
0.25,0.74,-0.14
0.27,0.74,-0.11
0.29,0.74,-0.08
0.3,0.74,-0.04
0.31,0.73,-0.0
0.29,0.73,0.04
0.26,0.73,0.07
0.22,0.73,0.09
0.18,0.73,0.1
0.14,0.73,0.11
0.12,0.73,0.12
0.1,0.73,0.13
0.08,0.73,0.15
0.06,0.73,0.16
0.04,0.73,0.17
0.02,0.73,0.17
-0.0,0.73,0.18
-0.02,0.73,0.18
-0.05,0.73,0.18
-0.07,0.73,0.18
-0.1,0.73,0.17
-0.15,0.73,0.2
-0.21,0.73,0.21
-0.26,0.73,0.2
-0.3,0.73,0.17
-0.33,0.73,0.14
-0.34,0.73,0.09
-0.34,0.73,0.04
-0.33,0.73,-0.0
-0.32,0.73,-0.04
-0.3,0.73,-0.08
-0.29,0.73,-0.12
-0.27,0.73,-0.16
-0.25,0.73,-0.19
-0.22,0.73,-0.22
-0.18,0.73,-0.24
-0.14,0.73,-0.25
-0.11,0.73,-0.26
-0.07,0.73,-0.27
-0.04,0.73,-0.28
0.0,0.73,-0.29
0.04,0.73,-0.29
0.08,0.73,-0.28
0.11,0.73,-0.27
0.14,0.73,-0.25
0.17,0.73,-0.22
0.2,0.73,-0.2
0.23,0.73,-0.17
0.26,0.73,-0.15
0.28,0.73,-0.12
0.3,0.73,-0.08
0.31,0.73,-0.04
0.33,0.71,-0.0
0.31,0.71,0.04
0.28,0.71,0.07
0.23,0.71,0.1
0.19,0.71,0.11
0.15,0.71,0.11
0.11,0.71,0.11
0.09,0.71,0.12
0.08,0.71,0.13
0.06,0.71,0.14
0.04,0.71,0.15
0.02,0.71,0.16
-0.0,0.71,0.16
-0.02,0.71,0.17
-0.04,0.71,0.17
-0.07,0.71,0.16
-0.11,0.71,0.18
-0.16,0.71,0.21
-0.22,0.71,0.22
-0.28,0.71,0.21
-0.32,0.71,0.18
-0.34,0.71,0.14
-0.35,0.71,0.09
-0.35,0.71,0.05
-0.34,0.71,-0.0
-0.32,0.71,-0.04
-0.3,0.71,-0.08
-0.29,0.71,-0.12
-0.27,0.71,-0.16
-0.24,0.71,-0.19
-0.21,0.71,-0.21
-0.18,0.71,-0.23
-0.14,0.71,-0.24
-0.1,0.71,-0.25
-0.07,0.71,-0.26
-0.04,0.71,-0.28
0.0,0.71,-0.28
0.04,0.71,-0.28
0.07,0.71,-0.27
0.11,0.71,-0.26
0.14,0.71,-0.24
0.17,0.71,-0.22
0.2,0.71,-0.2
0.23,0.71,-0.18
0.27,0.71,-0.15
0.3,0.71,-0.12
0.32,0.71,-0.08
0.33,0.71,-0.04
0.35,0.69,-0.0
0.33,0.69,0.04
0.3,0.69,0.08
0.25,0.69,0.1
0.2,0.69,0.12
0.15,0.69,0.12
0.11,0.69,0.11
0.08,0.69,0.11
0.07,0.69,0.12
0.05,0.69,0.13
0.04,0.69,0.13
0.02,0.69,0.14
-0.0,0.69,0.14
-0.02,0.69,0.15
-0.04,0.69,0.15
-0.07,0.69,0.16
-0.11,0.69,0.2
-0.17,0.69,0.22
-0.24,0.69,0.24
-0.29,0.69,0.22
-0.34,0.69,0.19
-0.36,0.69,0.15
-0.37,0.69,0.1
-0.36,0.69,0.05
-0.35,0.69,-0.0
-0.33,0.69,-0.04
-0.3,0.69,-0.08
-0.28,0.69,-0.12
-0.26,0.69,-0.15
-0.24,0.69,-0.18
-0.21,0.69,-0.21
-0.17,0.69,-0.23
-0.14,0.69,-0.24
-0.1,0.69,-0.25
-0.07,0.69,-0.26
-0.03,0.69,-0.27
0.0,0.69,-0.27
0.04,0.69,-0.27
0.07,0.69,-0.27
0.11,0.69,-0.25
0.14,0.69,-0.24
0.17,0.69,-0.22
0.2,0.69,-0.2
0.24,0.69,-0.18
0.27,0.69,-0.16
0.31,0.69,-0.12
0.33,0.69,-0.09
0.35,0.69,-0.04
0.37,0.68,-0.0
0.36,0.68,0.05
0.32,0.68,0.09
0.27,0.68,0.11
0.21,0.68,0.12
0.16,0.68,0.12
0.12,0.68,0.12
0.09,0.68,0.11
0.06,0.68,0.11
0.05,0.68,0.11
0.03,0.68,0.12
0.02,0.68,0.12
-0.0,0.68,0.12
-0.02,0.68,0.13
-0.04,0.68,0.14
-0.07,0.68,0.17
-0.12,0.68,0.21
-0.18,0.68,0.24
-0.25,0.68,0.25
-0.31,0.68,0.24
-0.35,0.68,0.2
-0.37,0.68,0.15
-0.38,0.68,0.1
-0.37,0.68,0.05
-0.35,0.68,-0.0
-0.33,0.68,-0.04
-0.3,0.68,-0.08
-0.27,0.68,-0.11
-0.25,0.68,-0.15
-0.23,0.68,-0.18
-0.2,0.68,-0.2
-0.17,0.68,-0.22
-0.13,0.68,-0.23
-0.1,0.68,-0.24
-0.07,0.68,-0.25
-0.03,0.68,-0.26
0.0,0.68,-0.27
0.04,0.68,-0.27
0.07,0.68,-0.26
0.1,0.68,-0.25
0.13,0.68,-0.23
0.17,0.68,-0.22
0.21,0.68,-0.2
0.24,0.68,-0.18
0.28,0.68,-0.16
0.32,0.68,-0.13
0.35,0.68,-0.09
0.37,0.68,-0.05
0.39,0.66,-0.0
0.38,0.66,0.05
0.34,0.66,0.09
0.28,0.66,0.12
0.22,0.66,0.13
0.17,0.66,0.13
0.12,0.66,0.12
0.09,0.66,0.11
0.06,0.66,0.1
0.04,0.66,0.1
0.03,0.66,0.11
0.01,0.66,0.11
-0.0,0.66,0.11
-0.02,0.66,0.12
-0.03,0.66,0.13
-0.07,0.66,0.17
-0.13,0.66,0.22
-0.19,0.66,0.25
-0.27,0.66,0.26
-0.33,0.66,0.25
-0.37,0.66,0.21
-0.39,0.66,0.16
-0.39,0.66,0.1
-0.38,0.66,0.05
-0.36,0.66,-0.0
-0.33,0.66,-0.04
-0.3,0.66,-0.08
-0.27,0.66,-0.11
-0.25,0.66,-0.14
-0.22,0.66,-0.17
-0.19,0.66,-0.19
-0.16,0.66,-0.21
-0.12,0.66,-0.22
-0.09,0.66,-0.23
-0.06,0.66,-0.24
-0.03,0.66,-0.25
0.0,0.66,-0.25
0.03,0.66,-0.25
0.07,0.66,-0.25
0.1,0.66,-0.23
0.13,0.66,-0.22
0.17,0.66,-0.22
0.21,0.66,-0.21
0.25,0.66,-0.19
0.29,0.66,-0.17
0.33,0.66,-0.14
0.37,0.66,-0.1
0.39,0.66,-0.05
0.42,0.64,-0.0
0.42,0.64,0.05
0.38,0.64,0.1
0.31,0.64,0.13
0.24,0.64,0.14
0.17,0.64,0.13
0.12,0.64,0.12
0.08,0.64,0.1
0.05,0.64,0.08
0.03,0.64,0.08
0.02,0.64,0.08
0.01,0.64,0.08
-0.0,0.64,0.09
-0.02,0.64,0.12
-0.04,0.64,0.16
-0.08,0.64,0.2
-0.14,0.64,0.24
-0.2,0.64,0.26
-0.27,0.64,0.27
-0.33,0.64,0.25
-0.37,0.64,0.21
-0.39,0.64,0.16
-0.39,0.64,0.1
-0.37,0.64,0.05
-0.35,0.64,-0.0
-0.32,0.64,-0.04
-0.29,0.64,-0.08
-0.25,0.64,-0.1
-0.21,0.64,-0.12
-0.18,0.64,-0.14
-0.15,0.64,-0.15
-0.13,0.64,-0.17
-0.1,0.64,-0.18
-0.08,0.64,-0.19
-0.05,0.64,-0.19
-0.03,0.64,-0.2
0.0,0.64,-0.21
0.03,0.64,-0.21
0.06,0.64,-0.21
0.09,0.64,-0.21
0.12,0.64,-0.21
0.16,0.64,-0.21
0.21,0.64,-0.2
0.25,0.64,-0.19
0.3,0.64,-0.17
0.34,0.64,-0.14
0.37,0.64,-0.1
0.4,0.64,-0.05
0.43,0.63,-0.0
0.42,0.63,0.05
0.38,0.63,0.1
0.33,0.63,0.13
0.26,0.63,0.15
0.19,0.63,0.15
0.14,0.63,0.14
0.1,0.63,0.13
0.07,0.63,0.13
0.05,0.63,0.12
0.03,0.63,0.11
0.01,0.63,0.1
-0.0,0.63,0.11
-0.01,0.63,0.11
-0.03,0.63,0.11
-0.07,0.63,0.18
-0.14,0.63,0.25
-0.23,0.63,0.3
-0.31,0.63,0.31
-0.38,0.63,0.29
-0.42,0.63,0.24
-0.43,0.63,0.18
-0.42,0.63,0.11
-0.4,0.63,0.05
-0.37,0.63,-0.0
-0.34,0.63,-0.05
-0.3,0.63,-0.08
-0.26,0.63,-0.11
-0.23,0.63,-0.14
-0.2,0.63,-0.16
-0.17,0.63,-0.17
-0.14,0.63,-0.18
-0.11,0.63,-0.19
-0.08,0.63,-0.2
-0.05,0.63,-0.21
-0.03,0.63,-0.21
0.0,0.63,-0.21
0.03,0.63,-0.2
0.06,0.63,-0.21
0.09,0.63,-0.21
0.12,0.63,-0.2
0.15,0.63,-0.2
0.19,0.63,-0.19
0.23,0.63,-0.17
0.27,0.63,-0.15
0.31,0.63,-0.13
0.34,0.63,-0.09
0.36,0.63,-0.05
0.39,0.61,0.0
0.38,0.61,0.05
0.34,0.61,0.09
0.29,0.61,0.12
0.24,0.61,0.14
0.19,0.61,0.14
0.14,0.61,0.14
0.11,0.61,0.14
0.08,0.61,0.13
0.05,0.61,0.12
0.03,0.61,0.12
0.01,0.61,0.11
-0.0,0.61,0.1
-0.01,0.61,0.1
-0.03,0.61,0.11
-0.05,0.61,0.11
-0.14,0.61,0.25
-0.24,0.61,0.32
-0.33,0.61,0.33
-0.4,0.61,0.31
-0.44,0.61,0.25
-0.45,0.61,0.18
-0.44,0.61,0.12
-0.41,0.61,0.05
-0.38,0.61,-0.0
-0.34,0.61,-0.05
-0.3,0.61,-0.08
-0.26,0.61,-0.11
-0.23,0.61,-0.13
-0.2,0.61,-0.15
-0.16,0.61,-0.16
-0.13,0.61,-0.17
-0.1,0.61,-0.18
-0.08,0.61,-0.19
-0.05,0.61,-0.2
-0.03,0.61,-0.2
0.0,0.61,-0.2
0.03,0.61,-0.2
0.06,0.61,-0.2
0.09,0.61,-0.21
0.12,0.61,-0.21
0.16,0.61,-0.2
0.19,0.61,-0.19
0.23,0.61,-0.18
0.28,0.61,-0.16
0.32,0.61,-0.13
0.36,0.61,-0.09
0.38,0.61,-0.05
0.41,0.6,0.0
0.42,0.6,0.06
0.39,0.6,0.1
0.34,0.6,0.14
0.27,0.6,0.16
0.2,0.6,0.16
0.15,0.6,0.15
0.1,0.6,0.13
0.07,0.6,0.12
0.05,0.6,0.11
0.02,0.6,0.07
0.01,0.6,0.06
-0.0,0.6,0.05
-0.01,0.6,0.06
-0.02,0.6,0.06
-0.08,0.6,0.2
-0.16,0.6,0.27
-0.25,0.6,0.32
-0.32,0.6,0.32
-0.38,0.6,0.29
-0.42,0.6,0.24
-0.43,0.6,0.18
-0.42,0.6,0.11
-0.4,0.6,0.05
-0.36,0.6,-0.0
-0.32,0.6,-0.04
-0.28,0.6,-0.08
-0.24,0.6,-0.1
-0.2,0.6,-0.12
-0.16,0.6,-0.13
-0.13,0.6,-0.13
-0.11,0.6,-0.14
-0.08,0.6,-0.14
-0.06,0.6,-0.15
-0.04,0.6,-0.16
-0.02,0.6,-0.17
0.0,0.6,-0.17
0.03,0.6,-0.18
0.05,0.6,-0.2
0.09,0.6,-0.2
0.12,0.6,-0.21
0.16,0.6,-0.21
0.2,0.6,-0.2
0.25,0.6,-0.19
0.3,0.6,-0.17
0.35,0.6,-0.14
0.4,0.6,-0.11
0.44,0.6,-0.06
0.46,0.58,-0.0
0.45,0.58,0.06
0.42,0.58,0.11
0.36,0.58,0.15
0.28,0.58,0.16
0.19,0.58,0.15
0.12,0.58,0.12
0.07,0.58,0.09
0.04,0.58,0.06
0.02,0.58,0.05
0.01,0.58,0.04
0.0,0.58,0.03
-0.0,0.58,0.02
-0.0,0.58,0.02
-0.0,0.58,0.02
-0.06,0.58,0.14
-0.15,0.58,0.26
-0.25,0.58,0.32
-0.33,0.58,0.32
-0.39,0.58,0.3
-0.43,0.58,0.25
-0.45,0.58,0.18
-0.44,0.58,0.12
-0.41,0.58,0.05
-0.37,0.58,-0.0
-0.33,0.58,-0.04
-0.28,0.58,-0.08
-0.24,0.58,-0.1
-0.19,0.58,-0.11
-0.15,0.58,-0.12
-0.11,0.58,-0.11
-0.08,0.58,-0.11
-0.06,0.58,-0.11
-0.05,0.58,-0.12
-0.03,0.58,-0.12
-0.02,0.58,-0.13
0.0,0.58,-0.15
0.02,0.58,-0.17
0.05,0.58,-0.18
0.08,0.58,-0.19
0.12,0.58,-0.2
0.16,0.58,-0.2
0.2,0.58,-0.2
0.25,0.58,-0.19
0.3,0.58,-0.17
0.36,0.58,-0.15
0.41,0.58,-0.11
0.45,0.58,-0.06
0.47,0.56,-0.0
0.46,0.56,0.06
0.42,0.56,0.11
0.37,0.56,0.15
0.29,0.56,0.17
0.19,0.56,0.15
0.11,0.56,0.11
0.05,0.56,0.07
-2.5,0.56,-4.33
-1.91,0.56,-4.62
-0.0,0.56,-0.01
-0.0,0.56,-0.0
0.0,0.56,-0.0
0.0,0.56,-0.0
0.0,0.56,-0.0
0.0,0.56,-0.0
-0.16,0.56,0.27
-0.25,0.56,0.33
-0.33,0.56,0.33
-0.4,0.56,0.31
-0.44,0.56,0.25
-0.46,0.56,0.19
-0.45,0.56,0.12
-0.41,0.56,0.05
-0.37,0.56,-0.0
-0.32,0.56,-0.04
-0.27,0.56,-0.07
-0.22,0.56,-0.09
-0.17,0.56,-0.1
-0.12,0.56,-0.09
0.0,0.56,0.0
0.0,0.56,0.0
2.49,0.56,4.34
1.9,0.56,4.63
-0.01,0.56,-0.05
-0.01,0.56,-0.09
0.0,0.56,-0.12
0.02,0.56,-0.14
0.04,0.56,-0.16
0.07,0.56,-0.18
0.11,0.56,-0.19
0.15,0.56,-0.2
0.2,0.56,-0.2
0.25,0.56,-0.19
0.3,0.56,-0.17
0.36,0.56,-0.15
0.42,0.56,-0.11
0.46,0.56,-0.06
0.49,0.55,-0.0
0.47,0.55,0.06
0.43,0.55,0.12
0.37,0.55,0.16
0.3,0.55,0.17
0.19,0.55,0.15
0.09,0.55,0.09
-3.04,0.55,-3.97
-2.5,0.55,-4.33
-1.91,0.55,-4.62
-1.29,0.55,-4.83
-0.65,0.55,-4.96
0.01,0.55,-5.0
0.01,0.55,-0.04
0.01,0.55,-0.03
0.01,0.55,-0.02
-0.16,0.55,0.28
-0.26,0.55,0.33
-0.34,0.55,0.34
-0.41,0.55,0.31
-0.45,0.55,0.26
-0.47,0.55,0.19
-0.45,0.55,0.12
-0.41,0.55,0.05
-0.37,0.55,-0.0
-0.32,0.55,-0.04
-0.26,0.55,-0.07
-0.21,0.55,-0.09
-0.14,0.55,-0.08
0.03,0.55,0.02
0.05,0.55,0.05
3.03,0.55,3.98
2.49,0.55,4.34
1.9,0.55,4.63
1.28,0.55,4.83
0.64,0.55,4.96
-0.02,0.55,5.0
0.01,0.55,-0.1
0.04,0.55,-0.13
0.07,0.55,-0.16
0.1,0.55,-0.18
0.14,0.55,-0.19
0.19,0.55,-0.19
0.25,0.55,-0.19
0.3,0.55,-0.17
0.37,0.55,-0.15
0.43,0.55,-0.11
0.47,0.55,-0.06
0.5,0.53,-0.0
0.48,0.53,0.06
0.44,0.53,0.12
0.38,0.53,0.16
0.3,0.53,0.17
0.18,0.53,0.14
-3.53,0.53,-3.54
-3.04,0.53,-3.97
-2.5,0.53,-4.33
-1.91,0.53,-4.62
-1.29,0.53,-4.83
-0.65,0.53,-4.96
0.01,0.53,-5.0
0.66,0.53,-4.96
1.3,0.53,-4.83
0.02,0.53,-0.06
-0.16,0.53,0.28
-0.26,0.53,0.34
-0.35,0.53,0.35
-0.41,0.53,0.32
-0.46,0.53,0.26
-0.47,0.53,0.2
-0.46,0.53,0.12
-0.42,0.53,0.05
-0.36,0.53,-0.0
-0.31,0.53,-0.04
-0.24,0.53,-0.07
-0.17,0.53,-0.07
0.05,0.53,0.03
0.06,0.53,0.05
3.52,0.53,3.55
3.03,0.53,3.98
2.49,0.53,4.34
1.9,0.53,4.63
1.28,0.53,4.83
0.64,0.53,4.96
-0.02,0.53,5.0
-0.67,0.53,4.95
-1.31,0.53,4.82
0.05,0.53,-0.13
0.09,0.53,-0.15
0.13,0.53,-0.17
0.18,0.53,-0.18
0.24,0.53,-0.18
0.3,0.53,-0.17
0.38,0.53,-0.15
0.45,0.53,-0.12
0.48,0.53,-0.06
0.51,0.51,-0.0
0.49,0.51,0.06
0.44,0.51,0.12
0.38,0.51,0.16
0.3,0.51,0.17
0.17,0.51,0.13
-3.53,0.51,-3.54
-3.04,0.51,-3.97
-2.5,0.51,-4.33
-1.91,0.51,-4.62
-1.29,0.51,-4.83
-0.65,0.51,-4.96
0.01,0.51,-5.0
0.66,0.51,-4.96
1.3,0.51,-4.83
1.92,0.51,-4.62
-0.16,0.51,0.28
-0.27,0.51,0.35
-0.35,0.51,0.35
-0.42,0.51,0.32
-0.46,0.51,0.26
-0.48,0.51,0.2
-0.47,0.51,0.12
-0.43,0.51,0.06
-0.36,0.51,-0.0
-0.29,0.51,-0.04
-0.21,0.51,-0.06
0.06,0.51,0.03
0.07,0.51,0.04
0.1,0.51,0.08
3.52,0.51,3.55
3.03,0.51,3.98
2.49,0.51,4.34
1.9,0.51,4.63
1.28,0.51,4.83
0.64,0.51,4.96
-0.02,0.51,5.0
-0.67,0.51,4.95
-1.31,0.51,4.82
-1.93,0.51,4.61
0.06,0.51,-0.11
0.12,0.51,-0.15
0.17,0.51,-0.17
0.23,0.51,-0.18
0.3,0.51,-0.17
0.39,0.51,-0.16
0.46,0.51,-0.12
0.5,0.51,-0.06
0.52,0.5,-0.0
0.49,0.5,0.07
0.45,0.5,0.12
0.38,0.5,0.16
0.3,0.5,0.17
-3.97,0.5,-3.05
-3.53,0.5,-3.54
-3.04,0.5,-3.97
-2.5,0.5,-4.33
-1.91,0.5,-4.62
-1.29,0.5,-4.83
-0.65,0.5,-4.96
0.01,0.5,-5.0
0.66,0.5,-4.96
1.3,0.5,-4.83
1.92,0.5,-4.62
-0.16,0.5,0.28
-0.27,0.5,0.35
-0.35,0.5,0.35
-0.42,0.5,0.32
-0.46,0.5,0.27
-0.48,0.5,0.2
-0.48,0.5,0.13
-0.44,0.5,0.06
-0.35,0.5,-0.0
-0.27,0.5,-0.04
0.08,0.5,0.02
0.08,0.5,0.03
0.1,0.5,0.06
3.96,0.5,3.06
3.52,0.5,3.55
3.03,0.5,3.98
2.49,0.5,4.34
1.9,0.5,4.63
1.28,0.5,4.83
0.64,0.5,4.96
-0.02,0.5,5.0
-0.67,0.5,4.95
-1.31,0.5,4.82
-1.93,0.5,4.61
-0.11,0.5,0.19
-0.09,0.5,0.12
0.16,0.5,-0.16
0.22,0.5,-0.17
0.3,0.5,-0.17
0.4,0.5,-0.16
0.47,0.5,-0.12
0.51,0.5,-0.06
0.53,0.48,-0.0
0.5,0.48,0.07
0.45,0.48,0.12
0.38,0.48,0.16
0.3,0.48,0.17
-3.97,0.48,-3.05
-3.53,0.48,-3.54
-3.04,0.48,-3.97
-2.5,0.48,-4.33
-1.91,0.48,-4.62
-1.29,0.48,-4.83
-0.65,0.48,-4.96
0.01,0.48,-5.0
0.66,0.48,-4.96
1.3,0.48,-4.83
1.92,0.48,-4.62
-0.16,0.48,0.27
-0.27,0.48,0.35
-0.35,0.48,0.35
-0.42,0.48,0.32
-0.46,0.48,0.27
-0.48,0.48,0.2
-0.48,0.48,0.13
-0.46,0.48,0.06
-0.38,0.48,-0.0
-0.22,0.48,-0.03
0.09,0.48,0.03
0.1,0.48,0.04
0.12,0.48,0.07
3.96,0.48,3.06
3.52,0.48,3.55
3.03,0.48,3.98
2.49,0.48,4.34
1.9,0.48,4.63
1.28,0.48,4.83
0.64,0.48,4.96
-0.02,0.48,5.0
-0.67,0.48,4.95
-1.31,0.48,4.82
-1.93,0.48,4.61
-0.13,0.48,0.22
-0.1,0.48,0.13
-0.1,0.48,0.1
0.21,0.48,-0.16
0.29,0.48,-0.17
0.4,0.48,-0.17
0.48,0.48,-0.13
0.52,0.48,-0.07
0.54,0.46,-0.0
0.51,0.46,0.07
0.46,0.46,0.12
0.39,0.46,0.16
0.29,0.46,0.17
-3.97,0.46,-3.05
-3.53,0.46,-3.54
-3.04,0.46,-3.97
-2.5,0.46,-4.33
-1.91,0.46,-4.62
-1.29,0.46,-4.83
-0.65,0.46,-4.96
0.01,0.46,-5.0
0.66,0.46,-4.96
1.3,0.46,-4.83
1.92,0.46,-4.62
2.51,0.46,-4.33
-0.27,0.46,0.35
-0.35,0.46,0.35
-0.42,0.46,0.32
-0.46,0.46,0.27
-0.49,0.46,0.2
-0.49,0.46,0.13
-0.47,0.46,0.06
-0.41,0.46,-0.0
0.11,0.46,0.01
0.11,0.46,0.03
0.12,0.46,0.05
0.15,0.46,0.09
3.96,0.46,3.06
3.52,0.46,3.55
3.03,0.46,3.98
2.49,0.46,4.34
1.9,0.46,4.63
1.28,0.46,4.83
0.64,0.46,4.96
-0.02,0.46,5.0
-0.67,0.46,4.95
-1.31,0.46,4.82
-1.93,0.46,4.61
-2.52,0.46,4.32
-0.12,0.46,0.15
-0.11,0.46,0.11
0.18,0.46,-0.14
0.29,0.46,-0.17
0.41,0.46,-0.17
0.49,0.46,-0.13
0.53,0.46,-0.07
0.55,0.45,-0.0
0.52,0.45,0.07
0.46,0.45,0.12
0.39,0.45,0.16
0.28,0.45,0.16
-3.97,0.45,-3.05
-3.53,0.45,-3.54
-3.04,0.45,-3.97
-2.5,0.45,-4.33
-1.91,0.45,-4.62
-1.29,0.45,-4.83
-0.65,0.45,-4.96
0.01,0.45,-5.0
0.66,0.45,-4.96
1.3,0.45,-4.83
1.92,0.45,-4.62
2.51,0.45,-4.33
-0.27,0.45,0.35
-0.35,0.45,0.35
-0.42,0.45,0.32
-0.46,0.45,0.27
-0.49,0.45,0.2
-0.49,0.45,0.13
-0.48,0.45,0.06
-0.43,0.45,-0.0
0.12,0.45,0.02
0.13,0.45,0.04
0.14,0.45,0.06
0.18,0.45,0.1
3.96,0.45,3.06
3.52,0.45,3.55
3.03,0.45,3.98
2.49,0.45,4.34
1.9,0.45,4.63
1.28,0.45,4.83
0.64,0.45,4.96
-0.02,0.45,5.0
-0.67,0.45,4.95
-1.31,0.45,4.82
-1.93,0.45,4.61
-2.52,0.45,4.32
-0.13,0.45,0.17
-0.13,0.45,0.13
-0.13,0.45,0.1
0.29,0.45,-0.17
0.42,0.45,-0.17
0.5,0.45,-0.13
0.54,0.45,-0.07
0.56,0.43,-0.0
0.52,0.43,0.07
0.47,0.43,0.13
0.38,0.43,0.16
0.25,0.43,0.14
-3.97,0.43,-3.05
-3.53,0.43,-3.54
-3.04,0.43,-3.97
-2.5,0.43,-4.33
-1.91,0.43,-4.62
-1.29,0.43,-4.83
-0.65,0.43,-4.96
0.01,0.43,-5.0
0.66,0.43,-4.96
1.3,0.43,-4.83
1.92,0.43,-4.62
2.51,0.43,-4.33
-0.27,0.43,0.35
-0.35,0.43,0.35
-0.42,0.43,0.32
-0.46,0.43,0.26
-0.49,0.43,0.2
-0.5,0.43,0.13
-0.48,0.43,0.06
-0.44,0.43,-0.0
0.14,0.43,0.02
0.15,0.43,0.04
0.16,0.43,0.07
0.21,0.43,0.12
3.96,0.43,3.06
3.52,0.43,3.55
3.03,0.43,3.98
2.49,0.43,4.34
1.9,0.43,4.63
1.28,0.43,4.83
0.64,0.43,4.96
-0.02,0.43,5.0
-0.67,0.43,4.95
-1.31,0.43,4.82
-1.93,0.43,4.61
-2.52,0.43,4.32
-0.14,0.43,0.18
-0.14,0.43,0.14
-0.14,0.43,0.11
0.29,0.43,-0.17
0.43,0.43,-0.18
0.51,0.43,-0.13
0.55,0.43,-0.07
0.56,0.41,-0.0
0.53,0.41,0.07
0.47,0.41,0.13
0.38,0.41,0.16
-4.33,0.41,-2.5
-3.97,0.41,-3.05
-3.53,0.41,-3.54
-3.04,0.41,-3.97
-2.5,0.41,-4.33
-1.91,0.41,-4.62
-1.29,0.41,-4.83
-0.65,0.41,-4.96
0.01,0.41,-5.0
0.66,0.41,-4.96
1.3,0.41,-4.83
1.92,0.41,-4.62
2.51,0.41,-4.33
-0.26,0.41,0.34
-0.35,0.41,0.34
-0.41,0.41,0.31
-0.46,0.41,0.26
-0.49,0.41,0.2
-0.5,0.41,0.13
-0.49,0.41,0.06
-0.46,0.41,-0.0
-0.38,0.41,-0.05
0.17,0.41,0.05
0.18,0.41,0.08
4.32,0.41,2.51
3.96,0.41,3.06
3.52,0.41,3.55
3.03,0.41,3.98
2.49,0.41,4.34
1.9,0.41,4.63
1.28,0.41,4.83
0.64,0.41,4.96
-0.02,0.41,5.0
-0.67,0.41,4.95
-1.31,0.41,4.82
-1.93,0.41,4.61
-2.52,0.41,4.32
-0.15,0.41,0.2
-0.15,0.41,0.15
-0.16,0.41,0.12
0.28,0.41,-0.16
0.44,0.41,-0.18
0.52,0.41,-0.14
0.56,0.41,-0.07
0.57,0.4,-0.0
0.54,0.4,0.07
0.47,0.4,0.13
0.38,0.4,0.16
-4.33,0.4,-2.5
-3.97,0.4,-3.05
-3.53,0.4,-3.54
-3.04,0.4,-3.97
-2.5,0.4,-4.33
-1.91,0.4,-4.62
-1.29,0.4,-4.83
-0.65,0.4,-4.96
0.01,0.4,-5.0
0.66,0.4,-4.96
1.3,0.4,-4.83
1.92,0.4,-4.62
2.51,0.4,-4.33
-0.25,0.4,0.33
-0.34,0.4,0.34
-0.41,0.4,0.31
-0.46,0.4,0.26
-0.49,0.4,0.2
-0.5,0.4,0.13
-0.5,0.4,0.06
-0.47,0.4,-0.0
-0.4,0.4,-0.05
0.19,0.4,0.05
0.21,0.4,0.09
4.32,0.4,2.51
3.96,0.4,3.06
3.52,0.4,3.55
3.03,0.4,3.98
2.49,0.4,4.34
1.9,0.4,4.63
1.28,0.4,4.83
0.64,0.4,4.96
-0.02,0.4,5.0
-0.67,0.4,4.95
-1.31,0.4,4.82
-1.93,0.4,4.61
-2.52,0.4,4.32
-0.16,0.4,0.21
-0.16,0.4,0.16
-0.16,0.4,0.12
-0.17,0.4,0.1
0.45,0.4,-0.18
0.53,0.4,-0.14
0.57,0.4,-0.07
0.58,0.38,0.0
0.55,0.38,0.07
0.48,0.38,0.13
0.38,0.38,0.16
-4.33,0.38,-2.5
-3.97,0.38,-3.05
-3.53,0.38,-3.54
-3.04,0.38,-3.97
-2.5,0.38,-4.33
-1.91,0.38,-4.62
-1.29,0.38,-4.83
-0.65,0.38,-4.96
0.01,0.38,-5.0
0.66,0.38,-4.96
1.3,0.38,-4.83
1.92,0.38,-4.62
2.51,0.38,-4.33
-0.22,0.38,0.28
-0.31,0.38,0.31
-0.38,0.38,0.29
-0.44,0.38,0.25
-0.47,0.38,0.2
-0.5,0.38,0.13
-0.5,0.38,0.06
-0.48,0.38,-0.0
-0.44,0.38,-0.06
-0.33,0.38,-0.09
0.26,0.38,0.11
4.32,0.38,2.51
3.96,0.38,3.06
3.52,0.38,3.55
3.03,0.38,3.98
2.49,0.38,4.34
1.9,0.38,4.63
1.28,0.38,4.83
0.64,0.38,4.96
-0.02,0.38,5.0
-0.67,0.38,4.95
-1.31,0.38,4.82
-1.93,0.38,4.61
-2.52,0.38,4.32
-0.16,0.38,0.21
-0.15,0.38,0.15
-0.15,0.38,0.11
-0.15,0.38,0.09
0.47,0.38,-0.19
0.55,0.38,-0.15
0.59,0.38,-0.08
0.6,0.36,-0.0
0.56,0.36,0.07
0.48,0.36,0.13
0.35,0.36,0.14
-4.33,0.36,-2.5
-3.97,0.36,-3.05
-3.53,0.36,-3.54
-3.04,0.36,-3.97
-2.5,0.36,-4.33
-1.91,0.36,-4.62
-1.29,0.36,-4.83
-0.65,0.36,-4.96
0.01,0.36,-5.0
0.66,0.36,-4.96
1.3,0.36,-4.83
1.92,0.36,-4.62
2.51,0.36,-4.33
-0.22,0.36,0.29
-0.32,0.36,0.32
-0.39,0.36,0.3
-0.44,0.36,0.25
-0.48,0.36,0.2
-0.52,0.36,0.14
-0.51,0.36,0.07
-0.49,0.36,-0.0
-0.43,0.36,-0.06
0.19,0.36,0.05
0.21,0.36,0.09
4.32,0.36,2.51
3.96,0.36,3.06
3.52,0.36,3.55
3.03,0.36,3.98
2.49,0.36,4.34
1.9,0.36,4.63
1.28,0.36,4.83
0.64,0.36,4.96
-0.02,0.36,5.0
-0.67,0.36,4.95
-1.31,0.36,4.82
-1.93,0.36,4.61
-2.52,0.36,4.32
-0.19,0.36,0.25
-0.18,0.36,0.18
-0.18,0.36,0.14
0.34,0.36,-0.2
0.46,0.36,-0.19
0.54,0.36,-0.14
0.58,0.36,-0.07
0.58,0.35,0.0
0.53,0.35,0.07
0.45,0.35,0.12
0.34,0.35,0.14
-4.33,0.35,-2.5
-3.97,0.35,-3.05
-3.53,0.35,-3.54
-3.04,0.35,-3.97
-2.5,0.35,-4.33
-1.91,0.35,-4.62
-1.29,0.35,-4.83
-0.65,0.35,-4.96
0.01,0.35,-5.0
0.66,0.35,-4.96
1.3,0.35,-4.83
1.92,0.35,-4.62
2.51,0.35,-4.33
3.05,0.35,-3.96
-0.35,0.35,0.35
-0.43,0.35,0.33
-0.48,0.35,0.28
-0.51,0.35,0.21
-0.53,0.35,0.14
-0.52,0.35,0.07
-0.5,0.35,-0.0
-0.44,0.35,-0.06
0.18,0.35,0.05
0.2,0.35,0.09
4.32,0.35,2.51
3.96,0.35,3.06
3.52,0.35,3.55
3.03,0.35,3.98
2.49,0.35,4.34
1.9,0.35,4.63
1.28,0.35,4.83
0.64,0.35,4.96
-0.02,0.35,5.0
-0.67,0.35,4.95
-1.31,0.35,4.82
-1.93,0.35,4.61
-2.52,0.35,4.32
-3.06,0.35,3.95
-0.19,0.35,0.19
-0.19,0.35,0.14
0.36,0.35,-0.2
0.47,0.35,-0.19
0.55,0.35,-0.14
0.58,0.35,-0.07
0.59,0.33,-0.0
0.54,0.33,0.07
0.45,0.33,0.12
0.31,0.33,0.13
-4.33,0.33,-2.5
-3.97,0.33,-3.05
-3.53,0.33,-3.54
-3.04,0.33,-3.97
-2.5,0.33,-4.33
-1.91,0.33,-4.62
-1.29,0.33,-4.83
-0.65,0.33,-4.96
0.01,0.33,-5.0
0.66,0.33,-4.96
1.3,0.33,-4.83
1.92,0.33,-4.62
2.51,0.33,-4.33
3.05,0.33,-3.96
-0.34,0.33,0.34
-0.41,0.33,0.31
-0.47,0.33,0.27
-0.5,0.33,0.21
-0.52,0.33,0.14
-0.52,0.33,0.07
-0.5,0.33,-0.0
-0.46,0.33,-0.06
-0.36,0.33,-0.1
0.28,0.33,0.11
4.32,0.33,2.51
3.96,0.33,3.06
3.52,0.33,3.55
3.03,0.33,3.98
2.49,0.33,4.34
1.9,0.33,4.63
1.28,0.33,4.83
0.64,0.33,4.96
-0.02,0.33,5.0
-0.67,0.33,4.95
-1.31,0.33,4.82
-1.93,0.33,4.61
-2.52,0.33,4.32
-3.06,0.33,3.95
-0.17,0.33,0.17
-0.17,0.33,0.13
-0.17,0.33,0.1
0.49,0.33,-0.2
0.58,0.33,-0.15
0.62,0.33,-0.08
0.62,0.31,-0.0
0.57,0.31,0.08
0.48,0.31,0.13
-4.62,0.31,-1.91
-4.33,0.31,-2.5
-3.97,0.31,-3.05
-3.53,0.31,-3.54
-3.04,0.31,-3.97
-2.5,0.31,-4.33
-1.91,0.31,-4.62
-1.29,0.31,-4.83
-0.65,0.31,-4.96
0.01,0.31,-5.0
0.66,0.31,-4.96
1.3,0.31,-4.83
1.92,0.31,-4.62
2.51,0.31,-4.33
3.05,0.31,-3.96
-0.28,0.31,0.28
-0.37,0.31,0.28
-0.43,0.31,0.25
-0.48,0.31,0.2
-0.51,0.31,0.14
-0.52,0.31,0.07
-0.51,0.31,-0.0
-0.48,0.31,-0.06
-0.41,0.31,-0.11
4.61,0.31,1.93
4.32,0.31,2.51
3.96,0.31,3.06
3.52,0.31,3.55
3.03,0.31,3.98
2.49,0.31,4.34
1.9,0.31,4.63
1.28,0.31,4.83
0.64,0.31,4.96
-0.02,0.31,5.0
-0.67,0.31,4.95
-1.31,0.31,4.82
-1.93,0.31,4.61
-2.52,0.31,4.32
-3.06,0.31,3.95
-0.19,0.31,0.19
-0.18,0.31,0.13
-0.18,0.31,0.1
0.5,0.31,-0.2
0.59,0.31,-0.15
0.63,0.31,-0.08
0.63,0.3,-0.0
0.58,0.3,0.08
0.48,0.3,0.13
-4.62,0.3,-1.91
-4.33,0.3,-2.5
-3.97,0.3,-3.05
-3.53,0.3,-3.54
-3.04,0.3,-3.97
-2.5,0.3,-4.33
-1.91,0.3,-4.62
-1.29,0.3,-4.83
-0.65,0.3,-4.96
0.01,0.3,-5.0
0.66,0.3,-4.96
1.3,0.3,-4.83
1.92,0.3,-4.62
2.51,0.3,-4.33
3.05,0.3,-3.96
-0.25,0.3,0.25
-0.36,0.3,0.27
-0.43,0.3,0.25
-0.48,0.3,0.2
-0.51,0.3,0.14
-0.53,0.3,0.07
-0.52,0.3,-0.0
-0.49,0.3,-0.07
-0.43,0.3,-0.12
4.61,0.3,1.93
4.32,0.3,2.51
3.96,0.3,3.06
3.52,0.3,3.55
3.03,0.3,3.98
2.49,0.3,4.34
1.9,0.3,4.63
1.28,0.3,4.83
0.64,0.3,4.96
-0.02,0.3,5.0
-0.67,0.3,4.95
-1.31,0.3,4.82
-1.93,0.3,4.61
-2.52,0.3,4.32
-3.06,0.3,3.95
-0.21,0.3,0.21
-0.18,0.3,0.14
-0.18,0.3,0.1
0.5,0.3,-0.21
0.6,0.3,-0.16
0.64,0.3,-0.08
0.64,0.28,-0.0
0.58,0.28,0.08
0.48,0.28,0.13
-4.62,0.28,-1.91
-4.33,0.28,-2.5
-3.97,0.28,-3.05
-3.53,0.28,-3.54
-3.04,0.28,-3.97
-2.5,0.28,-4.33
-1.91,0.28,-4.62
-1.29,0.28,-4.83
-0.65,0.28,-4.96
0.01,0.28,-5.0
0.66,0.28,-4.96
1.3,0.28,-4.83
1.92,0.28,-4.62
2.51,0.28,-4.33
3.05,0.28,-3.96
3.54,0.28,-3.53
-0.35,0.28,0.27
-0.42,0.28,0.24
-0.47,0.28,0.2
-0.51,0.28,0.14
-0.53,0.28,0.07
-0.53,0.28,-0.0
-0.5,0.28,-0.07
-0.45,0.28,-0.12
4.61,0.28,1.93
4.32,0.28,2.51
3.96,0.28,3.06
3.52,0.28,3.55
3.03,0.28,3.98
2.49,0.28,4.34
1.9,0.28,4.63
1.28,0.28,4.83
0.64,0.28,4.96
-0.02,0.28,5.0
-0.67,0.28,4.95
-1.31,0.28,4.82
-1.93,0.28,4.61
-2.52,0.28,4.32
-3.06,0.28,3.95
-3.55,0.28,3.52
-0.19,0.28,0.14
-0.18,0.28,0.1
0.51,0.28,-0.21
0.61,0.28,-0.16
0.65,0.28,-0.08
0.65,0.26,-0.0
0.59,0.26,0.08
0.47,0.26,0.13
-0.29,0.26,-0.12
-4.33,0.26,-2.5
-3.97,0.26,-3.05
-3.53,0.26,-3.54
-3.04,0.26,-3.97
-2.5,0.26,-4.33
-1.91,0.26,-4.62
-1.29,0.26,-4.83
-0.65,0.26,-4.96
0.01,0.26,-5.0
0.66,0.26,-4.96
1.3,0.26,-4.83
1.92,0.26,-4.62
2.51,0.26,-4.33
3.05,0.26,-3.96
3.54,0.26,-3.53
-0.33,0.26,0.26
-0.41,0.26,0.24
-0.47,0.26,0.19
-0.51,0.26,0.14
-0.53,0.26,0.07
-0.53,0.26,-0.0
-0.51,0.26,-0.07
-0.46,0.26,-0.12
-0.35,0.26,-0.15
4.32,0.26,2.51
3.96,0.26,3.06
3.52,0.26,3.55
3.03,0.26,3.98
2.49,0.26,4.34
1.9,0.26,4.63
1.28,0.26,4.83
0.64,0.26,4.96
-0.02,0.26,5.0
-0.67,0.26,4.95
-1.31,0.26,4.82
-1.93,0.26,4.61
-2.52,0.26,4.32
-3.06,0.26,3.95
-3.55,0.26,3.52
-0.2,0.26,0.15
-0.19,0.26,0.11
0.52,0.26,-0.21
0.62,0.26,-0.16
0.66,0.26,-0.08
0.66,0.25,-0.0
0.59,0.25,0.08
0.47,0.25,0.13
-0.27,0.25,-0.11
-4.33,0.25,-2.5
-3.97,0.25,-3.05
-3.53,0.25,-3.54
-3.04,0.25,-3.97
-2.5,0.25,-4.33
-1.91,0.25,-4.62
-1.29,0.25,-4.83
-0.65,0.25,-4.96
0.01,0.25,-5.0
0.66,0.25,-4.96
1.3,0.25,-4.83
1.92,0.25,-4.62
2.51,0.25,-4.33
3.05,0.25,-3.96
3.54,0.25,-3.53
-0.32,0.25,0.24
-0.4,0.25,0.23
-0.47,0.25,0.19
-0.51,0.25,0.14
-0.53,0.25,0.07
-0.54,0.25,-0.0
-0.52,0.25,-0.07
-0.47,0.25,-0.13
-0.38,0.25,-0.16
4.32,0.25,2.51
3.96,0.25,3.06
3.52,0.25,3.55
3.03,0.25,3.98
2.49,0.25,4.34
1.9,0.25,4.63
1.28,0.25,4.83
0.64,0.25,4.96
-0.02,0.25,5.0
-0.67,0.25,4.95
-1.31,0.25,4.82
-1.93,0.25,4.61
-2.52,0.25,4.32
-3.06,0.25,3.95
-3.55,0.25,3.52
-0.21,0.25,0.16
-0.19,0.25,0.11
0.53,0.25,-0.22
0.63,0.25,-0.17
0.67,0.25,-0.09
0.67,0.23,-0.0
0.6,0.23,0.08
0.46,0.23,0.12
-0.26,0.23,-0.11
-4.33,0.23,-2.5
-3.97,0.23,-3.05
-3.53,0.23,-3.54
-3.04,0.23,-3.97
-2.5,0.23,-4.33
-1.91,0.23,-4.62
-1.29,0.23,-4.83
-0.65,0.23,-4.96
0.01,0.23,-5.0
0.66,0.23,-4.96
1.3,0.23,-4.83
1.92,0.23,-4.62
2.51,0.23,-4.33
3.05,0.23,-3.96
3.54,0.23,-3.53
-0.29,0.23,0.22
-0.39,0.23,0.23
-0.46,0.23,0.19
-0.51,0.23,0.13
-0.53,0.23,0.07
-0.54,0.23,-0.0
-0.53,0.23,-0.07
-0.49,0.23,-0.13
-0.41,0.23,-0.17
4.32,0.23,2.51
3.96,0.23,3.06
3.52,0.23,3.55
3.03,0.23,3.98
2.49,0.23,4.34
1.9,0.23,4.63
1.28,0.23,4.83
0.64,0.23,4.96
-0.02,0.23,5.0
-0.67,0.23,4.95
-1.31,0.23,4.82
-1.93,0.23,4.61
-2.52,0.23,4.32
-3.06,0.23,3.95
-3.55,0.23,3.52
-0.23,0.23,0.18
-0.2,0.23,0.12
0.54,0.23,-0.22
0.64,0.23,-0.17
0.68,0.23,-0.09
0.67,0.21,-0.0
0.6,0.21,0.08
0.43,0.21,0.12
-0.25,0.21,-0.1
-4.33,0.21,-2.5
-3.97,0.21,-3.05
-3.53,0.21,-3.54
-3.04,0.21,-3.97
-2.5,0.21,-4.33
-1.91,0.21,-4.62
-1.29,0.21,-4.83
-0.65,0.21,-4.96
0.01,0.21,-5.0
0.66,0.21,-4.96
1.3,0.21,-4.83
1.92,0.21,-4.62
2.51,0.21,-4.33
3.05,0.21,-3.96
3.54,0.21,-3.53
3.97,0.21,-3.04
-0.38,0.21,0.22
-0.45,0.21,0.19
-0.5,0.21,0.13
-0.53,0.21,0.07
-0.55,0.21,-0.0
-0.53,0.21,-0.07
-0.5,0.21,-0.13
-0.43,0.21,-0.18
4.32,0.21,2.51
3.96,0.21,3.06
3.52,0.21,3.55
3.03,0.21,3.98
2.49,0.21,4.34
1.9,0.21,4.63
1.28,0.21,4.83
0.64,0.21,4.96
-0.02,0.21,5.0
-0.67,0.21,4.95
-1.31,0.21,4.82
-1.93,0.21,4.61
-2.52,0.21,4.32
-3.06,0.21,3.95
-3.55,0.21,3.52
-3.98,0.21,3.03
-0.21,0.21,0.12
0.55,0.21,-0.22
0.65,0.21,-0.17
0.69,0.21,-0.09
0.68,0.2,-0.0
0.61,0.2,0.08
-0.22,0.2,-0.06
-0.24,0.2,-0.1
-4.33,0.2,-2.5
-3.97,0.2,-3.05
-3.53,0.2,-3.54
-3.04,0.2,-3.97
-2.5,0.2,-4.33
-1.91,0.2,-4.62
-1.29,0.2,-4.83
-0.65,0.2,-4.96
0.01,0.2,-5.0
0.66,0.2,-4.96
1.3,0.2,-4.83
1.92,0.2,-4.62
2.51,0.2,-4.33
3.05,0.2,-3.96
3.54,0.2,-3.53
3.97,0.2,-3.04
-0.37,0.2,0.21
-0.45,0.2,0.18
-0.5,0.2,0.13
-0.53,0.2,0.07
-0.55,0.2,-0.0
-0.54,0.2,-0.07
-0.51,0.2,-0.14
-0.44,0.2,-0.18
4.32,0.2,2.51
3.96,0.2,3.06
3.52,0.2,3.55
3.03,0.2,3.98
2.49,0.2,4.34
1.9,0.2,4.63
1.28,0.2,4.83
0.64,0.2,4.96
-0.02,0.2,5.0
-0.67,0.2,4.95
-1.31,0.2,4.82
-1.93,0.2,4.61
-2.52,0.2,4.32
-3.06,0.2,3.95
-3.55,0.2,3.52
-3.98,0.2,3.03
-0.22,0.2,0.13
0.56,0.2,-0.23
0.66,0.2,-0.17
0.7,0.2,-0.09
0.69,0.18,-0.0
0.61,0.18,0.08
-0.22,0.18,-0.06
-0.24,0.18,-0.1
-4.33,0.18,-2.5
-3.97,0.18,-3.05
-3.53,0.18,-3.54
-3.04,0.18,-3.97
-2.5,0.18,-4.33
-1.91,0.18,-4.62
-1.29,0.18,-4.83
-0.65,0.18,-4.96
0.01,0.18,-5.0
0.66,0.18,-4.96
1.3,0.18,-4.83
1.92,0.18,-4.62
2.51,0.18,-4.33
3.05,0.18,-3.96
3.54,0.18,-3.53
3.97,0.18,-3.04
-0.35,0.18,0.2
-0.44,0.18,0.18
-0.5,0.18,0.13
-0.53,0.18,0.07
-0.55,0.18,-0.0
-0.55,0.18,-0.07
-0.52,0.18,-0.14
-0.46,0.18,-0.19
4.32,0.18,2.51
3.96,0.18,3.06
3.52,0.18,3.55
3.03,0.18,3.98
2.49,0.18,4.34
1.9,0.18,4.63
1.28,0.18,4.83
0.64,0.18,4.96
-0.02,0.18,5.0
-0.67,0.18,4.95
-1.31,0.18,4.82
-1.93,0.18,4.61
-2.52,0.18,4.32
-3.06,0.18,3.95
-3.55,0.18,3.52
-3.98,0.18,3.03
-0.24,0.18,0.14
0.57,0.18,-0.23
0.68,0.18,-0.18
0.71,0.18,-0.09
0.7,0.17,-0.0
0.61,0.17,0.08
-0.22,0.17,-0.06
-0.24,0.17,-0.1
-0.29,0.17,-0.17
-3.97,0.17,-3.05
-3.53,0.17,-3.54
-3.04,0.17,-3.97
-2.5,0.17,-4.33
-1.91,0.17,-4.62
-1.29,0.17,-4.83
-0.65,0.17,-4.96
0.01,0.17,-5.0
0.66,0.17,-4.96
1.3,0.17,-4.83
1.92,0.17,-4.62
2.51,0.17,-4.33
3.05,0.17,-3.96
3.54,0.17,-3.53
3.97,0.17,-3.04
-0.32,0.17,0.19
-0.43,0.17,0.18
-0.49,0.17,0.13
-0.53,0.17,0.07
-0.55,0.17,-0.0
-0.55,0.17,-0.07
-0.53,0.17,-0.14
-0.47,0.17,-0.2
-0.35,0.17,-0.2
3.96,0.17,3.06
3.52,0.17,3.55
3.03,0.17,3.98
2.49,0.17,4.34
1.9,0.17,4.63
1.28,0.17,4.83
0.64,0.17,4.96
-0.02,0.17,5.0
-0.67,0.17,4.95
-1.31,0.17,4.82
-1.93,0.17,4.61
-2.52,0.17,4.32
-3.06,0.17,3.95
-3.55,0.17,3.52
-3.98,0.17,3.03
-0.26,0.17,0.15
0.58,0.17,-0.24
0.69,0.17,-0.18
0.72,0.17,-0.09
0.71,0.15,-0.0
0.62,0.15,0.08
-0.22,0.15,-0.06
-0.23,0.15,-0.1
-0.27,0.15,-0.16
-3.97,0.15,-3.05
-3.53,0.15,-3.54
-3.04,0.15,-3.97
-2.5,0.15,-4.33
-1.91,0.15,-4.62
-1.29,0.15,-4.83
-0.65,0.15,-4.96
0.01,0.15,-5.0
0.66,0.15,-4.96
1.3,0.15,-4.83
1.92,0.15,-4.62
2.51,0.15,-4.33
3.05,0.15,-3.96
3.54,0.15,-3.53
3.97,0.15,-3.04
4.34,0.15,-2.49
-0.42,0.15,0.17
-0.49,0.15,0.13
-0.53,0.15,0.07
-0.56,0.15,-0.0
-0.56,0.15,-0.07
-0.54,0.15,-0.15
-0.48,0.15,-0.2
-0.38,0.15,-0.22
3.96,0.15,3.06
3.52,0.15,3.55
3.03,0.15,3.98
2.49,0.15,4.34
1.9,0.15,4.63
1.28,0.15,4.83
0.64,0.15,4.96
-0.02,0.15,5.0
-0.67,0.15,4.95
-1.31,0.15,4.82
-1.93,0.15,4.61
-2.52,0.15,4.32
-3.06,0.15,3.95
-3.55,0.15,3.52
-3.98,0.15,3.03
-4.34,0.15,2.48
0.59,0.15,-0.24
0.7,0.15,-0.18
0.73,0.15,-0.09
0.72,0.13,-0.0
0.62,0.13,0.08
-0.22,0.13,-0.06
-0.23,0.13,-0.1
-0.26,0.13,-0.15
-3.97,0.13,-3.05
-3.53,0.13,-3.54
-3.04,0.13,-3.97
-2.5,0.13,-4.33
-1.91,0.13,-4.62
-1.29,0.13,-4.83
-0.65,0.13,-4.96
0.01,0.13,-5.0
0.66,0.13,-4.96
1.3,0.13,-4.83
1.92,0.13,-4.62
2.51,0.13,-4.33
3.05,0.13,-3.96
3.54,0.13,-3.53
3.97,0.13,-3.04
4.34,0.13,-2.49
-0.4,0.13,0.17
-0.48,0.13,0.13
-0.53,0.13,0.07
-0.56,0.13,-0.0
-0.56,0.13,-0.08
-0.54,0.13,-0.15
-0.49,0.13,-0.21
-0.4,0.13,-0.23
3.96,0.13,3.06
3.52,0.13,3.55
3.03,0.13,3.98
2.49,0.13,4.34
1.9,0.13,4.63
1.28,0.13,4.83
0.64,0.13,4.96
-0.02,0.13,5.0
-0.67,0.13,4.95
-1.31,0.13,4.82
-1.93,0.13,4.61
-2.52,0.13,4.32
-3.06,0.13,3.95
-3.55,0.13,3.52
-3.98,0.13,3.03
-4.34,0.13,2.48
0.59,0.13,-0.24
0.71,0.13,-0.19
0.74,0.13,-0.09
0.73,0.12,-0.0
0.62,0.12,0.08
-0.22,0.12,-0.06
-0.23,0.12,-0.1
-0.26,0.12,-0.15
-3.97,0.12,-3.05
-3.53,0.12,-3.54
-3.04,0.12,-3.97
-2.5,0.12,-4.33
-1.91,0.12,-4.62
-1.29,0.12,-4.83
-0.65,0.12,-4.96
0.01,0.12,-5.0
0.66,0.12,-4.96
1.3,0.12,-4.83
1.92,0.12,-4.62
2.51,0.12,-4.33
3.05,0.12,-3.96
3.54,0.12,-3.53
3.97,0.12,-3.04
4.34,0.12,-2.49
-0.39,0.12,0.16
-0.47,0.12,0.13
-0.53,0.12,0.07
-0.56,0.12,-0.0
-0.57,0.12,-0.08
-0.55,0.12,-0.15
-0.5,0.12,-0.21
-0.41,0.12,-0.24
3.96,0.12,3.06
3.52,0.12,3.55
3.03,0.12,3.98
2.49,0.12,4.34
1.9,0.12,4.63
1.28,0.12,4.83
0.64,0.12,4.96
-0.02,0.12,5.0
-0.67,0.12,4.95
-1.31,0.12,4.82
-1.93,0.12,4.61
-2.52,0.12,4.32
-3.06,0.12,3.95
-3.55,0.12,3.52
-3.98,0.12,3.03
-4.34,0.12,2.48
0.6,0.12,-0.25
0.72,0.12,-0.19
0.75,0.12,-0.1
0.73,0.1,0.0
0.62,0.1,0.08
-0.23,0.1,-0.06
-0.23,0.1,-0.1
-0.25,0.1,-0.15
-3.97,0.1,-3.05
-3.53,0.1,-3.54
-3.04,0.1,-3.97
-2.5,0.1,-4.33
-1.91,0.1,-4.62
-1.29,0.1,-4.83
-0.65,0.1,-4.96
0.01,0.1,-5.0
0.66,0.1,-4.96
1.3,0.1,-4.83
1.92,0.1,-4.62
2.51,0.1,-4.33
3.05,0.1,-3.96
3.54,0.1,-3.53
3.97,0.1,-3.04
4.34,0.1,-2.49
-0.36,0.1,0.15
-0.46,0.1,0.12
-0.52,0.1,0.07
-0.56,0.1,-0.0
-0.57,0.1,-0.08
-0.56,0.1,-0.15
-0.51,0.1,-0.21
-0.42,0.1,-0.24
3.96,0.1,3.06
3.52,0.1,3.55
3.03,0.1,3.98
2.49,0.1,4.34
1.9,0.1,4.63
1.28,0.1,4.83
0.64,0.1,4.96
-0.02,0.1,5.0
-0.67,0.1,4.95
-1.31,0.1,4.82
-1.93,0.1,4.61
-2.52,0.1,4.32
-3.06,0.1,3.95
-3.55,0.1,3.52
-3.98,0.1,3.03
-4.34,0.1,2.48
0.61,0.1,-0.25
0.72,0.1,-0.19
0.76,0.1,-0.1
0.74,0.08,-0.0
0.62,0.08,0.08
-0.23,0.08,-0.06
-0.23,0.08,-0.1
-0.25,0.08,-0.15
-3.97,0.08,-3.05
-3.53,0.08,-3.54
-3.04,0.08,-3.97
-2.5,0.08,-4.33
-1.91,0.08,-4.62
-1.29,0.08,-4.83
-0.65,0.08,-4.96
0.01,0.08,-5.0
0.66,0.08,-4.96
1.3,0.08,-4.83
1.92,0.08,-4.62
2.51,0.08,-4.33
3.05,0.08,-3.96
3.54,0.08,-3.53
3.97,0.08,-3.04
4.34,0.08,-2.49
0.41,0.08,-0.17
-0.45,0.08,0.12
-0.52,0.08,0.07
-0.56,0.08,-0.0
-0.57,0.08,-0.08
-0.56,0.08,-0.15
-0.51,0.08,-0.21
-0.43,0.08,-0.25
3.96,0.08,3.06
3.52,0.08,3.55
3.03,0.08,3.98
2.49,0.08,4.34
1.9,0.08,4.63
1.28,0.08,4.83
0.64,0.08,4.96
-0.02,0.08,5.0
-0.67,0.08,4.95
-1.31,0.08,4.82
-1.93,0.08,4.61
-2.52,0.08,4.32
-3.06,0.08,3.95
-3.55,0.08,3.52
-3.98,0.08,3.03
-4.34,0.08,2.48
0.62,0.08,-0.25
0.73,0.08,-0.19
0.76,0.08,-0.1
0.74,0.07,-0.0
0.62,0.07,0.08
-0.23,0.07,-0.06
-0.24,0.07,-0.1
-0.25,0.07,-0.14
-3.97,0.07,-3.05
-3.53,0.07,-3.54
-3.04,0.07,-3.97
-2.5,0.07,-4.33
-1.91,0.07,-4.62
-1.29,0.07,-4.83
-0.65,0.07,-4.96
0.01,0.07,-5.0
0.66,0.07,-4.96
1.3,0.07,-4.83
1.92,0.07,-4.62
2.51,0.07,-4.33
3.05,0.07,-3.96
3.54,0.07,-3.53
3.97,0.07,-3.04
4.34,0.07,-2.49
0.43,0.07,-0.18
-0.42,0.07,0.11
-0.51,0.07,0.07
-0.56,0.07,-0.0
-0.58,0.07,-0.08
-0.56,0.07,-0.15
-0.52,0.07,-0.22
-0.43,0.07,-0.25
3.96,0.07,3.06
3.52,0.07,3.55
3.03,0.07,3.98
2.49,0.07,4.34
1.9,0.07,4.63
1.28,0.07,4.83
0.64,0.07,4.96
-0.02,0.07,5.0
-0.67,0.07,4.95
-1.31,0.07,4.82
-1.93,0.07,4.61
-2.52,0.07,4.32
-3.06,0.07,3.95
-3.55,0.07,3.52
-3.98,0.07,3.03
-4.34,0.07,2.48
0.63,0.07,-0.26
0.73,0.07,-0.19
0.77,0.07,-0.1
0.74,0.05,0.0
0.63,0.05,0.08
-0.23,0.05,-0.06
-0.23,0.05,-0.1
-0.25,0.05,-0.14
-3.97,0.05,-3.05
-3.53,0.05,-3.54
-3.04,0.05,-3.97
-2.5,0.05,-4.33
-1.91,0.05,-4.62
-1.29,0.05,-4.83
-0.65,0.05,-4.96
0.01,0.05,-5.0
0.66,0.05,-4.96
1.3,0.05,-4.83
1.92,0.05,-4.62
2.51,0.05,-4.33
3.05,0.05,-3.96
3.54,0.05,-3.53
3.97,0.05,-3.04
4.34,0.05,-2.49
0.44,0.05,-0.18
-0.44,0.05,0.12
-0.51,0.05,0.07
-0.55,0.05,-0.0
-0.57,0.05,-0.08
-0.55,0.05,-0.15
-0.5,0.05,-0.21
-0.42,0.05,-0.24
3.96,0.05,3.06
3.52,0.05,3.55
3.03,0.05,3.98
2.49,0.05,4.34
1.9,0.05,4.63
1.28,0.05,4.83
0.64,0.05,4.96
-0.02,0.05,5.0
-0.67,0.05,4.95
-1.31,0.05,4.82
-1.93,0.05,4.61
-2.52,0.05,4.32
-3.06,0.05,3.95
-3.55,0.05,3.52
-3.98,0.05,3.03
-4.34,0.05,2.48
0.62,0.05,-0.25
0.74,0.05,-0.19
0.78,0.05,-0.1
0.75,0.03,-0.0
0.64,0.03,0.08
-0.23,0.03,-0.06
-0.24,0.03,-0.1
-0.25,0.03,-0.14
-3.97,0.03,-3.05
-3.53,0.03,-3.54
-3.04,0.03,-3.97
-2.5,0.03,-4.33
-1.91,0.03,-4.62
-1.29,0.03,-4.83
-0.65,0.03,-4.96
0.01,0.03,-5.0
0.66,0.03,-4.96
1.3,0.03,-4.83
1.92,0.03,-4.62
2.51,0.03,-4.33
3.05,0.03,-3.96
3.54,0.03,-3.53
3.97,0.03,-3.04
4.34,0.03,-2.49
0.45,0.03,-0.19
-0.42,0.03,0.11
-0.5,0.03,0.07
-0.55,0.03,-0.0
-0.57,0.03,-0.08
-0.55,0.03,-0.15
-0.5,0.03,-0.21
-0.41,0.03,-0.24
3.96,0.03,3.06
3.52,0.03,3.55
3.03,0.03,3.98
2.49,0.03,4.34
1.9,0.03,4.63
1.28,0.03,4.83
0.64,0.03,4.96
-0.02,0.03,5.0
-0.67,0.03,4.95
-1.31,0.03,4.82
-1.93,0.03,4.61
-2.52,0.03,4.32
-3.06,0.03,3.95
-3.55,0.03,3.52
-3.98,0.03,3.03
-4.34,0.03,2.48
0.62,0.03,-0.25
0.73,0.03,-0.19
0.77,0.03,-0.1
0.75,0.02,0.0
0.62,0.02,0.08
-0.24,0.02,-0.06
-0.24,0.02,-0.1
-0.26,0.02,-0.15
-3.97,0.02,-3.05
-3.53,0.02,-3.54
-3.04,0.02,-3.97
-2.5,0.02,-4.33
-1.91,0.02,-4.62
-1.29,0.02,-4.83
-0.65,0.02,-4.96
0.01,0.02,-5.0
0.66,0.02,-4.96
1.3,0.02,-4.83
1.92,0.02,-4.62
2.51,0.02,-4.33
3.05,0.02,-3.96
3.54,0.02,-3.53
3.97,0.02,-3.04
4.34,0.02,-2.49
0.46,0.02,-0.19
0.42,0.02,-0.11
-0.49,0.02,0.06
-0.55,0.02,-0.0
-0.57,0.02,-0.08
-0.55,0.02,-0.15
-0.5,0.02,-0.21
-0.42,0.02,-0.24
3.96,0.02,3.06
3.52,0.02,3.55
3.03,0.02,3.98
2.49,0.02,4.34
1.9,0.02,4.63
1.28,0.02,4.83
0.64,0.02,4.96
-0.02,0.02,5.0
-0.67,0.02,4.95
-1.31,0.02,4.82
-1.93,0.02,4.61
-2.52,0.02,4.32
-3.06,0.02,3.95
-3.55,0.02,3.52
-3.98,0.02,3.03
-4.34,0.02,2.48
0.62,0.02,-0.25
