-4.96,1.75,-0.65
-4.83,1.75,-1.3
-4.62,1.75,-1.91
-4.33,1.75,-2.5
-3.97,1.75,-3.05
-3.53,1.75,-3.54
-3.04,1.75,-3.97
-2.5,1.75,-4.33
-1.91,1.75,-4.62
-1.29,1.75,-4.83
-0.65,1.75,-4.96
0.01,1.75,-5.0
0.66,1.75,-4.96
1.3,1.75,-4.83
1.92,1.75,-4.62
2.51,1.75,-4.33
3.05,1.75,-3.96
3.54,1.75,-3.53
3.97,1.75,-3.04
4.34,1.75,-2.49
4.62,1.75,-1.9
4.83,1.75,-1.28
4.96,1.75,-0.64
5.0,1.75,0.01
4.96,1.75,0.67
4.83,1.75,1.31
4.61,1.75,1.93
4.32,1.75,2.51
3.96,1.75,3.06
3.52,1.75,3.55
3.03,1.75,3.98
2.49,1.75,4.34
1.9,1.75,4.63
1.28,1.75,4.83
0.64,1.75,4.96
-0.02,1.75,5.0
-0.67,1.75,4.95
-1.31,1.75,4.82
-1.93,1.75,4.61
-2.52,1.75,4.32
-3.06,1.75,3.95
-3.55,1.75,3.52
-3.98,1.75,3.03
-4.34,1.75,2.48
-4.63,1.75,1.89
-4.84,1.75,1.27
-4.96,1.75,0.63
-5.0,1.73,0.0
-4.96,1.73,-0.65
-4.83,1.73,-1.3
-4.62,1.73,-1.91
-4.33,1.73,-2.5
-3.97,1.73,-3.05
-3.53,1.73,-3.54
-3.04,1.73,-3.97
-2.5,1.73,-4.33
-1.91,1.73,-4.62
-1.29,1.73,-4.83
-0.65,1.73,-4.96
0.01,1.73,-5.0
0.66,1.73,-4.96
1.3,1.73,-4.83
1.92,1.73,-4.62
2.51,1.73,-4.33
3.05,1.73,-3.96
3.54,1.73,-3.53
3.97,1.73,-3.04
4.34,1.73,-2.49
4.62,1.73,-1.9
4.83,1.73,-1.28
4.96,1.73,-0.64
5.0,1.73,0.01
4.96,1.73,0.67
4.83,1.73,1.31
4.61,1.73,1.93
4.32,1.73,2.51
3.96,1.73,3.06
3.52,1.73,3.55
3.03,1.73,3.98
2.49,1.73,4.34
1.9,1.73,4.63
1.28,1.73,4.83
0.64,1.73,4.96
-0.02,1.73,5.0
-0.67,1.73,4.95
-1.31,1.73,4.82
-1.93,1.73,4.61
-2.52,1.73,4.32
-3.06,1.73,3.95
-3.55,1.73,3.52
-3.98,1.73,3.03
-4.34,1.73,2.48
-4.63,1.73,1.89
-4.84,1.73,1.27
-4.96,1.73,0.63
-5.0,1.72,0.0
-4.96,1.72,-0.65
-4.83,1.72,-1.3
-4.62,1.72,-1.91
-4.33,1.72,-2.5
-3.97,1.72,-3.05
-3.53,1.72,-3.54
-3.04,1.72,-3.97
-2.5,1.72,-4.33
-1.91,1.72,-4.62
-1.29,1.72,-4.83
-0.65,1.72,-4.96
0.01,1.72,-5.0
0.66,1.72,-4.96
1.3,1.72,-4.83
1.92,1.72,-4.62
2.51,1.72,-4.33
3.05,1.72,-3.96
3.54,1.72,-3.53
3.97,1.72,-3.04
4.34,1.72,-2.49
4.62,1.72,-1.9
4.83,1.72,-1.28
4.96,1.72,-0.64
5.0,1.72,0.01
4.96,1.72,0.67
4.83,1.72,1.31
4.61,1.72,1.93
4.32,1.72,2.51
3.96,1.72,3.06
3.52,1.72,3.55
3.03,1.72,3.98
2.49,1.72,4.34
1.9,1.72,4.63
1.28,1.72,4.83
0.64,1.72,4.96
-0.02,1.72,5.0
-0.67,1.72,4.95
-1.31,1.72,4.82
-1.93,1.72,4.61
-2.52,1.72,4.32
-3.06,1.72,3.95
-3.55,1.72,3.52
-3.98,1.72,3.03
-4.34,1.72,2.48
-4.63,1.72,1.89
-4.84,1.72,1.27
-4.96,1.72,0.63
-5.0,1.7,0.0
-4.96,1.7,-0.65
-4.83,1.7,-1.3
-4.62,1.7,-1.91
-4.33,1.7,-2.5
-3.97,1.7,-3.05
-3.53,1.7,-3.54
-3.04,1.7,-3.97
-2.5,1.7,-4.33
-1.91,1.7,-4.62
-1.29,1.7,-4.83
-0.65,1.7,-4.96
0.01,1.7,-5.0
0.66,1.7,-4.96
1.3,1.7,-4.83
1.92,1.7,-4.62
2.51,1.7,-4.33
3.05,1.7,-3.96
3.54,1.7,-3.53
3.97,1.7,-3.04
4.34,1.7,-2.49
4.62,1.7,-1.9
4.83,1.7,-1.28
4.96,1.7,-0.64
5.0,1.7,0.01
4.96,1.7,0.67
4.83,1.7,1.31
4.61,1.7,1.93
4.32,1.7,2.51
3.96,1.7,3.06
3.52,1.7,3.55
3.03,1.7,3.98
2.49,1.7,4.34
1.9,1.7,4.63
1.28,1.7,4.83
0.64,1.7,4.96
-0.02,1.7,5.0
-0.67,1.7,4.95
-1.31,1.7,4.82
-1.93,1.7,4.61
-2.52,1.7,4.32
-3.06,1.7,3.95
-3.55,1.7,3.52
-3.98,1.7,3.03
-4.34,1.7,2.48
-4.63,1.7,1.89
-4.84,1.7,1.27
-4.96,1.7,0.63
-5.0,1.68,0.0
-4.96,1.68,-0.65
-4.83,1.68,-1.3
-4.62,1.68,-1.91
-4.33,1.68,-2.5
-3.97,1.68,-3.05
-3.53,1.68,-3.54
-3.04,1.68,-3.97
-2.5,1.68,-4.33
-1.91,1.68,-4.62
-1.29,1.68,-4.83
-0.65,1.68,-4.96
0.01,1.68,-5.0
0.66,1.68,-4.96
1.3,1.68,-4.83
1.92,1.68,-4.62
2.51,1.68,-4.33
3.05,1.68,-3.96
3.54,1.68,-3.53
3.97,1.68,-3.04
4.34,1.68,-2.49
4.62,1.68,-1.9
4.83,1.68,-1.28
4.96,1.68,-0.64
5.0,1.68,0.01
4.96,1.68,0.67
4.83,1.68,1.31
4.61,1.68,1.93
4.32,1.68,2.51
3.96,1.68,3.06
3.52,1.68,3.55
3.03,1.68,3.98
2.49,1.68,4.34
1.9,1.68,4.63
1.28,1.68,4.83
0.64,1.68,4.96
-0.02,1.68,5.0
-0.67,1.68,4.95
-1.31,1.68,4.82
-1.93,1.68,4.61
-2.52,1.68,4.32
-3.06,1.68,3.95
-3.55,1.68,3.52
-3.98,1.68,3.03
-4.34,1.68,2.48
-4.63,1.68,1.89
-4.84,1.68,1.27
-4.96,1.68,0.63
-5.0,1.66,0.0
-4.96,1.66,-0.65
-4.83,1.66,-1.3
-4.62,1.66,-1.91
-4.33,1.66,-2.5
-3.97,1.66,-3.05
-3.53,1.66,-3.54
-3.04,1.66,-3.97
-2.5,1.66,-4.33
-1.91,1.66,-4.62
-1.29,1.66,-4.83
-0.65,1.66,-4.96
0.01,1.66,-5.0
0.66,1.66,-4.96
1.3,1.66,-4.83
1.92,1.66,-4.62
2.51,1.66,-4.33
3.05,1.66,-3.96
3.54,1.66,-3.53
3.97,1.66,-3.04
4.34,1.66,-2.49
4.62,1.66,-1.9
4.83,1.66,-1.28
4.96,1.66,-0.64
5.0,1.66,0.01
4.96,1.66,0.67
4.83,1.66,1.31
4.61,1.66,1.93
4.32,1.66,2.51
3.96,1.66,3.06
3.52,1.66,3.55
3.03,1.66,3.98
2.49,1.66,4.34
1.9,1.66,4.63
1.28,1.66,4.83
0.64,1.66,4.96
-0.02,1.66,5.0
-0.67,1.66,4.95
-1.31,1.66,4.82
-1.93,1.66,4.61
-2.52,1.66,4.32
-3.06,1.66,3.95
-3.55,1.66,3.52
-3.98,1.66,3.03
-4.34,1.66,2.48
-4.63,1.66,1.89
-4.84,1.66,1.27
-4.96,1.66,0.63
-5.0,1.65,0.0
-4.96,1.65,-0.65
-4.83,1.65,-1.3
-4.62,1.65,-1.91
-4.33,1.65,-2.5
-3.97,1.65,-3.05
-3.53,1.65,-3.54
-3.04,1.65,-3.97
-2.5,1.65,-4.33
-1.91,1.65,-4.62
-1.29,1.65,-4.83
-0.65,1.65,-4.96
0.01,1.65,-5.0
0.66,1.65,-4.96
1.3,1.65,-4.83
1.92,1.65,-4.62
2.51,1.65,-4.33
3.05,1.65,-3.96
3.54,1.65,-3.53
3.97,1.65,-3.04
4.34,1.65,-2.49
4.62,1.65,-1.9
4.83,1.65,-1.28
4.96,1.65,-0.64
5.0,1.65,0.01
4.96,1.65,0.67
4.83,1.65,1.31
4.61,1.65,1.93
4.32,1.65,2.51
3.96,1.65,3.06
3.52,1.65,3.55
3.03,1.65,3.98
2.49,1.65,4.34
1.9,1.65,4.63
1.28,1.65,4.83
0.64,1.65,4.96
-0.02,1.65,5.0
-0.67,1.65,4.95
-1.31,1.65,4.82
-1.93,1.65,4.61
-2.52,1.65,4.32
-3.06,1.65,3.95
-3.55,1.65,3.52
-3.98,1.65,3.03
-4.34,1.65,2.48
-4.63,1.65,1.89
-4.84,1.65,1.27
-4.96,1.65,0.63
-5.0,1.63,0.0
-4.96,1.63,-0.65
-4.83,1.63,-1.3
-4.62,1.63,-1.91
-4.33,1.63,-2.5
-3.97,1.63,-3.05
-3.53,1.63,-3.54
-3.04,1.63,-3.97
-2.5,1.63,-4.33
-1.91,1.63,-4.62
-1.29,1.63,-4.83
-0.65,1.63,-4.96
0.01,1.63,-5.0
0.66,1.63,-4.96
1.3,1.63,-4.83
1.92,1.63,-4.62
2.51,1.63,-4.33
3.05,1.63,-3.96
3.54,1.63,-3.53
3.97,1.63,-3.04
4.34,1.63,-2.49
4.62,1.63,-1.9
4.83,1.63,-1.28
4.96,1.63,-0.64
5.0,1.63,0.01
4.96,1.63,0.67
4.83,1.63,1.31
4.61,1.63,1.93
4.32,1.63,2.51
3.96,1.63,3.06
3.52,1.63,3.55
3.03,1.63,3.98
2.49,1.63,4.34
1.9,1.63,4.63
1.28,1.63,4.83
0.64,1.63,4.96
-0.02,1.63,5.0
-0.67,1.63,4.95
-1.31,1.63,4.82
-1.93,1.63,4.61
-2.52,1.63,4.32
-3.06,1.63,3.95
-3.55,1.63,3.52
-3.98,1.63,3.03
-4.34,1.63,2.48
-4.63,1.63,1.89
-4.84,1.63,1.27
-4.96,1.63,0.63
-5.0,1.61,0.0
-4.96,1.61,-0.65
-4.83,1.61,-1.3
-4.62,1.61,-1.91
-4.33,1.61,-2.5
-3.97,1.61,-3.05
-3.53,1.61,-3.54
-3.04,1.61,-3.97
-2.5,1.61,-4.33
-1.91,1.61,-4.62
-1.29,1.61,-4.83
-0.65,1.61,-4.96
0.01,1.61,-5.0
0.66,1.61,-4.96
1.3,1.61,-4.83
1.92,1.61,-4.62
2.51,1.61,-4.33
3.05,1.61,-3.96
3.54,1.61,-3.53
3.97,1.61,-3.04
4.34,1.61,-2.49
4.62,1.61,-1.9
4.83,1.61,-1.28
4.96,1.61,-0.64
5.0,1.61,0.01
4.96,1.61,0.67
4.83,1.61,1.31
4.61,1.61,1.93
4.32,1.61,2.51
3.96,1.61,3.06
3.52,1.61,3.55
3.03,1.61,3.98
2.49,1.61,4.34
1.9,1.61,4.63
1.28,1.61,4.83
0.64,1.61,4.96
-0.02,1.61,5.0
-0.67,1.61,4.95
-1.31,1.61,4.82
-1.93,1.61,4.61
-2.52,1.61,4.32
-3.06,1.61,3.95
-3.55,1.61,3.52
-3.98,1.61,3.03
-4.34,1.61,2.48
-4.63,1.61,1.89
-4.84,1.61,1.27
-4.96,1.61,0.63
-5.0,1.59,0.0
-4.96,1.59,-0.65
-4.83,1.59,-1.3
0.27,1.59,0.11
0.28,1.59,0.16
0.26,1.59,0.2
0.22,1.59,0.22
-3.04,1.59,-3.97
-2.5,1.59,-4.33
-1.91,1.59,-4.62
-1.29,1.59,-4.83
-0.65,1.59,-4.96
0.01,1.59,-5.0
0.66,1.59,-4.96
1.3,1.59,-4.83
1.92,1.59,-4.62
2.51,1.59,-4.33
3.05,1.59,-3.96
3.54,1.59,-3.53
3.97,1.59,-3.04
4.34,1.59,-2.49
4.62,1.59,-1.9
4.83,1.59,-1.28
4.96,1.59,-0.64
5.0,1.59,0.01
4.96,1.59,0.67
4.83,1.59,1.31
4.61,1.59,1.93
4.32,1.59,2.51
3.96,1.59,3.06
3.52,1.59,3.55
3.03,1.59,3.98
2.49,1.59,4.34
1.9,1.59,4.63
1.28,1.59,4.83
0.64,1.59,4.96
-0.02,1.59,5.0
-0.67,1.59,4.95
-1.31,1.59,4.82
-1.93,1.59,4.61
-2.52,1.59,4.32
-3.06,1.59,3.95
-3.55,1.59,3.52
-3.98,1.59,3.03
-4.34,1.59,2.48
-4.63,1.59,1.89
-4.84,1.59,1.27
-4.96,1.59,0.63
-5.0,1.58,0.0
-4.96,1.58,-0.65
-4.83,1.58,-1.3
0.27,1.58,0.11
0.27,1.58,0.16
0.25,1.58,0.19
0.19,1.58,0.19
-3.04,1.58,-3.97
-2.5,1.58,-4.33
-1.91,1.58,-4.62
-1.29,1.58,-4.83
-0.65,1.58,-4.96
0.01,1.58,-5.0
0.66,1.58,-4.96
1.3,1.58,-4.83
1.92,1.58,-4.62
2.51,1.58,-4.33
3.05,1.58,-3.96
3.54,1.58,-3.53
3.97,1.58,-3.04
4.34,1.58,-2.49
4.62,1.58,-1.9
4.83,1.58,-1.28
4.96,1.58,-0.64
5.0,1.58,0.01
4.96,1.58,0.67
4.83,1.58,1.31
0.21,1.58,0.09
0.18,1.58,0.1
0.16,1.58,0.13
0.17,1.58,0.17
3.03,1.58,3.98
2.49,1.58,4.34
1.9,1.58,4.63
1.28,1.58,4.83
0.64,1.58,4.96
-0.02,1.58,5.0
-0.67,1.58,4.95
-1.31,1.58,4.82
-1.93,1.58,4.61
-2.52,1.58,4.32
-3.06,1.58,3.95
-3.55,1.58,3.52
-3.98,1.58,3.03
-4.34,1.58,2.48
-4.63,1.58,1.89
-4.84,1.58,1.27
-4.96,1.58,0.63
-5.0,1.56,0.0
-4.96,1.56,-0.65
0.27,1.56,0.07
0.31,1.56,0.13
0.3,1.56,0.17
0.28,1.56,0.21
0.23,1.56,0.23
0.16,1.56,0.21
-2.5,1.56,-4.33
-1.91,1.56,-4.62
-1.29,1.56,-4.83
-0.65,1.56,-4.96
0.01,1.56,-5.0
0.66,1.56,-4.96
1.3,1.56,-4.83
1.92,1.56,-4.62
2.51,1.56,-4.33
3.05,1.56,-3.96
3.54,1.56,-3.53
3.97,1.56,-3.04
4.34,1.56,-2.49
4.62,1.56,-1.9
4.83,1.56,-1.28
4.96,1.56,-0.64
5.0,1.56,0.01
4.96,1.56,0.67
0.21,1.56,0.06
0.17,1.56,0.07
0.15,1.56,0.09
0.14,1.56,0.11
0.13,1.56,0.13
0.14,1.56,0.19
2.49,1.56,4.34
1.9,1.56,4.63
1.28,1.56,4.83
0.64,1.56,4.96
-0.02,1.56,5.0
-0.67,1.56,4.95
-1.31,1.56,4.82
-1.93,1.56,4.61
-2.52,1.56,4.32
-3.06,1.56,3.95
-3.55,1.56,3.52
-3.98,1.56,3.03
-4.34,1.56,2.48
-4.63,1.56,1.89
-4.84,1.56,1.27
-4.96,1.56,0.63
-5.0,1.54,0.0
-4.96,1.54,-0.65
0.31,1.54,0.08
0.33,1.54,0.14
0.32,1.54,0.18
0.29,1.54,0.22
0.25,1.54,0.25
0.19,1.54,0.25
-2.5,1.54,-4.33
-1.91,1.54,-4.62
-1.29,1.54,-4.83
-0.65,1.54,-4.96
0.01,1.54,-5.0
0.66,1.54,-4.96
1.3,1.54,-4.83
1.92,1.54,-4.62
2.51,1.54,-4.33
3.05,1.54,-3.96
3.54,1.54,-3.53
3.97,1.54,-3.04
4.34,1.54,-2.49
4.62,1.54,-1.9
4.83,1.54,-1.28
4.96,1.54,-0.64
5.0,1.54,0.01
4.96,1.54,0.67
0.17,1.54,0.05
0.15,1.54,0.06
0.13,1.54,0.08
0.12,1.54,0.09
0.11,1.54,0.11
0.11,1.54,0.14
2.49,1.54,4.34
1.9,1.54,4.63
1.28,1.54,4.83
0.64,1.54,4.96
-0.02,1.54,5.0
-0.67,1.54,4.95
-1.31,1.54,4.82
-1.93,1.54,4.61
-2.52,1.54,4.32
-3.06,1.54,3.95
-3.55,1.54,3.52
-3.98,1.54,3.03
-4.34,1.54,2.48
-4.63,1.54,1.89
-4.84,1.54,1.27
-4.96,1.54,0.63
0.11,1.52,-0.0
0.28,1.52,0.04
0.33,1.52,0.09
0.34,1.52,0.14
0.33,1.52,0.19
0.3,1.52,0.23
0.26,1.52,0.26
0.2,1.52,0.26
0.13,1.52,0.23
-1.91,1.52,-4.62
-1.29,1.52,-4.83
-0.65,1.52,-4.96
0.01,1.52,-5.0
0.0,1.52,-0.02
0.0,1.52,-0.02
0.01,1.52,-0.01
0.01,1.52,-0.01
0.01,1.52,-0.01
0.01,1.52,-0.01
0.01,1.52,-0.01
0.01,1.52,-0.01
0.01,1.52,-0.0
0.01,1.52,-0.0
0.01,1.52,-0.0
0.01,1.52,0.0
0.01,1.52,0.0
0.02,1.52,0.0
0.02,1.52,0.01
0.12,1.52,0.07
0.11,1.52,0.09
0.1,1.52,0.1
0.1,1.52,0.13
0.1,1.52,0.17
1.9,1.52,4.63
1.28,1.52,4.83
0.64,1.52,4.96
-0.02,1.52,5.0
0.01,1.52,-0.06
0.02,1.52,-0.07
0.04,1.52,-0.09
0.05,1.52,-0.09
0.07,1.52,-0.09
0.09,1.52,-0.09
0.1,1.52,-0.08
0.11,1.52,-0.06
0.12,1.52,-0.05
0.12,1.52,-0.03
0.12,1.52,-0.01
0.17,1.51,-0.0
0.3,1.51,0.04
0.34,1.51,0.09
0.35,1.51,0.15
0.34,1.51,0.2
0.31,1.51,0.24
0.27,1.51,0.27
0.21,1.51,0.28
0.15,1.51,0.26
0.03,1.51,0.08
0.02,1.51,0.07
0.01,1.51,0.07
-0.0,1.51,0.06
-0.01,1.51,0.06
-0.01,1.51,0.05
-0.02,1.51,0.05
-0.03,1.51,0.04
-0.03,1.51,0.04
-0.03,1.51,0.03
-0.04,1.51,0.03
-0.04,1.51,0.02
-0.04,1.51,0.02
-0.04,1.51,0.01
-0.05,1.51,0.01
-0.05,1.51,-0.0
-0.05,1.51,-0.01
-0.05,1.51,-0.01
-0.05,1.51,-0.02
-0.05,1.51,-0.03
-0.05,1.51,-0.04
-0.05,1.51,-0.05
-0.05,1.51,-0.07
-0.04,1.51,-0.08
-0.04,1.51,-0.09
-0.03,1.51,-0.11
-0.02,1.51,-0.12
0.0,1.51,-0.13
0.02,1.51,-0.14
0.04,1.51,-0.15
0.06,1.51,-0.15
0.08,1.51,-0.15
0.11,1.51,-0.14
0.13,1.51,-0.13
0.15,1.51,-0.11
0.16,1.51,-0.09
0.17,1.51,-0.07
0.18,1.51,-0.05
0.18,1.51,-0.02
0.21,1.49,-0.0
0.32,1.49,0.04
0.35,1.49,0.09
0.36,1.49,0.15
0.35,1.49,0.2
0.32,1.49,0.24
0.27,1.49,0.27
0.22,1.49,0.28
0.16,1.49,0.27
0.05,1.49,0.12
0.03,1.49,0.11
0.01,1.49,0.11
-0.0,1.49,0.1
-0.01,1.49,0.1
-0.02,1.49,0.09
-0.03,1.49,0.08
-0.04,1.49,0.07
-0.05,1.49,0.07
-0.06,1.49,0.06
-0.06,1.49,0.05
-0.07,1.49,0.04
-0.07,1.49,0.03
-0.08,1.49,0.02
-0.08,1.49,0.01
-0.09,1.49,-0.0
-0.09,1.49,-0.01
-0.09,1.49,-0.02
-0.09,1.49,-0.04
-0.09,1.49,-0.05
-0.09,1.49,-0.07
-0.08,1.49,-0.08
-0.07,1.49,-0.1
-0.07,1.49,-0.11
-0.05,1.49,-0.13
-0.04,1.49,-0.15
-0.02,1.49,-0.16
0.0,1.49,-0.17
0.02,1.49,-0.18
0.05,1.49,-0.18
0.08,1.49,-0.18
0.1,1.49,-0.18
0.13,1.49,-0.17
0.15,1.49,-0.15
0.17,1.49,-0.13
0.19,1.49,-0.11
0.2,1.49,-0.08
0.21,1.49,-0.06
0.21,1.49,-0.03
0.25,1.47,0.0
0.33,1.47,0.04
0.36,1.47,0.1
0.37,1.47,0.15
0.35,1.47,0.2
0.32,1.47,0.25
0.28,1.47,0.28
0.22,1.47,0.29
0.16,1.47,0.28
0.06,1.47,0.14
0.04,1.47,0.14
0.02,1.47,0.14
-0.0,1.47,0.13
-0.02,1.47,0.13
-0.03,1.47,0.12
-0.04,1.47,0.11
-0.06,1.47,0.1
-0.07,1.47,0.09
-0.08,1.47,0.08
-0.09,1.47,0.07
-0.09,1.47,0.05
-0.1,1.47,0.04
-0.1,1.47,0.03
-0.11,1.47,0.01
-0.11,1.47,-0.0
-0.11,1.47,-0.02
-0.12,1.47,-0.03
-0.11,1.47,-0.05
-0.11,1.47,-0.07
-0.11,1.47,-0.08
-0.1,1.47,-0.1
-0.09,1.47,-0.12
-0.08,1.47,-0.14
-0.06,1.47,-0.16
-0.05,1.47,-0.17
-0.02,1.47,-0.19
0.0,1.47,-0.2
0.03,1.47,-0.21
0.06,1.47,-0.21
0.09,1.47,-0.21
0.12,1.47,-0.2
0.15,1.47,-0.19
0.17,1.47,-0.17
0.19,1.47,-0.15
0.21,1.47,-0.12
0.23,1.47,-0.09
0.24,1.47,-0.06
0.24,1.47,-0.03
0.27,1.45,-0.0
0.33,1.45,0.04
0.36,1.45,0.1
0.37,1.45,0.15
0.36,1.45,0.21
0.32,1.45,0.25
0.28,1.45,0.28
0.22,1.45,0.29
0.16,1.45,0.28
0.09,1.45,0.22
0.04,1.45,0.16
0.02,1.45,0.16
-0.0,1.45,0.16
-0.02,1.45,0.15
-0.04,1.45,0.14
-0.05,1.45,0.13
-0.07,1.45,0.12
-0.08,1.45,0.1
-0.09,1.45,0.09
-0.1,1.45,0.08
-0.11,1.45,0.06
-0.12,1.45,0.05
-0.13,1.45,0.03
-0.13,1.45,0.02
-0.13,1.45,-0.0
-0.14,1.45,-0.02
-0.14,1.45,-0.04
-0.14,1.45,-0.06
-0.13,1.45,-0.08
-0.13,1.45,-0.1
-0.12,1.45,-0.12
-0.11,1.45,-0.14
-0.09,1.45,-0.16
-0.07,1.45,-0.18
-0.05,1.45,-0.2
-0.03,1.45,-0.21
0.0,1.45,-0.22
0.03,1.45,-0.23
0.06,1.45,-0.23
0.1,1.45,-0.23
0.13,1.45,-0.22
0.16,1.45,-0.21
0.19,1.45,-0.19
0.21,1.45,-0.16
0.23,1.45,-0.13
0.25,1.45,-0.1
0.26,1.45,-0.07
0.26,1.45,-0.03
0.28,1.44,0.0
0.33,1.44,0.04
0.36,1.44,0.1
0.37,1.44,0.15
0.36,1.44,0.21
0.33,1.44,0.25
0.28,1.44,0.28
0.23,1.44,0.29
0.16,1.44,0.28
0.09,1.44,0.23
0.05,1.44,0.18
0.02,1.44,0.18
-0.0,1.44,0.17
-0.02,1.44,0.17
-0.04,1.44,0.16
-0.06,1.44,0.15
-0.08,1.44,0.13
-0.09,1.44,0.12
-0.11,1.44,0.1
-0.12,1.44,0.09
-0.13,1.44,0.07
-0.14,1.44,0.06
-0.14,1.44,0.04
-0.15,1.44,0.02
-0.15,1.44,-0.0
-0.15,1.44,-0.02
-0.15,1.44,-0.04
-0.15,1.44,-0.06
-0.15,1.44,-0.09
-0.14,1.44,-0.11
-0.13,1.44,-0.13
-0.12,1.44,-0.15
-0.1,1.44,-0.18
-0.08,1.44,-0.2
-0.06,1.44,-0.21
-0.03,1.44,-0.23
0.0,1.44,-0.24
0.03,1.44,-0.25
0.07,1.44,-0.25
0.1,1.44,-0.24
0.14,1.44,-0.23
0.17,1.44,-0.22
0.2,1.44,-0.2
0.23,1.44,-0.17
0.25,1.44,-0.14
0.26,1.44,-0.11
0.27,1.44,-0.07
0.28,1.44,-0.04
0.29,1.42,-0.0
0.33,1.42,0.04
0.36,1.42,0.1
0.37,1.42,0.15
0.36,1.42,0.21
0.32,1.42,0.25
0.28,1.42,0.28
0.22,1.42,0.29
0.16,1.42,0.28
0.09,1.42,0.23
0.05,1.42,0.2
0.03,1.42,0.2
-0.0,1.42,0.19
-0.02,1.42,0.18
-0.05,1.42,0.17
-0.07,1.42,0.16
-0.08,1.42,0.15
-0.1,1.42,0.13
-0.12,1.42,0.12
-0.13,1.42,0.1
-0.14,1.42,0.08
-0.15,1.42,0.06
-0.16,1.42,0.04
-0.16,1.42,0.02
-0.17,1.42,-0.0
-0.17,1.42,-0.02
-0.17,1.42,-0.05
-0.17,1.42,-0.07
-0.16,1.42,-0.09
-0.15,1.42,-0.12
-0.14,1.42,-0.14
-0.13,1.42,-0.17
-0.11,1.42,-0.19
-0.09,1.42,-0.21
-0.06,1.42,-0.23
-0.03,1.42,-0.24
0.0,1.42,-0.26
0.04,1.42,-0.26
0.07,1.42,-0.26
0.11,1.42,-0.26
0.14,1.42,-0.25
0.18,1.42,-0.23
0.21,1.42,-0.21
0.24,1.42,-0.18
0.26,1.42,-0.15
0.28,1.42,-0.11
0.29,1.42,-0.08
0.29,1.42,-0.04
0.3,1.4,-0.0
0.33,1.4,0.04
0.36,1.4,0.1
0.37,1.4,0.15
0.35,1.4,0.2
0.32,1.4,0.25
0.28,1.4,0.28
0.22,1.4,0.29
0.16,1.4,0.28
0.09,1.4,0.23
0.06,1.4,0.21
0.03,1.4,0.21
-0.0,1.4,0.2
-0.03,1.4,0.19
-0.05,1.4,0.18
-0.07,1.4,0.17
-0.09,1.4,0.16
-0.11,1.4,0.14
-0.13,1.4,0.12
-0.14,1.4,0.11
-0.15,1.4,0.09
-0.16,1.4,0.07
-0.17,1.4,0.05
-0.18,1.4,0.02
-0.18,1.4,-0.0
-0.18,1.4,-0.02
-0.18,1.4,-0.05
-0.18,1.4,-0.07
-0.17,1.4,-0.1
-0.16,1.4,-0.13
-0.15,1.4,-0.15
-0.14,1.4,-0.18
-0.12,1.4,-0.2
-0.09,1.4,-0.22
-0.06,1.4,-0.24
-0.03,1.4,-0.26
0.0,1.4,-0.27
0.04,1.4,-0.28
0.08,1.4,-0.28
0.11,1.4,-0.27
0.15,1.4,-0.26
0.19,1.4,-0.24
0.22,1.4,-0.22
0.25,1.4,-0.19
0.27,1.4,-0.16
0.29,1.4,-0.12
0.3,1.4,-0.08
0.3,1.4,-0.04
0.31,1.38,-0.0
0.33,1.38,0.04
0.36,1.38,0.1
0.36,1.38,0.15
0.35,1.38,0.2
0.32,1.38,0.24
0.27,1.38,0.27
0.22,1.38,0.28
0.16,1.38,0.27
0.1,1.38,0.24
0.06,1.38,0.23
0.03,1.38,0.23
-0.0,1.38,0.22
-0.03,1.38,0.21
-0.05,1.38,0.2
-0.08,1.38,0.19
-0.1,1.38,0.17
-0.12,1.38,0.16
-0.15,1.38,0.14
-0.16,1.38,0.12
-0.17,1.38,0.1
-0.18,1.38,0.07
-0.19,1.38,0.05
-0.2,1.38,0.03
-0.2,1.38,-0.0
-0.2,1.38,-0.03
-0.2,1.38,-0.05
-0.2,1.38,-0.08
-0.19,1.38,-0.11
-0.18,1.38,-0.14
-0.17,1.38,-0.17
-0.15,1.38,-0.19
-0.12,1.38,-0.22
-0.1,1.38,-0.24
-0.07,1.38,-0.26
-0.04,1.38,-0.28
0.0,1.38,-0.29
0.04,1.38,-0.29
0.08,1.38,-0.29
0.12,1.38,-0.29
0.16,1.38,-0.28
0.2,1.38,-0.26
0.23,1.38,-0.23
0.26,1.38,-0.2
0.29,1.38,-0.16
0.31,1.38,-0.13
0.32,1.38,-0.08
0.32,1.38,-0.04
0.33,1.37,0.0
0.32,1.37,0.04
0.34,1.37,0.09
0.34,1.37,0.14
0.33,1.37,0.19
0.3,1.37,0.23
0.26,1.37,0.26
0.21,1.37,0.27
0.15,1.37,0.27
0.1,1.37,0.24
0.06,1.37,0.24
0.03,1.37,0.23
-0.0,1.37,0.23
-0.03,1.37,0.22
-0.06,1.37,0.21
-0.08,1.37,0.19
-0.1,1.37,0.18
-0.13,1.37,0.17
-0.15,1.37,0.15
-0.16,1.37,0.12
-0.17,1.37,0.1
-0.18,1.37,0.07
-0.19,1.37,0.05
-0.2,1.37,0.03
-0.2,1.37,-0.0
-0.2,1.37,-0.03
-0.2,1.37,-0.05
-0.2,1.37,-0.08
-0.19,1.37,-0.11
-0.18,1.37,-0.14
-0.17,1.37,-0.17
-0.15,1.37,-0.19
-0.13,1.37,-0.22
-0.1,1.37,-0.24
-0.07,1.37,-0.26
-0.04,1.37,-0.28
0.0,1.37,-0.29
0.04,1.37,-0.3
0.08,1.37,-0.3
0.12,1.37,-0.29
0.16,1.37,-0.28
0.2,1.37,-0.26
0.23,1.37,-0.23
0.26,1.37,-0.2
0.29,1.37,-0.17
0.31,1.37,-0.13
0.32,1.37,-0.08
0.32,1.37,-0.04
0.33,1.35,-0.0
0.33,1.35,0.04
0.35,1.35,0.09
0.35,1.35,0.15
0.34,1.35,0.2
0.31,1.35,0.24
0.26,1.35,0.26
0.21,1.35,0.28
0.15,1.35,0.26
0.1,1.35,0.24
0.06,1.35,0.24
0.03,1.35,0.24
-0.0,1.35,0.23
-0.03,1.35,0.22
-0.06,1.35,0.21
-0.08,1.35,0.2
-0.11,1.35,0.19
-0.14,1.35,0.18
-0.16,1.35,0.16
-0.18,1.35,0.14
-0.18,1.35,0.11
-0.19,1.35,0.08
-0.2,1.35,0.05
-0.21,1.35,0.03
-0.21,1.35,-0.0
-0.21,1.35,-0.03
-0.21,1.35,-0.06
-0.21,1.35,-0.09
-0.2,1.35,-0.12
-0.19,1.35,-0.14
-0.17,1.35,-0.17
-0.15,1.35,-0.2
-0.13,1.35,-0.23
-0.1,1.35,-0.25
-0.07,1.35,-0.27
-0.04,1.35,-0.29
0.0,1.35,-0.3
0.04,1.35,-0.31
0.08,1.35,-0.3
0.12,1.35,-0.3
0.17,1.35,-0.28
0.2,1.35,-0.26
0.24,1.35,-0.24
0.27,1.35,-0.21
0.3,1.35,-0.17
0.32,1.35,-0.13
0.33,1.35,-0.09
0.33,1.35,-0.04
0.34,1.33,-0.0
0.33,1.33,0.04
0.35,1.33,0.09
0.35,1.33,0.15
0.33,1.33,0.19
0.3,1.33,0.23
0.26,1.33,0.26
0.21,1.33,0.27
0.15,1.33,0.26
0.1,1.33,0.24
0.07,1.33,0.25
0.03,1.33,0.24
-0.0,1.33,0.24
-0.03,1.33,0.23
-0.06,1.33,0.22
-0.09,1.33,0.21
-0.12,1.33,0.2
-0.15,1.33,0.19
-0.17,1.33,0.17
-0.19,1.33,0.14
-0.2,1.33,0.11
-0.19,1.33,0.08
-0.2,1.33,0.05
-0.21,1.33,0.03
-0.22,1.33,-0.0
-0.22,1.33,-0.03
-0.22,1.33,-0.06
-0.21,1.33,-0.09
-0.21,1.33,-0.12
-0.19,1.33,-0.15
-0.18,1.33,-0.18
-0.16,1.33,-0.21
-0.13,1.33,-0.23
-0.11,1.33,-0.26
-0.07,1.33,-0.28
-0.04,1.33,-0.29
0.0,1.33,-0.31
0.04,1.33,-0.31
0.08,1.33,-0.31
0.13,1.33,-0.3
0.17,1.33,-0.29
0.21,1.33,-0.27
0.25,1.33,-0.24
0.28,1.33,-0.21
0.3,1.33,-0.17
0.32,1.33,-0.13
0.33,1.33,-0.09
0.34,1.33,-0.04
0.34,1.31,-0.0
0.34,1.31,0.04
0.35,1.31,0.09
0.35,1.31,0.14
0.33,1.31,0.19
0.3,1.31,0.23
0.26,1.31,0.26
0.2,1.31,0.27
0.15,1.31,0.25
0.1,1.31,0.25
0.07,1.31,0.25
0.03,1.31,0.25
-0.0,1.31,0.25
-0.03,1.31,0.24
-0.06,1.31,0.22
-0.09,1.31,0.21
-0.12,1.31,0.21
-0.16,1.31,0.2
-0.18,1.31,0.18
-0.2,1.31,0.15
-0.2,1.31,0.12
-0.2,1.31,0.08
-0.21,1.31,0.06
-0.22,1.31,0.03
-0.22,1.31,-0.0
-0.22,1.31,-0.03
-0.22,1.31,-0.06
-0.22,1.31,-0.09
-0.21,1.31,-0.12
-0.2,1.31,-0.15
-0.18,1.31,-0.18
-0.16,1.31,-0.21
-0.14,1.31,-0.24
-0.11,1.31,-0.26
-0.08,1.31,-0.28
-0.04,1.31,-0.3
0.0,1.31,-0.31
0.04,1.31,-0.32
0.09,1.31,-0.32
0.13,1.31,-0.31
0.17,1.31,-0.3
0.21,1.31,-0.27
0.25,1.31,-0.25
0.28,1.31,-0.21
0.31,1.31,-0.18
0.33,1.31,-0.13
0.34,1.31,-0.09
0.35,1.31,-0.04
0.35,1.3,-0.0
0.34,1.3,0.04
0.34,1.3,0.09
0.34,1.3,0.14
0.33,1.3,0.19
0.29,1.3,0.23
0.25,1.3,0.25
0.2,1.3,0.26
0.14,1.3,0.25
0.1,1.3,0.25
0.07,1.3,0.26
0.03,1.3,0.25
-0.0,1.3,0.25
-0.03,1.3,0.24
-0.06,1.3,0.23
-0.09,1.3,0.22
-0.13,1.3,0.23
-0.17,1.3,0.22
-0.19,1.3,0.19
-0.21,1.3,0.16
-0.21,1.3,0.12
-0.21,1.3,0.09
-0.21,1.3,0.06
-0.22,1.3,0.03
-0.23,1.3,-0.0
-0.23,1.3,-0.03
-0.23,1.3,-0.06
-0.23,1.3,-0.09
-0.22,1.3,-0.13
-0.2,1.3,-0.16
-0.19,1.3,-0.19
-0.17,1.3,-0.22
-0.14,1.3,-0.25
-0.11,1.3,-0.27
-0.08,1.3,-0.29
-0.04,1.3,-0.31
0.0,1.3,-0.32
0.04,1.3,-0.32
0.09,1.3,-0.32
0.13,1.3,-0.31
0.17,1.3,-0.3
0.22,1.3,-0.28
0.25,1.3,-0.25
0.28,1.3,-0.22
0.31,1.3,-0.18
0.33,1.3,-0.14
0.34,1.3,-0.09
0.35,1.3,-0.04
0.35,1.28,-0.0
0.34,1.28,0.05
0.33,1.28,0.09
0.33,1.28,0.14
0.32,1.28,0.18
0.29,1.28,0.22
0.25,1.28,0.25
0.19,1.28,0.25
0.14,1.28,0.25
0.11,1.28,0.26
0.07,1.28,0.26
0.03,1.28,0.26
-0.0,1.28,0.25
-0.03,1.28,0.24
-0.06,1.28,0.23
-0.1,1.28,0.24
-0.14,1.28,0.24
-0.18,1.28,0.23
-0.21,1.28,0.2
-0.22,1.28,0.17
-0.22,1.28,0.13
-0.21,1.28,0.09
-0.22,1.28,0.06
-0.23,1.28,0.03
-0.23,1.28,-0.0
-0.24,1.28,-0.03
-0.24,1.28,-0.06
-0.23,1.28,-0.1
-0.22,1.28,-0.13
-0.21,1.28,-0.16
-0.19,1.28,-0.19
-0.17,1.28,-0.22
-0.14,1.28,-0.25
-0.11,1.28,-0.28
-0.08,1.28,-0.3
-0.04,1.28,-0.31
0.0,1.28,-0.32
0.04,1.28,-0.33
0.09,1.28,-0.32
0.13,1.28,-0.32
0.18,1.28,-0.3
0.22,1.28,-0.28
0.25,1.28,-0.25
0.29,1.28,-0.22
0.31,1.28,-0.18
0.33,1.28,-0.14
0.35,1.28,-0.09
0.35,1.28,-0.04
0.35,1.26,-0.0
0.35,1.26,0.05
0.33,1.26,0.09
0.33,1.26,0.13
0.31,1.26,0.18
0.28,1.26,0.21
0.24,1.26,0.24
0.19,1.26,0.24
0.14,1.26,0.25
0.11,1.26,0.26
0.07,1.26,0.26
0.03,1.26,0.26
-0.0,1.26,0.26
-0.03,1.26,0.25
-0.06,1.26,0.23
-0.1,1.26,0.25
-0.15,1.26,0.26
-0.19,1.26,0.24
-0.22,1.26,0.22
-0.23,1.26,0.18
-0.23,1.26,0.13
-0.22,1.26,0.09
-0.22,1.26,0.06
-0.23,1.26,0.03
-0.24,1.26,-0.0
-0.24,1.26,-0.03
-0.24,1.26,-0.07
-0.24,1.26,-0.1
-0.23,1.26,-0.13
-0.22,1.26,-0.17
-0.2,1.26,-0.2
-0.17,1.26,-0.23
-0.15,1.26,-0.26
-0.12,1.26,-0.28
-0.08,1.26,-0.3
-0.04,1.26,-0.32
0.0,1.26,-0.33
0.04,1.26,-0.33
0.09,1.26,-0.33
0.13,1.26,-0.32
0.18,1.26,-0.3
0.22,1.26,-0.28
0.26,1.26,-0.25
0.29,1.26,-0.22
0.33,1.26,-0.19
0.35,1.26,-0.14
0.35,1.26,-0.09
0.36,1.26,-0.05
0.35,1.24,-0.0
0.35,1.24,0.05
0.33,1.24,0.09
0.31,1.24,0.13
0.3,1.24,0.17
0.27,1.24,0.21
0.23,1.24,0.23
0.18,1.24,0.24
0.14,1.24,0.25
0.11,1.24,0.26
0.07,1.24,0.26
0.03,1.24,0.26
-0.0,1.24,0.26
-0.03,1.24,0.25
-0.06,1.24,0.24
-0.11,1.24,0.26
-0.16,1.24,0.27
-0.2,1.24,0.26
-0.23,1.24,0.23
-0.24,1.24,0.18
-0.23,1.24,0.13
-0.22,1.24,0.09
-0.23,1.24,0.06
-0.24,1.24,0.03
-0.24,1.24,-0.0
-0.25,1.24,-0.03
-0.25,1.24,-0.07
-0.24,1.24,-0.1
-0.23,1.24,-0.14
-0.22,1.24,-0.17
-0.2,1.24,-0.2
-0.18,1.24,-0.23
-0.15,1.24,-0.26
-0.12,1.24,-0.29
-0.08,1.24,-0.31
-0.04,1.24,-0.32
0.0,1.24,-0.33
0.05,1.24,-0.33
0.09,1.24,-0.33
0.13,1.24,-0.32
0.18,1.24,-0.3
0.22,1.24,-0.28
0.26,1.24,-0.25
0.29,1.24,-0.22
0.34,1.24,-0.2
0.37,1.24,-0.15
0.36,1.24,-0.1
0.36,1.24,-0.05
0.36,1.23,-0.0
0.35,1.23,0.05
0.33,1.23,0.09
0.31,1.23,0.13
0.28,1.23,0.16
0.25,1.23,0.19
0.24,1.23,0.24
0.18,1.23,0.24
0.14,1.23,0.25
0.11,1.23,0.26
0.07,1.23,0.26
0.03,1.23,0.26
-0.0,1.23,0.26
-0.03,1.23,0.25
-0.06,1.23,0.24
-0.11,1.23,0.27
-0.16,1.23,0.28
-0.21,1.23,0.27
-0.24,1.23,0.24
-0.25,1.23,0.19
-0.24,1.23,0.14
-0.22,1.23,0.09
-0.23,1.23,0.06
-0.24,1.23,0.03
-0.25,1.23,-0.0
-0.25,1.23,-0.03
-0.25,1.23,-0.07
-0.25,1.23,-0.1
-0.24,1.23,-0.14
-0.22,1.23,-0.17
-0.21,1.23,-0.21
-0.18,1.23,-0.24
-0.15,1.23,-0.27
-0.12,1.23,-0.29
-0.08,1.23,-0.31
-0.04,1.23,-0.33
0.0,1.23,-0.33
0.05,1.23,-0.34
0.09,1.23,-0.33
0.13,1.23,-0.32
0.18,1.23,-0.31
0.22,1.23,-0.28
0.26,1.23,-0.25
0.3,1.23,-0.23
0.36,1.23,-0.21
0.39,1.23,-0.16
0.38,1.23,-0.1
0.36,1.23,-0.05
0.35,1.21,-0.0
0.69,1.21,0.09
0.66,1.21,0.18
0.31,1.21,0.13
0.28,1.21,0.16
0.25,1.21,0.19
0.28,1.21,0.28
0.23,1.21,0.31
0.18,1.21,0.31
0.13,1.21,0.31
0.08,1.21,0.31
0.03,1.21,0.26
-0.0,1.21,0.26
-0.04,1.21,0.32
-0.08,1.21,0.3
-0.12,1.21,0.29
-0.17,1.21,0.3
-0.22,1.21,0.28
-0.25,1.21,0.25
-0.26,1.21,0.2
-0.25,1.21,0.14
-0.22,1.21,0.09
-0.24,1.21,0.06
-0.25,1.21,0.03
-0.25,1.21,-0.0
-0.26,1.21,-0.03
-0.26,1.21,-0.07
-0.25,1.21,-0.11
-0.24,1.21,-0.14
-0.23,1.21,-0.18
-0.21,1.21,-0.21
-0.18,1.21,-0.24
-0.15,1.21,-0.27
-0.12,1.21,-0.29
-0.08,1.21,-0.31
-0.04,1.21,-0.33
0.0,1.21,-0.34
0.05,1.21,-0.34
0.09,1.21,-0.33
0.14,1.21,-0.32
0.18,1.21,-0.31
0.22,1.21,-0.28
0.26,1.21,-0.25
0.31,1.21,-0.23
0.38,1.21,-0.22
0.41,1.21,-0.17
0.4,1.21,-0.11
0.36,1.21,-0.05
0.53,1.19,-0.0
0.72,1.19,0.09
0.7,1.19,0.19
0.31,1.19,0.13
0.28,1.19,0.16
0.29,1.19,0.23
0.29,1.19,0.29
0.25,1.19,0.32
0.19,1.19,0.33
0.14,1.19,0.34
0.09,1.19,0.34
0.04,1.19,0.34
-0.0,1.19,0.34
-0.05,1.19,0.35
-0.09,1.19,0.33
-0.13,1.19,0.32
-0.18,1.19,0.31
-0.23,1.19,0.29
-0.26,1.19,0.26
-0.26,1.19,0.2
-0.25,1.19,0.14
-0.22,1.19,0.09
-0.24,1.19,0.06
-0.25,1.19,0.03
-0.26,1.19,-0.0
-0.26,1.19,-0.03
-0.26,1.19,-0.07
-0.25,1.19,-0.11
-0.24,1.19,-0.14
-0.23,1.19,-0.18
-0.21,1.19,-0.21
-0.19,1.19,-0.24
-0.16,1.19,-0.27
-0.12,1.19,-0.3
-0.08,1.19,-0.32
-0.04,1.19,-0.33
0.0,1.19,-0.34
0.05,1.19,-0.34
0.09,1.19,-0.34
0.14,1.19,-0.32
0.18,1.19,-0.31
0.22,1.19,-0.28
0.26,1.19,-0.25
0.32,1.19,-0.24
0.39,1.19,-0.23
0.43,1.19,-0.18
0.42,1.19,-0.11
0.35,1.19,-0.04
0.57,1.17,-0.0
0.73,1.17,0.1
0.71,1.17,0.19
0.3,1.17,0.13
0.28,1.17,0.16
0.31,1.17,0.24
0.29,1.17,0.3
0.25,1.17,0.33
0.2,1.17,0.34
0.14,1.17,0.35
0.1,1.17,0.36
0.05,1.17,0.36
-0.0,1.17,0.36
-0.05,1.17,0.36
-0.09,1.17,0.35
-0.14,1.17,0.34
-0.19,1.17,0.33
-0.23,1.17,0.3
-0.26,1.17,0.26
-0.27,1.17,0.21
-0.25,1.17,0.14
-0.23,1.17,0.09
-0.24,1.17,0.06
-0.25,1.17,0.03
-0.26,1.17,-0.0
-0.26,1.17,-0.04
-0.26,1.17,-0.07
-0.26,1.17,-0.11
-0.25,1.17,-0.14
-0.23,1.17,-0.18
-0.21,1.17,-0.21
-0.19,1.17,-0.25
-0.16,1.17,-0.27
-0.12,1.17,-0.3
-0.08,1.17,-0.32
-0.04,1.17,-0.33
0.0,1.17,-0.34
0.05,1.17,-0.34
0.09,1.17,-0.34
0.14,1.17,-0.32
0.18,1.17,-0.31
0.22,1.17,-0.28
0.25,1.17,-0.25
0.33,1.17,-0.25
0.41,1.17,-0.23
0.45,1.17,-0.19
0.44,1.17,-0.12
0.53,1.17,-0.07
0.6,1.16,-0.0
0.74,1.16,0.1
0.72,1.16,0.19
0.3,1.16,0.12
0.27,1.16,0.16
0.31,1.16,0.24
0.3,1.16,0.3
0.26,1.16,0.33
0.2,1.16,0.35
0.15,1.16,0.36
0.1,1.16,0.37
0.05,1.16,0.37
-0.0,1.16,0.37
-0.05,1.16,0.37
-0.1,1.16,0.36
-0.15,1.16,0.35
-0.2,1.16,0.34
-0.24,1.16,0.31
-0.27,1.16,0.27
-0.28,1.16,0.21
-0.25,1.16,0.14
-0.23,1.16,0.09
-0.24,1.16,0.06
-0.25,1.16,0.03
-0.26,1.16,-0.0
-0.26,1.16,-0.04
-0.26,1.16,-0.07
-0.26,1.16,-0.11
-0.25,1.16,-0.14
-0.23,1.16,-0.18
-0.21,1.16,-0.21
-0.19,1.16,-0.25
-0.16,1.16,-0.27
-0.12,1.16,-0.3
-0.08,1.16,-0.32
-0.04,1.16,-0.33
0.0,1.16,-0.34
0.05,1.16,-0.34
0.09,1.16,-0.34
0.14,1.16,-0.33
0.18,1.16,-0.31
0.22,1.16,-0.28
0.25,1.16,-0.25
0.34,1.16,-0.26
0.43,1.16,-0.24
0.47,1.16,-0.19
0.51,1.16,-0.13
0.55,1.16,-0.07
0.61,1.14,0.0
0.74,1.14,0.1
0.72,1.14,0.19
0.29,1.14,0.12
0.27,1.14,0.16
0.31,1.14,0.24
0.3,1.14,0.3
0.26,1.14,0.34
0.2,1.14,0.35
0.15,1.14,0.36
0.1,1.14,0.37
0.05,1.14,0.38
-0.0,1.14,0.38
-0.05,1.14,0.38
-0.1,1.14,0.37
-0.15,1.14,0.36
-0.2,1.14,0.35
-0.25,1.14,0.32
-0.27,1.14,0.27
-0.28,1.14,0.21
-0.25,1.14,0.14
-0.23,1.14,0.09
-0.24,1.14,0.06
-0.25,1.14,0.03
-0.26,1.14,-0.0
-0.26,1.14,-0.04
-0.26,1.14,-0.07
-0.26,1.14,-0.11
-0.25,1.14,-0.14
-0.23,1.14,-0.18
-0.21,1.14,-0.21
-0.19,1.14,-0.25
-0.16,1.14,-0.27
-0.12,1.14,-0.3
-0.08,1.14,-0.32
-0.04,1.14,-0.33
0.0,1.14,-0.34
0.05,1.14,-0.34
0.09,1.14,-0.34
0.14,1.14,-0.33
0.18,1.14,-0.31
0.22,1.14,-0.28
0.25,1.14,-0.25
0.34,1.14,-0.26
0.44,1.14,-0.25
0.48,1.14,-0.2
0.53,1.14,-0.14
0.56,1.14,-0.07
0.61,1.12,-0.0
0.74,1.12,0.1
0.72,1.12,0.19
0.29,1.12,0.12
0.26,1.12,0.15
0.31,1.12,0.24
0.3,1.12,0.3
0.26,1.12,0.33
0.2,1.12,0.35
0.15,1.12,0.36
0.1,1.12,0.38
0.05,1.12,0.38
-0.0,1.12,0.38
-0.05,1.12,0.38
-0.1,1.12,0.37
-0.15,1.12,0.36
-0.2,1.12,0.35
-0.25,1.12,0.33
-0.28,1.12,0.28
-0.28,1.12,0.21
-0.24,1.12,0.14
-0.23,1.12,0.09
-0.24,1.12,0.06
-0.25,1.12,0.03
-0.26,1.12,-0.0
-0.26,1.12,-0.03
-0.26,1.12,-0.07
-0.26,1.12,-0.11
-0.25,1.12,-0.14
-0.23,1.12,-0.18
-0.21,1.12,-0.21
-0.19,1.12,-0.24
-0.16,1.12,-0.27
-0.12,1.12,-0.3
-0.08,1.12,-0.32
-0.04,1.12,-0.33
0.0,1.12,-0.34
0.05,1.12,-0.34
0.09,1.12,-0.34
0.14,1.12,-0.32
0.18,1.12,-0.3
0.22,1.12,-0.28
0.25,1.12,-0.25
0.35,1.12,-0.27
0.45,1.12,-0.26
0.5,1.12,-0.21
0.54,1.12,-0.14
0.57,1.12,-0.07
0.61,1.1,0.0
0.74,1.1,0.1
0.72,1.1,0.19
0.28,1.1,0.12
0.26,1.1,0.15
0.31,1.1,0.24
0.3,1.1,0.3
0.25,1.1,0.33
0.2,1.1,0.35
0.15,1.1,0.36
0.1,1.1,0.37
0.05,1.1,0.38
-0.0,1.1,0.38
-0.05,1.1,0.38
-0.1,1.1,0.37
-0.15,1.1,0.36
-0.21,1.1,0.35
-0.25,1.1,0.33
-0.28,1.1,0.28
-0.28,1.1,0.21
-0.21,1.1,0.12
-0.22,1.1,0.09
-0.24,1.1,0.06
-0.25,1.1,0.03
-0.25,1.1,-0.0
-0.26,1.1,-0.03
-0.26,1.1,-0.07
-0.25,1.1,-0.11
-0.24,1.1,-0.14
-0.23,1.1,-0.18
-0.21,1.1,-0.21
-0.18,1.1,-0.24
-0.16,1.1,-0.27
-0.12,1.1,-0.3
-0.08,1.1,-0.32
-0.04,1.1,-0.33
0.0,1.1,-0.34
0.05,1.1,-0.34
0.09,1.1,-0.33
0.13,1.1,-0.32
0.18,1.1,-0.3
0.21,1.1,-0.28
0.25,1.1,-0.25
0.36,1.1,-0.27
0.46,1.1,-0.26
0.51,1.1,-0.21
0.54,1.1,-0.14
0.57,1.1,-0.07
0.6,1.09,0.0
0.73,1.09,0.1
0.71,1.09,0.19
0.27,1.09,0.11
0.25,1.09,0.14
0.27,1.09,0.21
0.28,1.09,0.28
0.24,1.09,0.32
0.19,1.09,0.34
0.15,1.09,0.35
0.1,1.09,0.37
0.05,1.09,0.38
-0.0,1.09,0.37
-0.05,1.09,0.38
-0.1,1.09,0.37
-0.15,1.09,0.37
-0.21,1.09,0.36
-0.26,1.09,0.33
-0.28,1.09,0.28
-0.27,1.09,0.21
-0.21,1.09,0.12
-0.22,1.09,0.09
-0.23,1.09,0.06
-0.24,1.09,0.03
-0.25,1.09,-0.0
-0.25,1.09,-0.03
-0.25,1.09,-0.07
-0.25,1.09,-0.1
-0.24,1.09,-0.14
-0.22,1.09,-0.17
-0.2,1.09,-0.2
-0.18,1.09,-0.23
-0.15,1.09,-0.26
-0.12,1.09,-0.29
-0.08,1.09,-0.31
-0.04,1.09,-0.32
0.0,1.09,-0.33
0.04,1.09,-0.33
0.09,1.09,-0.33
0.13,1.09,-0.32
0.17,1.09,-0.3
0.21,1.09,-0.27
0.24,1.09,-0.24
0.27,1.09,-0.21
0.47,1.09,-0.27
0.52,1.09,-0.21
0.55,1.09,-0.14
0.57,1.09,-0.07
0.56,1.07,0.0
0.62,1.07,0.08
0.29,1.07,0.08
0.27,1.07,0.11
0.24,1.07,0.14
0.22,1.07,0.17
0.19,1.07,0.19
0.21,1.07,0.27
0.17,1.07,0.3
0.14,1.07,0.34
0.09,1.07,0.35
0.05,1.07,0.35
-0.0,1.07,0.37
-0.05,1.07,0.37
-0.1,1.07,0.37
-0.15,1.07,0.36
-0.2,1.07,0.35
-0.25,1.07,0.32
-0.27,1.07,0.27
-0.26,1.07,0.2
-0.2,1.07,0.11
-0.22,1.07,0.09
-0.23,1.07,0.06
-0.24,1.07,0.03
-0.25,1.07,-0.0
-0.25,1.07,-0.03
-0.25,1.07,-0.07
-0.25,1.07,-0.1
-0.24,1.07,-0.14
-0.22,1.07,-0.17
-0.2,1.07,-0.21
-0.18,1.07,-0.24
-0.15,1.07,-0.26
-0.12,1.07,-0.29
-0.08,1.07,-0.31
-0.04,1.07,-0.32
0.0,1.07,-0.33
0.04,1.07,-0.33
0.09,1.07,-0.33
0.13,1.07,-0.31
0.17,1.07,-0.29
0.21,1.07,-0.27
0.24,1.07,-0.24
0.36,1.07,-0.27
0.47,1.07,-0.27
0.52,1.07,-0.21
0.55,1.07,-0.14
0.57,1.07,-0.07
0.55,1.05,-0.0
0.68,1.05,0.09
0.28,1.05,0.08
0.26,1.05,0.11
0.24,1.05,0.14
0.21,1.05,0.16
0.25,1.05,0.25
0.22,1.05,0.29
0.18,1.05,0.31
0.14,1.05,0.33
0.09,1.05,0.35
0.05,1.05,0.35
-0.0,1.05,0.35
-0.05,1.05,0.36
-0.1,1.05,0.35
-0.14,1.05,0.35
-0.2,1.05,0.34
-0.24,1.05,0.32
-0.27,1.05,0.26
-0.18,1.05,0.13
-0.19,1.05,0.11
-0.21,1.05,0.09
-0.22,1.05,0.06
-0.23,1.05,0.03
-0.24,1.05,-0.0
-0.24,1.05,-0.03
-0.24,1.05,-0.07
-0.24,1.05,-0.1
-0.23,1.05,-0.13
-0.22,1.05,-0.17
-0.2,1.05,-0.2
-0.18,1.05,-0.23
-0.15,1.05,-0.26
-0.12,1.05,-0.28
-0.08,1.05,-0.3
-0.04,1.05,-0.32
0.0,1.05,-0.32
0.04,1.05,-0.33
0.09,1.05,-0.32
0.13,1.05,-0.31
0.17,1.05,-0.29
0.21,1.05,-0.27
0.24,1.05,-0.24
0.33,1.05,-0.25
0.48,1.05,-0.27
0.52,1.05,-0.21
0.55,1.05,-0.14
0.56,1.05,-0.07
0.54,1.03,-0.0
0.59,1.03,0.08
0.27,1.03,0.07
0.26,1.03,0.11
0.23,1.03,0.13
0.21,1.03,0.16
0.18,1.03,0.18
0.15,1.03,0.2
0.12,1.03,0.21
0.12,1.03,0.29
0.09,1.03,0.32
0.04,1.03,0.32
-0.0,1.03,0.33
-0.05,1.03,0.34
-0.09,1.03,0.34
-0.14,1.03,0.33
-0.19,1.03,0.33
-0.23,1.03,0.3
-0.25,1.03,0.25
-0.17,1.03,0.13
-0.19,1.03,0.11
-0.2,1.03,0.08
-0.22,1.03,0.06
-0.23,1.03,0.03
-0.23,1.03,-0.0
-0.24,1.03,-0.03
-0.24,1.03,-0.06
-0.23,1.03,-0.1
-0.22,1.03,-0.13
-0.21,1.03,-0.16
-0.19,1.03,-0.2
-0.17,1.03,-0.22
-0.14,1.03,-0.25
-0.11,1.03,-0.28
-0.08,1.03,-0.29
-0.04,1.03,-0.31
0.0,1.03,-0.32
0.04,1.03,-0.32
0.09,1.03,-0.31
0.13,1.03,-0.3
0.17,1.03,-0.28
0.2,1.03,-0.26
0.23,1.03,-0.23
0.26,1.03,-0.2
0.47,1.03,-0.27
0.52,1.03,-0.21
0.54,1.03,-0.14
0.55,1.03,-0.07
0.52,1.02,-0.0
0.28,1.02,0.04
0.27,1.02,0.07
0.25,1.02,0.1
0.23,1.02,0.13
0.2,1.02,0.15
0.17,1.02,0.17
0.14,1.02,0.19
0.12,1.02,0.2
0.09,1.02,0.21
0.06,1.02,0.21
0.03,1.02,0.21
-0.0,1.02,0.21
-0.03,1.02,0.21
-0.08,1.02,0.3
-0.13,1.02,0.31
-0.18,1.02,0.31
-0.22,1.02,0.29
-0.14,1.02,0.14
-0.16,1.02,0.13
-0.18,1.02,0.1
-0.2,1.02,0.08
-0.21,1.02,0.06
-0.22,1.02,0.03
-0.22,1.02,-0.0
-0.23,1.02,-0.03
-0.23,1.02,-0.06
-0.22,1.02,-0.09
-0.22,1.02,-0.13
-0.2,1.02,-0.16
-0.19,1.02,-0.19
-0.17,1.02,-0.22
-0.14,1.02,-0.24
-0.11,1.02,-0.27
-0.08,1.02,-0.29
-0.04,1.02,-0.3
0.0,1.02,-0.31
0.04,1.02,-0.31
0.08,1.02,-0.31
0.12,1.02,-0.29
0.16,1.02,-0.28
0.2,1.02,-0.25
0.23,1.02,-0.22
0.25,1.02,-0.19
0.47,1.02,-0.27
0.52,1.02,-0.21
0.53,1.02,-0.14
0.54,1.02,-0.07
0.28,1.0,-0.0
0.27,1.0,0.04
0.26,1.0,0.07
0.24,1.0,0.1
0.22,1.0,0.13
0.19,1.0,0.15
0.17,1.0,0.17
0.14,1.0,0.18
0.11,1.0,0.19
0.08,1.0,0.2
0.05,1.0,0.2
0.03,1.0,0.2
-0.0,1.0,0.2
-0.03,1.0,0.2
-0.05,1.0,0.19
-0.07,1.0,0.18
-0.1,1.0,0.17
-0.12,1.0,0.15
-0.14,1.0,0.14
-0.16,1.0,0.12
-0.17,1.0,0.1
-0.19,1.0,0.08
-0.2,1.0,0.05
-0.21,1.0,0.03
-0.21,1.0,-0.0
-0.22,1.0,-0.03
-0.22,1.0,-0.06
-0.22,1.0,-0.09
-0.21,1.0,-0.12
-0.2,1.0,-0.15
-0.18,1.0,-0.18
-0.16,1.0,-0.21
-0.14,1.0,-0.24
-0.11,1.0,-0.26
-0.07,1.0,-0.28
-0.04,1.0,-0.29
0.0,1.0,-0.3
0.04,1.0,-0.3
0.08,1.0,-0.3
0.12,1.0,-0.28
0.16,1.0,-0.27
0.19,1.0,-0.25
0.22,1.0,-0.22
0.24,1.0,-0.19
0.46,1.0,-0.26
0.51,1.0,-0.21
0.52,1.0,-0.14
0.52,1.0,-0.07
0.27,0.98,-0.0
0.26,0.98,0.03
0.24,0.98,0.07
0.23,0.98,0.09
0.21,0.98,0.12
0.18,0.98,0.14
0.16,0.98,0.16
0.13,0.98,0.17
0.1,0.98,0.17
0.07,0.98,0.18
0.05,0.98,0.19
0.03,0.98,0.19
-0.0,0.98,0.2
-0.03,0.98,0.19
-0.05,0.98,0.19
-0.08,0.98,0.18
-0.1,0.98,0.17
-0.12,0.98,0.16
-0.14,0.98,0.14
-0.16,0.98,0.12
-0.17,0.98,0.1
-0.18,0.98,0.07
-0.19,0.98,0.05
-0.22,0.98,0.03
-0.23,0.98,-0.0
-0.23,0.98,-0.03
-0.23,0.98,-0.06
-0.22,0.98,-0.09
-0.21,0.98,-0.12
-0.19,0.98,-0.15
-0.17,0.98,-0.17
-0.15,0.98,-0.2
-0.13,0.98,-0.23
-0.1,0.98,-0.25
-0.07,0.98,-0.27
-0.04,0.98,-0.28
0.0,0.98,-0.29
0.04,0.98,-0.29
0.08,0.98,-0.28
0.11,0.98,-0.27
0.15,0.98,-0.26
0.18,0.98,-0.24
0.21,0.98,-0.21
0.23,0.98,-0.18
0.44,0.98,-0.25
0.49,0.98,-0.2
0.49,0.98,-0.13
0.27,0.98,-0.03
0.27,0.96,-0.0
0.25,0.96,0.03
0.23,0.96,0.06
0.21,0.96,0.09
0.19,0.96,0.11
0.17,0.96,0.13
0.15,0.96,0.15
0.12,0.96,0.16
0.1,0.96,0.17
0.07,0.96,0.18
0.05,0.96,0.18
0.02,0.96,0.18
-0.0,0.96,0.18
-0.02,0.96,0.17
-0.04,0.96,0.17
-0.07,0.96,0.16
-0.09,0.96,0.15
-0.11,0.96,0.14
-0.14,0.96,0.13
-0.16,0.96,0.12
-0.18,0.96,0.1
-0.2,0.96,0.08
-0.21,0.96,0.06
-0.23,0.96,0.03
-0.24,0.96,-0.0
-0.24,0.96,-0.03
-0.24,0.96,-0.06
-0.23,0.96,-0.1
-0.22,0.96,-0.13
-0.2,0.96,-0.15
-0.18,0.96,-0.18
-0.15,0.96,-0.2
-0.12,0.96,-0.21
-0.1,0.96,-0.23
-0.07,0.96,-0.26
-0.03,0.96,-0.27
0.0,0.96,-0.27
0.04,0.96,-0.27
0.08,0.96,-0.28
0.11,0.96,-0.27
0.15,0.96,-0.26
0.18,0.96,-0.24
0.21,0.96,-0.21
0.23,0.96,-0.18
0.25,0.96,-0.14
0.47,0.96,-0.19
0.26,0.96,-0.07
0.27,0.96,-0.03
0.25,0.95,-0.0
0.23,0.95,0.03
0.22,0.95,0.06
0.2,0.95,0.08
0.18,0.95,0.1
0.16,0.95,0.12
0.14,0.95,0.14
0.11,0.95,0.15
0.09,0.95,0.16
0.07,0.95,0.16
0.04,0.95,0.16
0.02,0.95,0.16
-0.0,0.95,0.16
-0.02,0.95,0.16
-0.04,0.95,0.16
-0.07,0.95,0.16
-0.09,0.95,0.16
-0.12,0.95,0.15
-0.14,0.95,0.14
-0.16,0.95,0.13
-0.19,0.95,0.11
-0.21,0.95,0.08
-0.22,0.95,0.06
-0.23,0.95,0.03
-0.24,0.95,-0.0
-0.25,0.95,-0.03
-0.24,0.95,-0.07
-0.24,0.95,-0.1
-0.22,0.95,-0.13
-0.21,0.95,-0.16
-0.18,0.95,-0.18
-0.16,0.95,-0.2
-0.13,0.95,-0.22
-0.1,0.95,-0.23
-0.07,0.95,-0.25
-0.03,0.95,-0.26
0.0,0.95,-0.28
0.04,0.95,-0.28
0.08,0.95,-0.29
0.12,0.95,-0.28
0.15,0.95,-0.26
0.19,0.95,-0.24
0.22,0.95,-0.22
0.24,0.95,-0.18
0.26,0.95,-0.15
0.26,0.95,-0.11
0.27,0.95,-0.07
0.26,0.95,-0.03
0.25,0.93,0.0
0.24,0.93,0.03
0.22,0.93,0.06
0.19,0.93,0.08
0.17,0.93,0.1
0.14,0.93,0.11
0.12,0.93,0.12
0.1,0.93,0.13
0.08,0.93,0.14
0.06,0.93,0.14
0.04,0.93,0.15
0.02,0.93,0.16
-0.0,0.93,0.16
-0.02,0.93,0.17
-0.05,0.93,0.17
-0.07,0.93,0.17
-0.09,0.93,0.16
-0.12,0.93,0.16
-0.14,0.93,0.14
-0.17,0.93,0.13
-0.19,0.93,0.11
-0.21,0.93,0.09
-0.23,0.93,0.06
-0.24,0.93,0.03
-0.25,0.93,-0.0
-0.25,0.93,-0.03
-0.25,0.93,-0.07
-0.24,0.93,-0.1
-0.23,0.93,-0.13
-0.21,0.93,-0.16
-0.19,0.93,-0.19
-0.16,0.93,-0.21
-0.13,0.93,-0.23
-0.1,0.93,-0.24
-0.07,0.93,-0.25
-0.03,0.93,-0.27
0.0,0.93,-0.28
0.04,0.93,-0.29
0.08,0.93,-0.29
0.12,0.93,-0.28
0.16,0.93,-0.27
0.19,0.93,-0.25
0.22,0.93,-0.22
0.24,0.93,-0.19
0.26,0.93,-0.15
0.27,0.93,-0.11
0.27,0.93,-0.07
0.27,0.93,-0.03
0.26,0.91,0.0
0.24,0.91,0.03
0.22,0.91,0.06
0.2,0.91,0.08
0.17,0.91,0.1
0.14,0.91,0.11
0.12,0.91,0.12
0.1,0.91,0.13
0.08,0.91,0.14
0.06,0.91,0.15
0.04,0.91,0.15
0.02,0.91,0.16
-0.0,0.91,0.17
-0.02,0.91,0.17
-0.05,0.91,0.17
-0.07,0.91,0.17
-0.1,0.91,0.17
-0.12,0.91,0.16
-0.15,0.91,0.15
-0.18,0.91,0.13
-0.2,0.91,0.11
-0.22,0.91,0.09
-0.24,0.91,0.06
-0.25,0.91,0.03
-0.26,0.91,-0.0
-0.26,0.91,-0.04
-0.26,0.91,-0.07
-0.25,0.91,-0.1
-0.24,0.91,-0.14
-0.22,0.91,-0.17
-0.19,0.91,-0.19
-0.16,0.91,-0.21
-0.13,0.91,-0.23
-0.1,0.91,-0.24
-0.07,0.91,-0.26
-0.03,0.91,-0.27
0.0,0.91,-0.28
0.04,0.91,-0.29
0.08,0.91,-0.29
0.12,0.91,-0.29
0.16,0.91,-0.27
0.19,0.91,-0.25
0.22,0.91,-0.22
0.25,0.91,-0.19
0.26,0.91,-0.15
0.28,0.91,-0.11
0.28,0.91,-0.07
0.27,0.91,-0.03
0.27,0.89,-0.0
0.25,0.89,0.03
0.23,0.89,0.06
0.2,0.89,0.08
0.18,0.89,0.1
0.15,0.89,0.11
0.13,0.89,0.13
0.1,0.89,0.14
0.08,0.89,0.14
0.06,0.89,0.15
0.04,0.89,0.16
0.02,0.89,0.17
-0.0,0.89,0.17
-0.02,0.89,0.18
-0.05,0.89,0.18
-0.07,0.89,0.17
-0.1,0.89,0.17
-0.12,0.89,0.16
-0.15,0.89,0.15
-0.17,0.89,0.13
-0.19,0.89,0.11
-0.21,0.89,0.09
-0.23,0.89,0.06
-0.24,0.89,0.03
-0.25,0.89,-0.0
-0.25,0.89,-0.03
-0.25,0.89,-0.07
-0.24,0.89,-0.1
-0.23,0.89,-0.13
-0.21,0.89,-0.16
-0.19,0.89,-0.19
-0.16,0.89,-0.21
-0.13,0.89,-0.23
-0.1,0.89,-0.24
-0.07,0.89,-0.26
-0.03,0.89,-0.27
0.0,0.89,-0.28
0.04,0.89,-0.29
0.08,0.89,-0.3
0.12,0.89,-0.29
0.16,0.89,-0.27
0.2,0.89,-0.25
0.22,0.89,-0.22
0.25,0.89,-0.19
0.26,0.89,-0.15
0.27,0.89,-0.11
0.28,0.89,-0.07
0.27,0.89,-0.03
0.27,0.88,-0.0
0.24,0.88,0.03
0.22,0.88,0.06
0.2,0.88,0.08
0.17,0.88,0.1
0.15,0.88,0.11
0.12,0.88,0.12
0.1,0.88,0.13
0.08,0.88,0.14
0.06,0.88,0.15
0.04,0.88,0.16
0.02,0.88,0.17
-0.0,0.88,0.17
-0.02,0.88,0.17
-0.05,0.88,0.18
-0.07,0.88,0.17
-0.1,0.88,0.17
-0.12,0.88,0.16
-0.15,0.88,0.15
-0.17,0.88,0.13
-0.2,0.88,0.11
-0.22,0.88,0.09
-0.23,0.88,0.06
-0.25,0.88,0.03
-0.26,0.88,-0.0
-0.26,0.88,-0.03
-0.26,0.88,-0.07
-0.25,0.88,-0.1
-0.23,0.88,-0.14
-0.22,0.88,-0.17
-0.19,0.88,-0.19
-0.16,0.88,-0.21
-0.13,0.88,-0.23
-0.1,0.88,-0.25
-0.07,0.88,-0.26
-0.03,0.88,-0.27
0.0,0.88,-0.29
0.04,0.88,-0.3
0.08,0.88,-0.3
0.12,0.88,-0.29
0.16,0.88,-0.27
0.2,0.88,-0.25
0.23,0.88,-0.22
0.25,0.88,-0.19
0.28,0.88,-0.16
0.3,0.88,-0.12
0.3,0.88,-0.08
0.3,0.88,-0.04
0.3,0.86,0.0
0.26,0.86,0.03
0.22,0.86,0.06
0.2,0.86,0.08
0.17,0.86,0.1
0.15,0.86,0.11
0.12,0.86,0.12
0.1,0.86,0.13
0.08,0.86,0.14
0.06,0.86,0.15
0.04,0.86,0.16
0.02,0.86,0.16
-0.0,0.86,0.17
-0.02,0.86,0.17
-0.05,0.86,0.18
-0.07,0.86,0.17
-0.1,0.86,0.17
-0.12,0.86,0.16
-0.15,0.86,0.15
-0.18,0.86,0.14
-0.21,0.86,0.12
-0.23,0.86,0.09
-0.25,0.86,0.07
-0.26,0.86,0.03
-0.26,0.86,-0.0
-0.26,0.86,-0.03
-0.26,0.86,-0.07
-0.25,0.86,-0.1
-0.23,0.86,-0.14
-0.21,0.86,-0.17
-0.19,0.86,-0.19
-0.16,0.86,-0.21
-0.13,0.86,-0.23
-0.1,0.86,-0.24
-0.07,0.86,-0.26
-0.03,0.86,-0.27
0.0,0.86,-0.29
0.04,0.86,-0.29
0.08,0.86,-0.3
0.12,0.86,-0.29
0.16,0.86,-0.27
0.19,0.86,-0.25
0.23,0.86,-0.23
0.26,0.86,-0.2
0.29,0.86,-0.17
0.31,0.86,-0.13
0.32,0.86,-0.08
0.32,0.86,-0.04
0.33,0.84,0.0
0.29,0.84,0.04
0.24,0.84,0.06
0.19,0.84,0.08
0.17,0.84,0.1
0.14,0.84,0.11
0.12,0.84,0.12
0.1,0.84,0.13
0.08,0.84,0.14
0.06,0.84,0.15
0.04,0.84,0.15
0.02,0.84,0.16
-0.0,0.84,0.17
-0.02,0.84,0.17
-0.05,0.84,0.17
-0.07,0.84,0.17
-0.1,0.84,0.17
-0.13,0.84,0.16
-0.16,0.84,0.16
-0.19,0.84,0.15
-0.22,0.84,0.13
-0.24,0.84,0.1
-0.26,0.84,0.07
-0.27,0.84,0.03
-0.27,0.84,-0.0
-0.27,0.84,-0.04
-0.25,0.84,-0.07
-0.25,0.84,-0.1
-0.23,0.84,-0.13
-0.21,0.84,-0.16
-0.19,0.84,-0.19
-0.16,0.84,-0.21
-0.13,0.84,-0.23
-0.1,0.84,-0.24
-0.07,0.84,-0.26
-0.03,0.84,-0.27
0.0,0.84,-0.28
0.04,0.84,-0.29
0.08,0.84,-0.29
0.12,0.84,-0.29
0.16,0.84,-0.27
0.19,0.84,-0.25
0.24,0.84,-0.23
0.27,0.84,-0.21
0.3,0.84,-0.17
0.33,0.84,-0.13
0.34,0.84,-0.09
0.34,0.84,-0.04
0.35,0.82,0.0
0.32,0.82,0.04
0.26,0.82,0.07
0.2,0.82,0.08
0.17,0.82,0.1
0.14,0.82,0.11
0.12,0.82,0.12
0.1,0.82,0.13
0.08,0.82,0.13
0.06,0.82,0.14
0.04,0.82,0.15
0.02,0.82,0.16
-0.0,0.82,0.16
-0.02,0.82,0.17
-0.05,0.82,0.17
-0.07,0.82,0.17
-0.1,0.82,0.17
-0.14,0.82,0.18
-0.17,0.82,0.17
-0.21,0.82,0.16
-0.23,0.82,0.13
-0.26,0.82,0.11
-0.27,0.82,0.07
-0.28,0.82,0.04
-0.28,0.82,-0.0
-0.27,0.82,-0.04
-0.26,0.82,-0.07
-0.24,0.82,-0.1
-0.23,0.82,-0.13
-0.21,0.82,-0.16
-0.19,0.82,-0.19
-0.16,0.82,-0.21
-0.13,0.82,-0.23
-0.1,0.82,-0.24
-0.07,0.82,-0.25
-0.03,0.82,-0.27
0.0,0.82,-0.28
0.04,0.82,-0.29
0.08,0.82,-0.29
0.12,0.82,-0.28
0.16,0.82,-0.27
0.2,0.82,-0.26
0.24,0.82,-0.24
0.28,0.82,-0.21
0.31,0.82,-0.18
0.34,0.82,-0.14
0.36,0.82,-0.09
0.37,0.82,-0.05
0.38,0.81,0.0
0.35,0.81,0.05
0.29,0.81,0.08
0.22,0.81,0.09
0.16,0.81,0.09
0.14,0.81,0.1
0.11,0.81,0.11
0.09,0.81,0.12
0.08,0.81,0.13
0.06,0.81,0.14
0.04,0.81,0.15
0.02,0.81,0.15
-0.0,0.81,0.16
-0.02,0.81,0.16
-0.04,0.81,0.17
-0.07,0.81,0.18
-0.11,0.81,0.19
-0.14,0.81,0.19
-0.18,0.81,0.18
-0.22,0.81,0.17
-0.25,0.81,0.14
-0.27,0.81,0.11
-0.28,0.81,0.08
-0.29,0.81,0.04
-0.29,0.81,-0.0
-0.28,0.81,-0.04
-0.27,0.81,-0.07
-0.25,0.81,-0.1
-0.22,0.81,-0.13
-0.21,0.81,-0.16
-0.18,0.81,-0.18
-0.16,0.81,-0.21
-0.13,0.81,-0.22
-0.1,0.81,-0.23
-0.07,0.81,-0.25
-0.03,0.81,-0.26
0.0,0.81,-0.27
0.04,0.81,-0.28
0.08,0.81,-0.28
0.12,0.81,-0.28
0.16,0.81,-0.27
0.2,0.81,-0.26
0.24,0.81,-0.24
0.28,0.81,-0.22
0.32,0.81,-0.18
0.35,0.81,-0.14
0.38,0.81,-0.1
0.39,0.81,-0.05
0.4,0.79,-0.0
0.37,0.79,0.05
0.31,0.79,0.08
0.24,0.79,0.1
0.17,0.79,0.1
0.13,0.79,0.1
0.11,0.79,0.11
0.09,0.79,0.12
0.07,0.79,0.12
0.05,0.79,0.13
0.04,0.79,0.14
0.02,0.79,0.15
-0.0,0.79,0.15
-0.02,0.79,0.16
-0.05,0.79,0.17
-0.08,0.79,0.19
-0.11,0.79,0.2
-0.15,0.79,0.2
-0.19,0.79,0.19
-0.23,0.79,0.18
-0.26,0.79,0.15
-0.28,0.79,0.12
-0.3,0.79,0.08
-0.3,0.79,0.04
-0.3,0.79,-0.0
-0.29,0.79,-0.04
-0.27,0.79,-0.07
-0.25,0.79,-0.11
-0.23,0.79,-0.13
-0.2,0.79,-0.16
-0.18,0.79,-0.18
-0.15,0.79,-0.2
-0.12,0.79,-0.22
-0.09,0.79,-0.23
-0.06,0.79,-0.24
-0.03,0.79,-0.25
0.0,0.79,-0.27
0.04,0.79,-0.28
0.08,0.79,-0.28
0.11,0.79,-0.27
0.16,0.79,-0.27
0.2,0.79,-0.26
0.25,0.79,-0.24
0.29,0.79,-0.22
0.33,0.79,-0.19
0.36,0.79,-0.15
0.39,0.79,-0.1
0.41,0.79,-0.05
0.43,0.77,0.0
0.4,0.77,0.05
0.34,0.77,0.09
0.26,0.77,0.11
0.18,0.77,0.1
0.12,0.77,0.09
0.1,0.77,0.1
0.08,0.77,0.11
0.07,0.77,0.12
0.05,0.77,0.12
0.03,0.77,0.13
0.02,0.77,0.14
-0.0,0.77,0.15
-0.02,0.77,0.16
-0.05,0.77,0.18
-0.08,0.77,0.2
-0.12,0.77,0.21
-0.16,0.77,0.21
-0.21,0.77,0.21
-0.24,0.77,0.19
-0.28,0.77,0.16
-0.3,0.77,0.12
-0.31,0.77,0.08
-0.31,0.77,0.04
-0.3,0.77,-0.0
-0.29,0.77,-0.04
-0.28,0.77,-0.07
-0.26,0.77,-0.11
-0.23,0.77,-0.13
-0.2,0.77,-0.16
-0.17,0.77,-0.17
-0.15,0.77,-0.19
-0.12,0.77,-0.21
-0.09,0.77,-0.22
-0.06,0.77,-0.23
-0.03,0.77,-0.24
0.0,0.77,-0.26
0.04,0.77,-0.27
0.07,0.77,-0.27
0.11,0.77,-0.27
0.16,0.77,-0.27
0.21,0.77,-0.27
0.25,0.77,-0.25
0.29,0.77,-0.22
0.33,0.77,-0.19
0.37,0.77,-0.15
0.41,0.77,-0.11
0.43,0.77,-0.05
0.45,0.75,-0.0
0.42,0.75,0.06
0.36,0.75,0.1
0.28,0.75,0.12
0.19,0.75,0.11
0.12,0.75,0.09
0.09,0.75,0.09
0.08,0.75,0.1
0.06,0.75,0.11
0.05,0.75,0.11
0.03,0.75,0.12
0.02,0.75,0.13
-0.0,0.75,0.15
-0.02,0.75,0.17
-0.05,0.75,0.19
-0.09,0.75,0.21
-0.13,0.75,0.22
-0.17,0.75,0.22
-0.22,0.75,0.22
-0.26,0.75,0.2
-0.29,0.75,0.17
-0.31,0.75,0.13
-0.32,0.75,0.08
-0.32,0.75,0.04
-0.31,0.75,-0.0
-0.3,0.75,-0.04
-0.28,0.75,-0.08
-0.26,0.75,-0.11
-0.23,0.75,-0.13
-0.2,0.75,-0.16
-0.17,0.75,-0.17
-0.14,0.75,-0.18
-0.11,0.75,-0.2
-0.09,0.75,-0.21
-0.06,0.75,-0.22
-0.03,0.75,-0.23
0.0,0.75,-0.24
0.03,0.75,-0.25
0.07,0.75,-0.26
0.11,0.75,-0.27
0.16,0.75,-0.27
0.2,0.75,-0.26
0.25,0.75,-0.25
0.3,0.75,-0.22
0.34,0.75,-0.19
0.38,0.75,-0.16
0.42,0.75,-0.11
0.45,0.75,-0.06
0.47,0.74,0.0
0.45,0.74,0.06
0.39,0.74,0.1
0.3,0.74,0.12
0.2,0.74,0.12
0.13,0.74,0.1
0.08,0.74,0.08
0.07,0.74,0.09
0.05,0.74,0.1
0.04,0.74,0.1
0.03,0.74,0.12
0.02,0.74,0.13
-0.0,0.74,0.15
-0.02,0.74,0.18
-0.05,0.74,0.2
-0.09,0.74,0.22
-0.13,0.74,0.23
-0.18,0.74,0.24
-0.23,0.74,0.23
-0.27,0.74,0.21
-0.3,0.74,0.17
-0.32,0.74,0.13
-0.33,0.74,0.09
-0.33,0.74,0.04
-0.32,0.74,-0.0
-0.3,0.74,-0.04
-0.28,0.74,-0.08
-0.26,0.74,-0.11
-0.23,0.74,-0.13
-0.2,0.74,-0.16
-0.17,0.74,-0.17
-0.14,0.74,-0.18
-0.11,0.74,-0.19
-0.08,0.74,-0.2
-0.05,0.74,-0.21
-0.03,0.74,-0.22
0.0,0.74,-0.23
0.03,0.74,-0.24
0.07,0.74,-0.25
0.11,0.74,-0.27
0.16,0.74,-0.27
0.2,0.74,-0.26
0.25,0.74,-0.25
0.3,0.74,-0.23
0.35,0.74,-0.2
0.39,0.74,-0.16
0.43,0.74,-0.11
0.46,0.74,-0.06
0.49,0.72,-0.0
0.47,0.72,0.06
0.41,0.72,0.11
0.32,0.72,0.13
0.22,0.72,0.12
0.12,0.72,0.1
0.07,0.72,0.07
0.06,0.72,0.08
0.05,0.72,0.08
0.04,0.72,0.1
0.03,0.72,0.12
0.02,0.72,0.14
-0.0,0.72,0.16
-0.02,0.72,0.18
-0.06,0.72,0.21
-0.09,0.72,0.23
-0.14,0.72,0.24
-0.19,0.72,0.25
-0.24,0.72,0.24
-0.28,0.72,0.22
-0.31,0.72,0.18
-0.33,0.72,0.14
-0.34,0.72,0.09
-0.33,0.72,0.04
-0.32,0.72,-0.0
-0.3,0.72,-0.04
-0.28,0.72,-0.08
-0.26,0.72,-0.11
-0.23,0.72,-0.13
-0.2,0.72,-0.15
-0.17,0.72,-0.17
-0.13,0.72,-0.18
-0.1,0.72,-0.18
-0.07,0.72,-0.18
-0.05,0.72,-0.19
-0.03,0.72,-0.2
0.0,0.72,-0.21
0.03,0.72,-0.22
0.07,0.72,-0.25
0.11,0.72,-0.26
0.16,0.72,-0.27
0.2,0.72,-0.26
0.25,0.72,-0.25
0.3,0.72,-0.23
0.35,0.72,-0.2
0.4,0.72,-0.16
0.45,0.72,-0.12
0.48,0.72,-0.06
0.51,0.7,-0.0
0.5,0.7,0.07
0.44,0.7,0.12
0.34,0.7,0.14
0.23,0.7,0.13
0.12,0.7,0.09
0.06,0.7,0.06
0.05,0.7,0.07
0.05,0.7,0.08
0.04,0.7,0.1
0.03,0.7,0.11
0.02,0.7,0.13
-0.0,0.7,0.16
-0.02,0.7,0.18
-0.06,0.7,0.21
-0.1,0.7,0.24
-0.15,0.7,0.26
-0.2,0.7,0.26
-0.25,0.7,0.25
-0.3,0.7,0.23
-0.33,0.7,0.19
-0.34,0.7,0.14
-0.35,0.7,0.09
-0.34,0.7,0.04
-0.33,0.7,-0.0
-0.31,0.7,-0.04
-0.28,0.7,-0.08
-0.25,0.7,-0.11
-0.23,0.7,-0.13
-0.2,0.7,-0.15
-0.16,0.7,-0.17
-0.13,0.7,-0.17
-0.1,0.7,-0.17
-0.07,0.7,-0.17
-0.04,0.7,-0.17
-0.02,0.7,-0.18
0.0,0.7,-0.19
0.03,0.7,-0.21
0.07,0.7,-0.24
0.11,0.7,-0.26
0.15,0.7,-0.26
0.2,0.7,-0.26
0.25,0.7,-0.25
0.3,0.7,-0.23
0.35,0.7,-0.2
0.41,0.7,-0.17
0.46,0.7,-0.12
0.5,0.7,-0.06
0.54,0.68,0.0
0.54,0.68,0.07
0.46,0.68,0.12
0.36,0.68,0.15
0.23,0.68,0.14
0.1,0.68,0.08
0.05,0.68,0.05
0.05,0.68,0.06
0.04,0.68,0.08
0.04,0.68,0.09
0.03,0.68,0.11
0.02,0.68,0.13
-0.0,0.68,0.16
-0.02,0.68,0.19
-0.06,0.68,0.22
-0.1,0.68,0.25
-0.16,0.68,0.27
-0.21,0.68,0.27
-0.26,0.68,0.26
-0.31,0.68,0.24
-0.34,0.68,0.19
-0.35,0.68,0.15
-0.36,0.68,0.09
-0.35,0.68,0.04
-0.33,0.68,-0.0
-0.31,0.68,-0.04
-0.28,0.68,-0.08
-0.25,0.68,-0.11
-0.22,0.68,-0.13
-0.19,0.68,-0.15
-0.16,0.68,-0.16
-0.13,0.68,-0.17
-0.1,0.68,-0.17
-0.07,0.68,-0.16
-0.04,0.68,-0.15
-0.02,0.68,-0.15
0.0,0.68,-0.16
0.03,0.68,-0.2
0.06,0.68,-0.23
0.1,0.68,-0.25
0.15,0.68,-0.25
0.2,0.68,-0.25
0.25,0.68,-0.24
0.3,0.68,-0.23
0.36,0.68,-0.2
0.41,0.68,-0.17
0.47,0.68,-0.12
0.51,0.68,-0.06
0.57,0.67,0.0
0.56,0.67,0.07
0.51,0.67,0.14
0.38,0.67,0.16
0.24,0.67,0.14
0.05,0.67,0.04
0.05,0.67,0.05
0.04,0.67,0.06
0.04,0.67,0.07
0.04,0.67,0.09
0.03,0.67,0.11
0.02,0.67,0.13
-0.0,0.67,0.16
-0.03,0.67,0.19
-0.06,0.67,0.22
-0.11,0.67,0.26
-0.16,0.67,0.28
-0.22,0.67,0.29
-0.28,0.67,0.28
-0.32,0.67,0.25
-0.35,0.67,0.2
-0.36,0.67,0.15
-0.36,0.67,0.1
-0.35,0.67,0.05
-0.33,0.67,-0.0
-0.31,0.67,-0.04
-0.28,0.67,-0.08
-0.25,0.67,-0.1
-0.22,0.67,-0.13
-0.18,0.67,-0.14
-0.15,0.67,-0.15
-0.12,0.67,-0.16
-0.09,0.67,-0.16
-0.06,0.67,-0.15
-0.04,0.67,-0.14
-0.02,0.67,-0.13
0.0,0.67,-0.13
0.02,0.67,-0.18
0.06,0.67,-0.22
0.1,0.67,-0.24
0.14,0.67,-0.24
0.19,0.67,-0.25
0.24,0.67,-0.24
0.3,0.67,-0.23
0.36,0.67,-0.2
0.42,0.67,-0.17
0.48,0.67,-0.13
0.53,0.67,-0.07
0.58,0.65,0.0
0.58,0.65,0.08
0.53,0.65,0.14
0.39,0.65,0.16
0.25,0.65,0.15
0.03,0.65,0.03
0.03,0.65,0.03
0.03,0.65,0.04
0.03,0.65,0.05
0.03,0.65,0.07
0.02,0.65,0.09
0.01,0.65,0.11
-0.0,0.65,0.15
-0.02,0.65,0.19
-0.06,0.65,0.23
-0.11,0.65,0.27
-0.17,0.65,0.29
-0.23,0.65,0.3
-0.29,0.65,0.29
-0.34,0.65,0.26
-0.37,0.65,0.21
-0.38,0.65,0.16
-0.38,0.65,0.1
-0.36,0.65,0.05
-0.34,0.65,-0.0
-0.31,0.65,-0.04
-0.28,0.65,-0.07
-0.24,0.65,-0.1
-0.21,0.65,-0.12
-0.17,0.65,-0.13
-0.14,0.65,-0.14
-0.11,0.65,-0.14
-0.08,0.65,-0.13
-0.05,0.65,-0.13
-0.03,0.65,-0.11
-0.01,0.65,-0.1
0.0,0.65,-0.09
0.01,0.65,-0.08
0.04,0.65,-0.15
0.08,0.65,-0.2
0.13,0.65,-0.22
0.18,0.65,-0.23
0.23,0.65,-0.23
0.3,0.65,-0.22
0.36,0.65,-0.21
0.43,0.65,-0.18
0.49,0.65,-0.13
0.56,0.65,-0.07
0.6,0.63,-0.0
0.6,0.63,0.08
0.55,0.63,0.15
0.44,0.63,0.18
0.24,0.63,0.14
0.03,0.63,0.02
0.04,0.63,0.04
0.04,0.63,0.05
0.03,0.63,0.06
0.03,0.63,0.08
0.03,0.63,0.1
0.02,0.63,0.13
-0.0,0.63,0.16
-0.03,0.63,0.2
-0.06,0.63,0.24
-0.11,0.63,0.28
-0.17,0.63,0.3
-0.24,0.63,0.31
-0.3,0.63,0.3
-0.34,0.63,0.26
-0.37,0.63,0.21
-0.38,0.63,0.16
-0.38,0.63,0.1
-0.36,0.63,0.05
-0.34,0.63,-0.0
-0.31,0.63,-0.04
-0.27,0.63,-0.07
-0.24,0.63,-0.1
-0.2,0.63,-0.12
-0.17,0.63,-0.13
-0.14,0.63,-0.14
-0.1,0.63,-0.14
-0.08,0.63,-0.13
-0.05,0.63,-0.12
-0.03,0.63,-0.11
-0.01,0.63,-0.09
0.0,0.63,-0.08
0.01,0.63,-0.06
0.04,0.63,-0.16
0.08,0.63,-0.2
0.13,0.63,-0.22
0.18,0.63,-0.23
0.23,0.63,-0.23
0.29,0.63,-0.22
0.36,0.63,-0.2
0.43,0.63,-0.17
0.49,0.63,-0.13
0.57,0.63,-0.07
0.61,0.61,0.0
0.61,0.61,0.08
0.56,0.61,0.15
0.47,0.61,0.19
0.25,0.61,0.15
0.02,0.61,0.02
0.02,0.61,0.02
0.02,0.61,0.03
0.02,0.61,0.04
0.02,0.61,0.05
0.02,0.61,0.07
0.01,0.61,0.1
-0.0,0.61,0.14
-0.02,0.61,0.19
-0.06,0.61,0.24
-0.12,0.61,0.28
-0.18,0.61,0.31
-0.25,0.61,0.32
-0.31,0.61,0.31
-0.36,0.61,0.27
-0.38,0.61,0.22
-0.4,0.61,0.16
-0.39,0.61,0.1
-0.37,0.61,0.05
-0.34,0.61,-0.0
-0.31,0.61,-0.04
-0.27,0.61,-0.07
-0.23,0.61,-0.1
-0.19,0.61,-0.11
-0.16,0.61,-0.12
-0.12,0.61,-0.12
-0.09,0.61,-0.12
-0.06,0.61,-0.11
-0.04,0.61,-0.1
-0.02,0.61,-0.08
-0.01,0.61,-0.06
0.0,0.61,-0.05
0.01,0.61,-0.04
0.01,0.61,-0.03
0.01,0.61,-0.03
0.11,0.61,-0.19
0.16,0.61,-0.21
0.22,0.61,-0.22
0.29,0.61,-0.22
0.36,0.61,-0.2
0.43,0.61,-0.18
0.51,0.61,-0.13
0.58,0.61,-0.07
0.62,0.6,0.0
0.61,0.6,0.08
0.57,0.6,0.15
0.48,0.6,0.2
0.23,0.6,0.13
0.01,0.6,0.01
0.01,0.6,0.01
0.01,0.6,0.01
0.01,0.6,0.02
0.01,0.6,0.03
0.01,0.6,0.05
0.01,0.6,0.08
-0.0,0.6,0.13
-0.02,0.6,0.18
-0.06,0.6,0.24
-0.12,0.6,0.29
-0.19,0.6,0.32
-0.26,0.6,0.34
-0.33,0.6,0.33
-0.38,0.6,0.29
-0.4,0.6,0.23
-0.4,0.6,0.17
-0.39,0.6,0.1
-0.37,0.6,0.05
-0.34,0.6,-0.0
-0.3,0.6,-0.04
-0.26,0.6,-0.07
-0.22,0.6,-0.09
-0.18,0.6,-0.11
-0.14,0.6,-0.11
-0.11,0.6,-0.11
-0.08,0.6,-0.1
-0.05,0.6,-0.08
-0.03,0.6,-0.06
-0.01,0.6,-0.04
-0.0,0.6,-0.03
0.0,0.6,-0.02
0.0,0.6,-0.01
0.0,0.6,-0.01
0.0,0.6,-0.01
0.0,0.6,-0.01
0.15,0.6,-0.19
0.21,0.6,-0.21
0.28,0.6,-0.21
0.35,0.6,-0.2
0.43,0.6,-0.18
0.52,0.6,-0.14
0.59,0.6,-0.08
0.63,0.58,0.0
0.62,0.58,0.08
0.58,0.58,0.15
0.49,0.58,0.2
-0.01,0.58,-0.01
-0.01,0.58,-0.01
-0.01,0.58,-0.01
-0.02,0.58,-0.02
-2.5,0.58,-4.33
-1.91,0.58,-4.62
-1.29,0.58,-4.83
-0.65,0.58,-4.96
-0.0,0.58,0.1
-0.02,0.58,0.17
-0.07,0.58,0.24
-0.12,0.58,0.3
-0.19,0.58,0.33
-0.28,0.58,0.36
-0.34,0.58,0.34
-0.39,0.58,0.3
-0.42,0.58,0.24
-0.41,0.58,0.17
-0.4,0.58,0.11
-0.37,0.58,0.05
-0.34,0.58,-0.0
-0.3,0.58,-0.04
-0.26,0.58,-0.07
-0.21,0.58,-0.09
-0.17,0.58,-0.1
-0.13,0.58,-0.1
-0.09,0.58,-0.09
-0.05,0.58,-0.06
2.49,0.58,4.34
1.9,0.58,4.63
1.28,0.58,4.83
0.64,0.58,4.96
-0.0,0.58,0.03
-0.0,0.58,0.02
-0.0,0.58,0.01
-0.0,0.58,0.01
-0.0,0.58,0.01
-0.01,0.58,0.01
0.19,0.58,-0.19
0.27,0.58,-0.2
0.35,0.58,-0.2
0.43,0.58,-0.18
0.54,0.58,-0.14
0.6,0.58,-0.08
0.63,0.56,0.0
0.63,0.56,0.08
0.58,0.56,0.16
0.5,0.56,0.21
-0.03,0.56,-0.02
-0.04,0.56,-0.03
-3.53,0.56,-3.54
-3.04,0.56,-3.97
-2.5,0.56,-4.33
-1.91,0.56,-4.62
-1.29,0.56,-4.83
-0.65,0.56,-4.96
0.01,0.56,-5.0
-0.02,0.56,0.16
-0.07,0.56,0.24
-0.13,0.56,0.31
-0.21,0.56,0.36
-0.29,0.56,0.37
-0.35,0.56,0.35
-0.4,0.56,0.31
-0.43,0.56,0.25
-0.43,0.56,0.18
-0.41,0.56,0.11
-0.38,0.56,0.05
-0.34,0.56,-0.0
-0.29,0.56,-0.04
-0.25,0.56,-0.07
-0.2,0.56,-0.08
-0.15,0.56,-0.09
-0.1,0.56,-0.08
3.52,0.56,3.55
3.03,0.56,3.98
2.49,0.56,4.34
1.9,0.56,4.63
1.28,0.56,4.83
0.64,0.56,4.96
-0.02,0.56,5.0
-0.01,0.56,0.06
-0.01,0.56,0.04
-0.01,0.56,0.03
-0.01,0.56,0.02
-0.01,0.56,0.02
0.15,0.56,-0.15
0.25,0.56,-0.19
0.34,0.56,-0.19
0.45,0.56,-0.19
0.55,0.56,-0.15
0.61,0.56,-0.08
0.64,0.54,0.0
0.63,0.54,0.08
0.59,0.54,0.16
0.5,0.54,0.21
-0.07,0.54,-0.04
-3.97,0.54,-3.05
-3.53,0.54,-3.54
-3.04,0.54,-3.97
-2.5,0.54,-4.33
-1.91,0.54,-4.62
-1.29,0.54,-4.83
-0.65,0.54,-4.96
0.01,0.54,-5.0
0.66,0.54,-4.96
-0.06,0.54,0.24
-0.13,0.54,0.31
-0.22,0.54,0.37
-0.3,0.54,0.38
-0.36,0.54,0.36
-0.41,0.54,0.32
-0.44,0.54,0.25
-0.45,0.54,0.18
-0.43,0.54,0.11
-0.38,0.54,0.05
-0.34,0.54,-0.0
-0.29,0.54,-0.04
-0.23,0.54,-0.06
-0.18,0.54,-0.07
-0.11,0.54,-0.07
3.96,0.54,3.06
3.52,0.54,3.55
3.03,0.54,3.98
2.49,0.54,4.34
1.9,0.54,4.63
1.28,0.54,4.83
0.64,0.54,4.96
-0.02,0.54,5.0
-0.67,0.54,4.95
-0.02,0.54,0.06
-0.02,0.54,0.05
-0.02,0.54,0.04
-0.02,0.54,0.03
-0.03,0.54,0.03
0.23,0.54,-0.17
0.33,0.54,-0.19
0.48,0.54,-0.2
0.56,0.54,-0.15
0.61,0.54,-0.08
0.64,0.53,0.0
0.63,0.53,0.08
0.59,0.53,0.16
0.51,0.53,0.21
-4.33,0.53,-2.5
-3.97,0.53,-3.05
-3.53,0.53,-3.54
-3.04,0.53,-3.97
-2.5,0.53,-4.33
-1.91,0.53,-4.62
-1.29,0.53,-4.83
-0.65,0.53,-4.96
0.01,0.53,-5.0
0.66,0.53,-4.96
-0.06,0.53,0.23
-0.13,0.53,0.32
-0.22,0.53,0.38
-0.3,0.53,0.39
-0.37,0.53,0.37
-0.42,0.53,0.32
-0.45,0.53,0.26
-0.46,0.53,0.19
-0.45,0.53,0.12
-0.41,0.53,0.05
-0.33,0.53,-0.0
-0.28,0.53,-0.04
-0.22,0.53,-0.06
-0.14,0.53,-0.06
4.32,0.53,2.51
3.96,0.53,3.06
3.52,0.53,3.55
3.03,0.53,3.98
2.49,0.53,4.34
1.9,0.53,4.63
1.28,0.53,4.83
0.64,0.53,4.96
-0.02,0.53,5.0
-0.67,0.53,4.95
-0.03,0.53,0.1
-0.03,0.53,0.07
-0.03,0.53,0.05
-0.03,0.53,0.04
-0.04,0.53,0.04
-0.04,0.53,0.03
0.31,0.53,-0.18
0.5,0.53,-0.2
0.57,0.53,-0.15
0.62,0.53,-0.08
0.64,0.51,0.0
0.63,0.51,0.08
0.59,0.51,0.16
0.51,0.51,0.21
-4.33,0.51,-2.5
-3.97,0.51,-3.05
-3.53,0.51,-3.54
-3.04,0.51,-3.97
-2.5,0.51,-4.33
-1.91,0.51,-4.62
-1.29,0.51,-4.83
-0.65,0.51,-4.96
0.01,0.51,-5.0
0.66,0.51,-4.96
-0.06,0.51,0.22
-0.14,0.51,0.34
-0.23,0.51,0.39
-0.31,0.51,0.4
-0.37,0.51,0.37
-0.42,0.51,0.32
-0.46,0.51,0.26
-0.47,0.51,0.19
-0.47,0.51,0.13
-0.45,0.51,0.06
-0.32,0.51,-0.0
-0.26,0.51,-0.04
-0.18,0.51,-0.05
0.24,0.51,0.1
4.32,0.51,2.51
3.96,0.51,3.06
3.52,0.51,3.55
3.03,0.51,3.98
2.49,0.51,4.34
1.9,0.51,4.63
1.28,0.51,4.83
0.64,0.51,4.96
-0.02,0.51,5.0
-0.67,0.51,4.95
-0.04,0.51,0.13
-0.04,0.51,0.09
-0.04,0.51,0.07
-0.04,0.51,0.06
-0.05,0.51,0.05
-0.05,0.51,0.04
0.28,0.51,-0.16
0.51,0.51,-0.21
0.58,0.51,-0.15
0.62,0.51,-0.08
0.64,0.49,0.0
0.63,0.49,0.08
0.59,0.49,0.16
0.5,0.49,0.21
-4.33,0.49,-2.5
-3.97,0.49,-3.05
-3.53,0.49,-3.54
-3.04,0.49,-3.97
-2.5,0.49,-4.33
-1.91,0.49,-4.62
-1.29,0.49,-4.83
-0.65,0.49,-4.96
0.01,0.49,-5.0
0.66,0.49,-4.96
1.3,0.49,-4.83
-0.15,0.49,0.35
-0.23,0.49,0.4
-0.31,0.49,0.4
-0.38,0.49,0.38
-0.43,0.49,0.33
-0.46,0.49,0.27
-0.48,0.49,0.2
-0.49,0.49,0.13
-0.47,0.49,0.06
-0.41,0.49,-0.0
-0.24,0.49,-0.03
0.22,0.49,0.06
0.26,0.49,0.11
4.32,0.49,2.51
3.96,0.49,3.06
3.52,0.49,3.55
3.03,0.49,3.98
2.49,0.49,4.34
1.9,0.49,4.63
1.28,0.49,4.83
0.64,0.49,4.96
-0.02,0.49,5.0
-0.67,0.49,4.95
-1.31,0.49,4.82
-0.05,0.49,0.11
-0.05,0.49,0.08
-0.05,0.49,0.07
-0.06,0.49,0.06
-0.06,0.49,0.05
0.41,0.49,-0.23
0.53,0.49,-0.22
0.59,0.49,-0.16
0.63,0.49,-0.08
0.64,0.47,0.0
0.63,0.47,0.08
0.58,0.47,0.16
0.5,0.47,0.21
-4.33,0.47,-2.5
-3.97,0.47,-3.05
-3.53,0.47,-3.54
-3.04,0.47,-3.97
-2.5,0.47,-4.33
-1.91,0.47,-4.62
-1.29,0.47,-4.83
-0.65,0.47,-4.96
0.01,0.47,-5.0
0.66,0.47,-4.96
1.3,0.47,-4.83
-0.15,0.47,0.36
-0.23,0.47,0.4
-0.31,0.47,0.4
-0.38,0.47,0.38
-0.43,0.47,0.33
-0.47,0.47,0.27
-0.49,0.47,0.2
-0.5,0.47,0.13
-0.49,0.47,0.06
-0.45,0.47,-0.0
0.22,0.47,0.03
0.24,0.47,0.07
0.28,0.47,0.12
4.32,0.47,2.51
3.96,0.47,3.06
3.52,0.47,3.55
3.03,0.47,3.98
2.49,0.47,4.34
1.9,0.47,4.63
1.28,0.47,4.83
0.64,0.47,4.96
-0.02,0.47,5.0
-0.67,0.47,4.95
-1.31,0.47,4.82
-0.05,0.47,0.13
-0.06,0.47,0.1
-0.06,0.47,0.08
-0.07,0.47,0.07
-0.07,0.47,0.06
0.44,0.47,-0.25
0.54,0.47,-0.22
0.6,0.47,-0.16
0.63,0.47,-0.08
0.64,0.46,-0.0
0.62,0.46,0.08
0.58,0.46,0.15
0.49,0.46,0.2
-4.33,0.46,-2.5
-3.97,0.46,-3.05
-3.53,0.46,-3.54
-3.04,0.46,-3.97
-2.5,0.46,-4.33
-1.91,0.46,-4.62
-1.29,0.46,-4.83
-0.65,0.46,-4.96
0.01,0.46,-5.0
0.66,0.46,-4.96
1.3,0.46,-4.83
-0.15,0.46,0.36
-0.23,0.46,0.4
-0.31,0.46,0.41
-0.38,0.46,0.38
-0.43,0.46,0.33
-0.47,0.46,0.27
-0.5,0.46,0.2
-0.51,0.46,0.14
-0.51,0.46,0.07
-0.48,0.46,-0.0
-0.35,0.46,-0.05
0.26,0.46,0.07
0.29,0.46,0.12
4.32,0.46,2.51
3.96,0.46,3.06
3.52,0.46,3.55
3.03,0.46,3.98
2.49,0.46,4.34
1.9,0.46,4.63
1.28,0.46,4.83
0.64,0.46,4.96
-0.02,0.46,5.0
-0.67,0.46,4.95
-1.31,0.46,4.82
-0.06,0.46,0.15
-0.07,0.46,0.11
-0.07,0.46,0.09
-0.08,0.46,0.08
-0.08,0.46,0.06
0.46,0.46,-0.27
0.55,0.46,-0.23
0.61,0.46,-0.16
0.63,0.46,-0.08
0.64,0.44,0.0
0.62,0.44,0.08
0.57,0.44,0.15
0.48,0.44,0.2
-4.33,0.44,-2.5
-3.97,0.44,-3.05
-3.53,0.44,-3.54
-3.04,0.44,-3.97
-2.5,0.44,-4.33
-1.91,0.44,-4.62
-1.29,0.44,-4.83
-0.65,0.44,-4.96
0.01,0.44,-5.0
0.66,0.44,-4.96
1.3,0.44,-4.83
-0.15,0.44,0.36
-0.23,0.44,0.4
-0.31,0.44,0.41
-0.38,0.44,0.38
-0.43,0.44,0.33
-0.47,0.44,0.27
-0.5,0.44,0.21
-0.52,0.44,0.14
-0.53,0.44,0.07
-0.51,0.44,-0.0
-0.44,0.44,-0.06
0.27,0.44,0.07
0.3,0.44,0.13
4.32,0.44,2.51
3.96,0.44,3.06
3.52,0.44,3.55
3.03,0.44,3.98
2.49,0.44,4.34
1.9,0.44,4.63
1.28,0.44,4.83
0.64,0.44,4.96
-0.02,0.44,5.0
-0.67,0.44,4.95
-1.31,0.44,4.82
-0.07,0.44,0.18
-0.08,0.44,0.13
-0.08,0.44,0.11
-0.09,0.44,0.09
-0.1,0.44,0.07
0.48,0.44,-0.28
0.56,0.44,-0.23
0.61,0.44,-0.16
0.64,0.44,-0.08
0.64,0.42,0.0
0.61,0.42,0.08
0.56,0.42,0.15
0.46,0.42,0.19
-4.33,0.42,-2.5
-3.97,0.42,-3.05
-3.53,0.42,-3.54
-3.04,0.42,-3.97
-2.5,0.42,-4.33
-1.91,0.42,-4.62
-1.29,0.42,-4.83
-0.65,0.42,-4.96
0.01,0.42,-5.0
0.66,0.42,-4.96
1.3,0.42,-4.83
-0.15,0.42,0.36
-0.23,0.42,0.4
-0.31,0.42,0.4
-0.38,0.42,0.38
-0.43,0.42,0.33
-0.47,0.42,0.27
-0.51,0.42,0.21
-0.53,0.42,0.14
-0.54,0.42,0.07
-0.53,0.42,-0.0
-0.48,0.42,-0.06
0.28,0.42,0.08
0.32,0.42,0.13
4.32,0.42,2.51
3.96,0.42,3.06
3.52,0.42,3.55
3.03,0.42,3.98
2.49,0.42,4.34
1.9,0.42,4.63
1.28,0.42,4.83
0.64,0.42,4.96
-0.02,0.42,5.0
-0.67,0.42,4.95
-1.31,0.42,4.82
-0.09,0.42,0.21
-0.09,0.42,0.15
-0.09,0.42,0.12
-0.1,0.42,0.1
-0.11,0.42,0.08
0.5,0.42,-0.28
0.57,0.42,-0.23
0.62,0.42,-0.16
0.64,0.42,-0.08
0.63,0.4,0.0
0.6,0.4,0.08
0.55,0.4,0.15
0.42,0.4,0.18
-4.33,0.4,-2.5
-3.97,0.4,-3.05
-3.53,0.4,-3.54
-3.04,0.4,-3.97
-2.5,0.4,-4.33
-1.91,0.4,-4.62
-1.29,0.4,-4.83
-0.65,0.4,-4.96
0.01,0.4,-5.0
0.66,0.4,-4.96
1.3,0.4,-4.83
-0.14,0.4,0.34
-0.23,0.4,0.39
-0.31,0.4,0.4
-0.38,0.4,0.37
-0.43,0.4,0.33
-0.48,0.4,0.27
-0.51,0.4,0.21
-0.54,0.4,0.14
-0.56,0.4,0.07
-0.55,0.4,-0.0
-0.51,0.4,-0.07
-0.38,0.4,-0.1
0.36,0.4,0.15
4.32,0.4,2.51
3.96,0.4,3.06
3.52,0.4,3.55
3.03,0.4,3.98
2.49,0.4,4.34
1.9,0.4,4.63
1.28,0.4,4.83
0.64,0.4,4.96
-0.02,0.4,5.0
-0.67,0.4,4.95
-1.31,0.4,4.82
-0.09,0.4,0.21
-0.09,0.4,0.16
-0.1,0.4,0.13
-0.11,0.4,0.11
0.39,0.4,-0.3
0.51,0.4,-0.29
0.58,0.4,-0.24
0.62,0.4,-0.16
0.64,0.4,-0.08
0.63,0.39,0.0
0.59,0.39,0.08
0.53,0.39,0.14
-4.62,0.39,-1.91
-4.33,0.39,-2.5
-3.97,0.39,-3.05
-3.53,0.39,-3.54
-3.04,0.39,-3.97
-2.5,0.39,-4.33
-1.91,0.39,-4.62
-1.29,0.39,-4.83
-0.65,0.39,-4.96
0.01,0.39,-5.0
0.66,0.39,-4.96
1.3,0.39,-4.83
-0.14,0.39,0.33
-0.22,0.39,0.39
-0.3,0.39,0.39
-0.37,0.39,0.37
-0.43,0.39,0.33
-0.48,0.39,0.27
-0.52,0.39,0.21
-0.55,0.39,0.15
-0.56,0.39,0.07
-0.56,0.39,-0.0
-0.53,0.39,-0.07
-0.44,0.39,-0.12
4.61,0.39,1.93
4.32,0.39,2.51
3.96,0.39,3.06
3.52,0.39,3.55
3.03,0.39,3.98
2.49,0.39,4.34
1.9,0.39,4.63
1.28,0.39,4.83
0.64,0.39,4.96
-0.02,0.39,5.0
-0.67,0.39,4.95
-1.31,0.39,4.82
-0.1,0.39,0.23
-0.1,0.39,0.17
-0.11,0.39,0.14
-0.12,0.39,0.12
0.42,0.39,-0.32
0.52,0.39,-0.3
0.59,0.39,-0.24
0.63,0.39,-0.16
0.64,0.39,-0.08
0.63,0.37,0.0
0.59,0.37,0.08
0.51,0.37,0.14
-4.62,0.37,-1.91
-4.33,0.37,-2.5
-3.97,0.37,-3.05
-3.53,0.37,-3.54
-3.04,0.37,-3.97
-2.5,0.37,-4.33
-1.91,0.37,-4.62
-1.29,0.37,-4.83
-0.65,0.37,-4.96
0.01,0.37,-5.0
0.66,0.37,-4.96
1.3,0.37,-4.83
-0.13,0.37,0.31
-0.22,0.37,0.38
-0.3,0.37,0.39
-0.37,0.37,0.37
-0.42,0.37,0.32
-0.48,0.37,0.27
-0.52,0.37,0.21
-0.55,0.37,0.15
-0.58,0.37,0.07
-0.58,0.37,-0.0
-0.56,0.37,-0.07
-0.48,0.37,-0.13
4.61,0.37,1.93
4.32,0.37,2.51
3.96,0.37,3.06
3.52,0.37,3.55
3.03,0.37,3.98
2.49,0.37,4.34
1.9,0.37,4.63
1.28,0.37,4.83
0.64,0.37,4.96
-0.02,0.37,5.0
-0.67,0.37,4.95
-1.31,0.37,4.82
-0.1,0.37,0.25
-0.11,0.37,0.18
-0.11,0.37,0.15
-0.12,0.37,0.12
0.44,0.37,-0.33
0.54,0.37,-0.31
0.6,0.37,-0.24
0.63,0.37,-0.17
0.64,0.37,-0.08
0.62,0.35,-0.0
0.58,0.35,0.08
0.49,0.35,0.13
-4.62,0.35,-1.91
-4.33,0.35,-2.5
-3.97,0.35,-3.05
-3.53,0.35,-3.54
-3.04,0.35,-3.97
-2.5,0.35,-4.33
-1.91,0.35,-4.62
-1.29,0.35,-4.83
-0.65,0.35,-4.96
0.01,0.35,-5.0
0.66,0.35,-4.96
1.3,0.35,-4.83
1.92,0.35,-4.62
-0.21,0.35,0.37
-0.29,0.35,0.38
-0.36,0.35,0.36
-0.42,0.35,0.32
-0.47,0.35,0.27
-0.52,0.35,0.21
-0.56,0.35,0.15
-0.59,0.35,0.08
-0.59,0.35,-0.0
-0.58,0.35,-0.08
-0.52,0.35,-0.14
4.61,0.35,1.93
4.32,0.35,2.51
3.96,0.35,3.06
3.52,0.35,3.55
3.03,0.35,3.98
2.49,0.35,4.34
1.9,0.35,4.63
1.28,0.35,4.83
0.64,0.35,4.96
-0.02,0.35,5.0
-0.67,0.35,4.95
-1.31,0.35,4.82
-1.93,0.35,4.61
-0.11,0.35,0.19
-0.12,0.35,0.16
-0.13,0.35,0.13
0.46,0.35,-0.35
0.55,0.35,-0.31
0.6,0.35,-0.25
0.63,0.35,-0.17
0.64,0.35,-0.08
0.62,0.33,-0.0
0.57,0.33,0.07
0.47,0.33,0.13
-4.62,0.33,-1.91
-4.33,0.33,-2.5
-3.97,0.33,-3.05
-3.53,0.33,-3.54
-3.04,0.33,-3.97
-2.5,0.33,-4.33
-1.91,0.33,-4.62
-1.29,0.33,-4.83
-0.65,0.33,-4.96
0.01,0.33,-5.0
0.66,0.33,-4.96
1.3,0.33,-4.83
1.92,0.33,-4.62
-0.2,0.33,0.35
-0.29,0.33,0.37
-0.35,0.33,0.35
-0.42,0.33,0.32
-0.47,0.33,0.27
-0.52,0.33,0.21
-0.56,0.33,0.15
-0.59,0.33,0.08
-0.61,0.33,-0.0
-0.6,0.33,-0.08
-0.55,0.33,-0.15
4.61,0.33,1.93
4.32,0.33,2.51
3.96,0.33,3.06
3.52,0.33,3.55
3.03,0.33,3.98
2.49,0.33,4.34
1.9,0.33,4.63
1.28,0.33,4.83
0.64,0.33,4.96
-0.02,0.33,5.0
-0.67,0.33,4.95
-1.31,0.33,4.82
-1.93,0.33,4.61
-0.12,0.33,0.21
-0.13,0.33,0.16
-0.13,0.33,0.13
0.47,0.33,-0.36
0.56,0.33,-0.32
0.61,0.33,-0.25
0.64,0.33,-0.17
0.64,0.33,-0.08
0.61,0.32,-0.0
0.55,0.32,0.07
-0.25,0.32,-0.07
-0.34,0.32,-0.14
-4.33,0.32,-2.5
-3.97,0.32,-3.05
-3.53,0.32,-3.54
-3.04,0.32,-3.97
-2.5,0.32,-4.33
-1.91,0.32,-4.62
-1.29,0.32,-4.83
-0.65,0.32,-4.96
0.01,0.32,-5.0
0.66,0.32,-4.96
1.3,0.32,-4.83
1.92,0.32,-4.62
-0.19,0.32,0.33
-0.27,0.32,0.36
-0.35,0.32,0.34
-0.41,0.32,0.31
-0.47,0.32,0.27
-0.52,0.32,0.21
-0.57,0.32,0.15
-0.6,0.32,0.08
-0.62,0.32,-0.0
-0.62,0.32,-0.08
-0.57,0.32,-0.16
-0.44,0.32,-0.18
4.32,0.32,2.51
3.96,0.32,3.06
3.52,0.32,3.55
3.03,0.32,3.98
2.49,0.32,4.34
1.9,0.32,4.63
1.28,0.32,4.83
0.64,0.32,4.96
-0.02,0.32,5.0
-0.67,0.32,4.95
-1.31,0.32,4.82
-1.93,0.32,4.61
-0.14,0.32,0.24
-0.14,0.32,0.18
-0.14,0.32,0.14
0.49,0.32,-0.37
0.57,0.32,-0.32
0.62,0.32,-0.25
0.64,0.32,-0.17
0.64,0.32,-0.08
0.6,0.3,0.0
0.54,0.3,0.07
-0.25,0.3,-0.07
-0.32,0.3,-0.13
-4.33,0.3,-2.5
-3.97,0.3,-3.05
-3.53,0.3,-3.54
-3.04,0.3,-3.97
-2.5,0.3,-4.33
-1.91,0.3,-4.62
-1.29,0.3,-4.83
-0.65,0.3,-4.96
0.01,0.3,-5.0
0.66,0.3,-4.96
1.3,0.3,-4.83
1.92,0.3,-4.62
2.51,0.3,-4.33
-0.26,0.3,0.34
-0.33,0.3,0.33
-0.4,0.3,0.31
-0.46,0.3,0.27
-0.52,0.3,0.21
-0.57,0.3,0.15
-0.61,0.3,0.08
-0.63,0.3,-0.0
-0.63,0.3,-0.08
-0.6,0.3,-0.16
-0.49,0.3,-0.21
4.32,0.3,2.51
3.96,0.3,3.06
3.52,0.3,3.55
3.03,0.3,3.98
2.49,0.3,4.34
1.9,0.3,4.63
1.28,0.3,4.83
0.64,0.3,4.96
-0.02,0.3,5.0
-0.67,0.3,4.95
-1.31,0.3,4.82
-1.93,0.3,4.61
-2.52,0.3,4.32
-0.15,0.3,0.19
0.37,0.3,-0.37
0.5,0.3,-0.38
0.57,0.3,-0.33
0.62,0.3,-0.25
0.64,0.3,-0.17
0.63,0.3,-0.08
0.59,0.28,0.0
0.52,0.28,0.07
-0.25,0.28,-0.07
-0.3,0.28,-0.13
-4.33,0.28,-2.5
-3.97,0.28,-3.05
-3.53,0.28,-3.54
-3.04,0.28,-3.97
-2.5,0.28,-4.33
-1.91,0.28,-4.62
-1.29,0.28,-4.83
-0.65,0.28,-4.96
0.01,0.28,-5.0
0.66,0.28,-4.96
1.3,0.28,-4.83
1.92,0.28,-4.62
2.51,0.28,-4.33
-0.24,0.28,0.31
-0.32,0.28,0.32
-0.39,0.28,0.3
-0.46,0.28,0.26
-0.52,0.28,0.21
-0.57,0.28,0.15
-0.61,0.28,0.08
-0.64,0.28,-0.0
-0.65,0.28,-0.09
-0.61,0.28,-0.17
-0.52,0.28,-0.22
4.32,0.28,2.51
3.96,0.28,3.06
3.52,0.28,3.55
3.03,0.28,3.98
2.49,0.28,4.34
1.9,0.28,4.63
1.28,0.28,4.83
0.64,0.28,4.96
-0.02,0.28,5.0
-0.67,0.28,4.95
-1.31,0.28,4.82
-1.93,0.28,4.61
-2.52,0.28,4.32
-0.17,0.28,0.22
0.4,0.28,-0.39
0.51,0.28,-0.39
0.58,0.28,-0.33
0.62,0.28,-0.26
0.64,0.28,-0.17
0.63,0.28,-0.08
0.58,0.26,-0.0
0.49,0.26,0.07
-0.25,0.26,-0.07
-0.3,0.26,-0.12
-4.33,0.26,-2.5
-3.97,0.26,-3.05
-3.53,0.26,-3.54
-3.04,0.26,-3.97
-2.5,0.26,-4.33
-1.91,0.26,-4.62
-1.29,0.26,-4.83
-0.65,0.26,-4.96
0.01,0.26,-5.0
0.66,0.26,-4.96
1.3,0.26,-4.83
1.92,0.26,-4.62
2.51,0.26,-4.33
3.05,0.26,-3.96
-0.31,0.26,0.3
-0.38,0.26,0.29
-0.45,0.26,0.26
-0.51,0.26,0.21
-0.57,0.26,0.15
-0.62,0.26,0.08
-0.65,0.26,-0.0
-0.66,0.26,-0.09
-0.63,0.26,-0.17
-0.54,0.26,-0.23
4.32,0.26,2.51
3.96,0.26,3.06
3.52,0.26,3.55
3.03,0.26,3.98
2.49,0.26,4.34
1.9,0.26,4.63
1.28,0.26,4.83
0.64,0.26,4.96
-0.02,0.26,5.0
-0.67,0.26,4.95
-1.31,0.26,4.82
-1.93,0.26,4.61
-2.52,0.26,4.32
-3.06,0.26,3.95
0.41,0.26,-0.41
0.52,0.26,-0.4
0.59,0.26,-0.34
0.63,0.26,-0.26
0.64,0.26,-0.17
0.63,0.26,-0.08
0.57,0.25,0.0
0.45,0.25,0.06
-0.25,0.25,-0.07
-0.29,0.25,-0.12
-4.33,0.25,-2.5
-3.97,0.25,-3.05
-3.53,0.25,-3.54
-3.04,0.25,-3.97
-2.5,0.25,-4.33
-1.91,0.25,-4.62
-1.29,0.25,-4.83
-0.65,0.25,-4.96
0.01,0.25,-5.0
0.66,0.25,-4.96
1.3,0.25,-4.83
1.92,0.25,-4.62
2.51,0.25,-4.33
3.05,0.25,-3.96
-0.28,0.25,0.28
-0.37,0.25,0.28
-0.44,0.25,0.25
-0.51,0.25,0.21
-0.57,0.25,0.15
-0.62,0.25,0.08
-0.66,0.25,-0.0
-0.67,0.25,-0.09
-0.64,0.25,-0.17
-0.56,0.25,-0.23
4.32,0.25,2.51
3.96,0.25,3.06
3.52,0.25,3.55
3.03,0.25,3.98
2.49,0.25,4.34
1.9,0.25,4.63
1.28,0.25,4.83
0.64,0.25,4.96
-0.02,0.25,5.0
-0.67,0.25,4.95
-1.31,0.25,4.82
-1.93,0.25,4.61
-2.52,0.25,4.32
-3.06,0.25,3.95
0.43,0.25,-0.42
0.53,0.25,-0.4
0.6,0.25,-0.34
0.63,0.25,-0.26
0.64,0.25,-0.17
0.62,0.25,-0.08
0.56,0.23,-0.0
-0.24,0.23,-0.03
-0.26,0.23,-0.07
-0.29,0.23,-0.12
-4.33,0.23,-2.5
-3.97,0.23,-3.05
-3.53,0.23,-3.54
-3.04,0.23,-3.97
-2.5,0.23,-4.33
-1.91,0.23,-4.62
-1.29,0.23,-4.83
-0.65,0.23,-4.96
0.01,0.23,-5.0
0.66,0.23,-4.96
1.3,0.23,-4.83
1.92,0.23,-4.62
2.51,0.23,-4.33
3.05,0.23,-3.96
0.26,0.23,-0.26
-0.35,0.23,0.27
-0.43,0.23,0.25
-0.5,0.23,0.21
-0.57,0.23,0.15
-0.62,0.23,0.08
-0.66,0.23,-0.0
-0.68,0.23,-0.09
-0.64,0.23,-0.17
-0.57,0.23,-0.24
4.32,0.23,2.51
3.96,0.23,3.06
3.52,0.23,3.55
3.03,0.23,3.98
2.49,0.23,4.34
1.9,0.23,4.63
1.28,0.23,4.83
0.64,0.23,4.96
-0.02,0.23,5.0
-0.67,0.23,4.95
-1.31,0.23,4.82
-1.93,0.23,4.61
-2.52,0.23,4.32
-3.06,0.23,3.95
0.44,0.23,-0.43
0.54,0.23,-0.41
0.6,0.23,-0.34
0.63,0.23,-0.26
0.64,0.23,-0.17
0.62,0.23,-0.08
0.54,0.21,0.0
-0.24,0.21,-0.03
-0.26,0.21,-0.07
-0.29,0.21,-0.12
-4.33,0.21,-2.5
-3.97,0.21,-3.05
-3.53,0.21,-3.54
-3.04,0.21,-3.97
-2.5,0.21,-4.33
-1.91,0.21,-4.62
-1.29,0.21,-4.83
-0.65,0.21,-4.96
0.01,0.21,-5.0
0.66,0.21,-4.96
1.3,0.21,-4.83
1.92,0.21,-4.62
2.51,0.21,-4.33
3.05,0.21,-3.96
0.26,0.21,-0.26
-0.33,0.21,0.25
-0.42,0.21,0.24
-0.5,0.21,0.2
-0.56,0.21,0.15
-0.62,0.21,0.08
-0.67,0.21,-0.0
-0.68,0.21,-0.09
-0.65,0.21,-0.18
-0.57,0.21,-0.24
4.32,0.21,2.51
3.96,0.21,3.06
3.52,0.21,3.55
3.03,0.21,3.98
2.49,0.21,4.34
1.9,0.21,4.63
1.28,0.21,4.83
0.64,0.21,4.96
-0.02,0.21,5.0
-0.67,0.21,4.95
-1.31,0.21,4.82
-1.93,0.21,4.61
-2.52,0.21,4.32
-3.06,0.21,3.95
0.44,0.21,-0.44
0.54,0.21,-0.41
0.61,0.21,-0.35
0.64,0.21,-0.26
0.64,0.21,-0.17
0.61,0.21,-0.08
0.52,0.19,-0.0
-0.25,0.19,-0.03
-0.27,0.19,-0.07
-0.3,0.19,-0.12
-0.38,0.19,-0.22
-3.97,0.19,-3.05
-3.53,0.19,-3.54
-3.04,0.19,-3.97
-2.5,0.19,-4.33
-1.91,0.19,-4.62
-1.29,0.19,-4.83
-0.65,0.19,-4.96
0.01,0.19,-5.0
0.66,0.19,-4.96
1.3,0.19,-4.83
1.92,0.19,-4.62
2.51,0.19,-4.33
3.05,0.19,-3.96
0.26,0.19,-0.26
0.26,0.19,-0.2
-0.4,0.19,0.23
-0.49,0.19,0.2
-0.56,0.19,0.15
-0.62,0.19,0.08
-0.67,0.19,-0.0
-0.68,0.19,-0.09
-0.65,0.19,-0.18
-0.58,0.19,-0.24
-0.41,0.19,-0.24
3.96,0.19,3.06
3.52,0.19,3.55
3.03,0.19,3.98
2.49,0.19,4.34
1.9,0.19,4.63
1.28,0.19,4.83
0.64,0.19,4.96
-0.02,0.19,5.0
-0.67,0.19,4.95
-1.31,0.19,4.82
-1.93,0.19,4.61
-2.52,0.19,4.32
-3.06,0.19,3.95
0.45,0.19,-0.44
0.55,0.19,-0.42
0.61,0.19,-0.35
0.64,0.19,-0.26
0.64,0.19,-0.17
0.6,0.19,-0.08
0.49,0.18,0.0
-0.26,0.18,-0.03
-0.27,0.18,-0.07
-0.3,0.18,-0.12
-0.37,0.18,-0.21
-3.97,0.18,-3.05
-3.53,0.18,-3.54
-3.04,0.18,-3.97
-2.5,0.18,-4.33
-1.91,0.18,-4.62
-1.29,0.18,-4.83
-0.65,0.18,-4.96
0.01,0.18,-5.0
0.66,0.18,-4.96
1.3,0.18,-4.83
1.92,0.18,-4.62
2.51,0.18,-4.33
3.05,0.18,-3.96
0.26,0.18,-0.25
0.26,0.18,-0.2
-0.38,0.18,0.22
-0.47,0.18,0.2
-0.55,0.18,0.15
-0.62,0.18,0.08
-0.68,0.18,-0.0
-0.69,0.18,-0.09
-0.65,0.18,-0.18
-0.58,0.18,-0.24
-0.43,0.18,-0.25
3.96,0.18,3.06
3.52,0.18,3.55
3.03,0.18,3.98
2.49,0.18,4.34
1.9,0.18,4.63
1.28,0.18,4.83
0.64,0.18,4.96
-0.02,0.18,5.0
-0.67,0.18,4.95
-1.31,0.18,4.82
-1.93,0.18,4.61
-2.52,0.18,4.32
-3.06,0.18,3.95
0.45,0.18,-0.45
0.55,0.18,-0.42
0.61,0.18,-0.35
0.64,0.18,-0.26
0.63,0.18,-0.17
0.59,0.18,-0.07
-0.26,0.16,0.0
-0.27,0.16,-0.04
-0.28,0.16,-0.08
-0.3,0.16,-0.13
-0.37,0.16,-0.21
-3.97,0.16,-3.05
-3.53,0.16,-3.54
-3.04,0.16,-3.97
-2.5,0.16,-4.33
-1.91,0.16,-4.62
-1.29,0.16,-4.83
-0.65,0.16,-4.96
0.01,0.16,-5.0
0.66,0.16,-4.96
1.3,0.16,-4.83
1.92,0.16,-4.62
2.51,0.16,-4.33
3.05,0.16,-3.96
0.25,0.16,-0.25
0.26,0.16,-0.2
0.27,0.16,-0.16
-0.46,0.16,0.19
-0.55,0.16,0.15
-0.62,0.16,0.08
-0.68,0.16,-0.0
-0.69,0.16,-0.09
-0.65,0.16,-0.18
-0.58,0.16,-0.24
-0.43,0.16,-0.25
3.96,0.16,3.06
3.52,0.16,3.55
3.03,0.16,3.98
2.49,0.16,4.34
1.9,0.16,4.63
1.28,0.16,4.83
0.64,0.16,4.96
-0.02,0.16,5.0
-0.67,0.16,4.95
-1.31,0.16,4.82
-1.93,0.16,4.61
-2.52,0.16,4.32
-3.06,0.16,3.95
0.45,0.16,-0.45
0.55,0.16,-0.42
0.61,0.16,-0.35
0.64,0.16,-0.26
0.63,0.16,-0.17
0.58,0.16,-0.07
-0.27,0.14,-0.0
-0.28,0.14,-0.04
-0.29,0.14,-0.08
-0.31,0.14,-0.13
-0.37,0.14,-0.22
-3.97,0.14,-3.05
-3.53,0.14,-3.54
-3.04,0.14,-3.97
-2.5,0.14,-4.33
-1.91,0.14,-4.62
-1.29,0.14,-4.83
-0.65,0.14,-4.96
0.01,0.14,-5.0
0.66,0.14,-4.96
1.3,0.14,-4.83
1.92,0.14,-4.62
2.51,0.14,-4.33
3.05,0.14,-3.96
0.26,0.14,-0.25
0.26,0.14,-0.2
0.27,0.14,-0.16
-0.43,0.14,0.18
-0.54,0.14,0.14
-0.62,0.14,0.08
-0.68,0.14,-0.0
-0.69,0.14,-0.09
-0.65,0.14,-0.18
-0.58,0.14,-0.24
-0.42,0.14,-0.25
3.96,0.14,3.06
3.52,0.14,3.55
3.03,0.14,3.98
2.49,0.14,4.34
1.9,0.14,4.63
1.28,0.14,4.83
0.64,0.14,4.96
-0.02,0.14,5.0
-0.67,0.14,4.95
-1.31,0.14,4.82
-1.93,0.14,4.61
-2.52,0.14,4.32
-3.06,0.14,3.95
0.45,0.14,-0.45
0.55,0.14,-0.42
0.61,0.14,-0.35
0.64,0.14,-0.26
0.62,0.14,-0.16
0.56,0.14,-0.07
-0.28,0.12,-0.0
-0.29,0.12,-0.04
-0.3,0.12,-0.08
-0.32,0.12,-0.13
-0.4,0.12,-0.23
-3.97,0.12,-3.05
-3.53,0.12,-3.54
-3.04,0.12,-3.97
-2.5,0.12,-4.33
-1.91,0.12,-4.62
-1.29,0.12,-4.83
-0.65,0.12,-4.96
0.01,0.12,-5.0
0.66,0.12,-4.96
1.3,0.12,-4.83
1.92,0.12,-4.62
2.51,0.12,-4.33
3.05,0.12,-3.96
0.26,0.12,-0.26
0.26,0.12,-0.2
0.28,0.12,-0.16
-0.39,0.12,0.16
-0.52,0.12,0.14
-0.61,0.12,0.08
-0.67,0.12,-0.0
-0.68,0.12,-0.09
-0.65,0.12,-0.18
-0.57,0.12,-0.24
4.32,0.12,2.51
3.96,0.12,3.06
3.52,0.12,3.55
3.03,0.12,3.98
2.49,0.12,4.34
1.9,0.12,4.63
1.28,0.12,4.83
0.64,0.12,4.96
-0.02,0.12,5.0
-0.67,0.12,4.95
-1.31,0.12,4.82
-1.93,0.12,4.61
-2.52,0.12,4.32
-3.06,0.12,3.95
0.45,0.12,-0.44
0.55,0.12,-0.42
0.61,0.12,-0.35
0.64,0.12,-0.26
0.62,0.12,-0.16
0.55,0.12,-0.07
-0.3,0.11,0.0
-0.3,0.11,-0.04
-0.31,0.11,-0.08
-0.32,0.11,-0.13
-4.33,0.11,-2.5
-3.97,0.11,-3.05
-3.53,0.11,-3.54
-3.04,0.11,-3.97
-2.5,0.11,-4.33
-1.91,0.11,-4.62
-1.29,0.11,-4.83
-0.65,0.11,-4.96
0.01,0.11,-5.0
0.66,0.11,-4.96
1.3,0.11,-4.83
1.92,0.11,-4.62
2.51,0.11,-4.33
3.05,0.11,-3.96
0.26,0.11,-0.26
0.27,0.11,-0.2
0.28,0.11,-0.16
0.31,0.11,-0.13
-0.51,0.11,0.13
-0.61,0.11,0.08
-0.67,0.11,-0.0
-0.68,0.11,-0.09
-0.65,0.11,-0.17
-0.57,0.11,-0.24
4.32,0.11,2.51
3.96,0.11,3.06
3.52,0.11,3.55
3.03,0.11,3.98
2.49,0.11,4.34
1.9,0.11,4.63
1.28,0.11,4.83
0.64,0.11,4.96
-0.02,0.11,5.0
-0.67,0.11,4.95
-1.31,0.11,4.82
-1.93,0.11,4.61
-2.52,0.11,4.32
-3.06,0.11,3.95
0.44,0.11,-0.44
0.54,0.11,-0.41
0.61,0.11,-0.35
0.63,0.11,-0.26
0.61,0.11,-0.16
0.52,0.11,-0.07
-0.31,0.09,-0.0
-0.31,0.09,-0.04
-0.32,0.09,-0.08
-0.33,0.09,-0.14
-4.33,0.09,-2.5
-3.97,0.09,-3.05
-3.53,0.09,-3.54
-3.04,0.09,-3.97
-2.5,0.09,-4.33
-1.91,0.09,-4.62
-1.29,0.09,-4.83
-0.65,0.09,-4.96
0.01,0.09,-5.0
0.66,0.09,-4.96
1.3,0.09,-4.83
1.92,0.09,-4.62
2.51,0.09,-4.33
3.05,0.09,-3.96
0.27,0.09,-0.27
0.27,0.09,-0.21
0.29,0.09,-0.17
0.31,0.09,-0.13
-0.48,0.09,0.13
-0.6,0.09,0.08
-0.66,0.09,-0.0
-0.67,0.09,-0.09
-0.64,0.09,-0.17
-0.56,0.09,-0.23
4.32,0.09,2.51
3.96,0.09,3.06
3.52,0.09,3.55
3.03,0.09,3.98
2.49,0.09,4.34
1.9,0.09,4.63
1.28,0.09,4.83
0.64,0.09,4.96
-0.02,0.09,5.0
-0.67,0.09,4.95
-1.31,0.09,4.82
-1.93,0.09,4.61
-2.52,0.09,4.32
-3.06,0.09,3.95
0.44,0.09,-0.43
0.54,0.09,-0.41
0.6,0.09,-0.35
0.63,0.09,-0.26
0.6,0.09,-0.16
-0.32,0.09,0.04
-0.33,0.07,0.0
-0.32,0.07,-0.04
-0.33,0.07,-0.09
-0.34,0.07,-0.14
-4.33,0.07,-2.5
-3.97,0.07,-3.05
-3.53,0.07,-3.54
-3.04,0.07,-3.97
-2.5,0.07,-4.33
-1.91,0.07,-4.62
-1.29,0.07,-4.83
-0.65,0.07,-4.96
0.01,0.07,-5.0
0.66,0.07,-4.96
1.3,0.07,-4.83
1.92,0.07,-4.62
2.51,0.07,-4.33
3.05,0.07,-3.96
0.28,0.07,-0.28
0.28,0.07,-0.21
0.3,0.07,-0.17
0.32,0.07,-0.13
0.37,0.07,-0.1
-0.58,0.07,0.08
-0.65,0.07,-0.0
-0.66,0.07,-0.09
-0.63,0.07,-0.17
-0.55,0.07,-0.23
4.32,0.07,2.51
3.96,0.07,3.06
3.52,0.07,3.55
3.03,0.07,3.98
2.49,0.07,4.34
1.9,0.07,4.63
1.28,0.07,4.83
0.64,0.07,4.96
-0.02,0.07,5.0
-0.67,0.07,4.95
-1.31,0.07,4.82
-1.93,0.07,4.61
-2.52,0.07,4.32
-3.06,0.07,3.95
0.43,0.07,-0.43
0.53,0.07,-0.4
0.6,0.07,-0.34
0.62,0.07,-0.25
0.59,0.07,-0.16
-0.34,0.07,0.04
-0.35,0.05,-0.0
-0.34,0.05,-0.04
-0.34,0.05,-0.09
-0.36,0.05,-0.15
-4.33,0.05,-2.5
-3.97,0.05,-3.05
-3.53,0.05,-3.54
-3.04,0.05,-3.97
-2.5,0.05,-4.33
-1.91,0.05,-4.62
-1.29,0.05,-4.83
-0.65,0.05,-4.96
0.01,0.05,-5.0
0.66,0.05,-4.96
1.3,0.05,-4.83
1.92,0.05,-4.62
2.51,0.05,-4.33
3.05,0.05,-3.96
0.29,0.05,-0.29
0.29,0.05,-0.22
0.3,0.05,-0.18
0.33,0.05,-0.14
0.39,0.05,-0.1
-0.57,0.05,0.07
-0.64,0.05,-0.0
-0.65,0.05,-0.09
-0.62,0.05,-0.17
-0.53,0.05,-0.22
4.32,0.05,2.51
3.96,0.05,3.06
3.52,0.05,3.55
3.03,0.05,3.98
2.49,0.05,4.34
1.9,0.05,4.63
1.28,0.05,4.83
0.64,0.05,4.96
-0.02,0.05,5.0
-0.67,0.05,4.95
-1.31,0.05,4.82
-1.93,0.05,4.61
-2.52,0.05,4.32
-3.06,0.05,3.95
0.42,0.05,-0.41
0.52,0.05,-0.4
0.59,0.05,-0.34
0.61,0.05,-0.25
0.58,0.05,-0.15
-0.37,0.05,0.05
-0.37,0.04,0.0
-0.35,0.04,-0.05
-0.35,0.04,-0.09
-0.38,0.04,-0.16
-4.33,0.04,-2.5
-3.97,0.04,-3.05
-3.53,0.04,-3.54
-3.04,0.04,-3.97
-2.5,0.04,-4.33
-1.91,0.04,-4.62
-1.29,0.04,-4.83
-0.65,0.04,-4.96
0.01,0.04,-5.0
0.66,0.04,-4.96
1.3,0.04,-4.83
1.92,0.04,-4.62
2.51,0.04,-4.33
3.05,0.04,-3.96
0.31,0.04,-0.3
0.3,0.04,-0.23
0.32,0.04,-0.18
0.35,0.04,-0.14
0.41,0.04,-0.11
-0.54,0.04,0.07
-0.62,0.04,-0.0
-0.64,0.04,-0.09
-0.6,0.04,-0.16
-0.51,0.04,-0.21
4.32,0.04,2.51
3.96,0.04,3.06
3.52,0.04,3.55
3.03,0.04,3.98
2.49,0.04,4.34
1.9,0.04,4.63
1.28,0.04,4.83
0.64,0.04,4.96
-0.02,0.04,5.0
-0.67,0.04,4.95
-1.31,0.04,4.82
-1.93,0.04,4.61
-2.52,0.04,4.32
-3.06,0.04,3.95
0.4,0.04,-0.4
0.51,0.04,-0.39
0.58,0.04,-0.33
0.6,0.04,-0.24
0.55,0.04,-0.15
-0.41,0.04,0.05
-0.39,0.02,0.0
-0.37,0.02,-0.05
-0.37,0.02,-0.1
-0.44,0.02,-0.18
-4.33,0.02,-2.5
-3.97,0.02,-3.05
-3.53,0.02,-3.54
-3.04,0.02,-3.97
-2.5,0.02,-4.33
-1.91,0.02,-4.62
-1.29,0.02,-4.83
-0.65,0.02,-4.96
0.01,0.02,-5.0
0.66,0.02,-4.96
1.3,0.02,-4.83
1.92,0.02,-4.62
2.51,0.02,-4.33
3.05,0.02,-3.96
3.54,0.02,-3.53
0.31,0.02,-0.24
0.33,0.02,-0.19
0.36,0.02,-0.15
0.45,0.02,-0.12
4.96,0.02,-0.64
-0.6,0.02,-0.0
-0.62,0.02,-0.08
-0.59,0.02,-0.16
4.61,0.02,1.93
4.32,0.02,2.51
3.96,0.02,3.06
3.52,0.02,3.55
3.03,0.02,3.98
2.49,0.02,4.34
1.9,0.02,4.63
1.28,0.02,4.83
0.64,0.02,4.96
-0.02,0.02,5.0
-0.67,0.02,4.95
-1.31,0.02,4.82
-1.93,0.02,4.61
-2.52,0.02,4.32
-3.06,0.02,3.95
0.35,0.02,-0.35
0.5,0.02,-0.38
0.56,0.02,-0.32
0.58,0.02,-0.24
