0.3,2.3,0.04
-4.83,2.3,-1.3
-4.62,2.3,-1.91
-4.33,2.3,-2.5
-3.97,2.3,-3.05
-3.53,2.3,-3.54
-3.04,2.3,-3.97
-2.5,2.3,-4.33
-1.91,2.3,-4.62
-1.29,2.3,-4.83
-0.65,2.3,-4.96
0.01,2.3,-5.0
0.66,2.3,-4.96
1.3,2.3,-4.83
-0.18,2.3,0.43
-0.26,2.3,0.45
-0.33,2.3,0.43
-0.39,2.3,0.39
-0.43,2.3,0.33
-0.45,2.3,0.26
-0.44,2.3,0.18
-0.39,2.3,0.1
4.96,2.3,-0.64
5.0,2.3,0.01
4.96,2.3,0.67
4.83,2.3,1.31
4.61,2.3,1.93
4.32,2.3,2.51
3.96,2.3,3.06
3.52,2.3,3.55
3.03,2.3,3.98
2.49,2.3,4.34
1.9,2.3,4.63
1.28,2.3,4.83
0.64,2.3,4.96
-0.02,2.3,5.0
-0.67,2.3,4.95
-1.31,2.3,4.82
-1.93,2.3,4.61
-0.11,2.3,0.19
-0.1,2.3,0.13
-0.11,2.3,0.11
-0.11,2.3,0.09
-0.12,2.3,0.07
-0.13,2.3,0.05
-0.14,2.3,0.04
-0.16,2.3,0.02
-0.17,2.28,0.0
-4.96,2.28,-0.65
-4.83,2.28,-1.3
-4.62,2.28,-1.91
-4.33,2.28,-2.5
-3.97,2.28,-3.05
-3.53,2.28,-3.54
-3.04,2.28,-3.97
-2.5,2.28,-4.33
-1.91,2.28,-4.62
-1.29,2.28,-4.83
-0.65,2.28,-4.96
0.01,2.28,-5.0
0.66,2.28,-4.96
1.3,2.28,-4.83
1.92,2.28,-4.62
-0.17,2.28,0.3
-0.25,2.28,0.32
-0.32,2.28,0.32
-0.38,2.28,0.29
-0.42,2.28,0.24
-0.44,2.28,0.18
-0.45,2.28,0.12
-0.42,2.28,0.05
-0.37,2.28,-0.0
4.96,2.28,0.67
4.83,2.28,1.31
4.61,2.28,1.93
4.32,2.28,2.51
3.96,2.28,3.06
3.52,2.28,3.55
3.03,2.28,3.98
2.49,2.28,4.34
1.9,2.28,4.63
1.28,2.28,4.83
0.64,2.28,4.96
-0.02,2.28,5.0
-0.67,2.28,4.95
-1.31,2.28,4.82
-1.93,2.28,4.61
-0.09,2.28,0.16
-0.09,2.28,0.12
-0.1,2.28,0.1
-0.1,2.28,0.08
-0.11,2.28,0.06
-0.12,2.28,0.05
-0.13,2.28,0.03
-0.14,2.28,0.02
-0.15,2.25,0.0
-0.19,2.25,-0.02
-4.83,2.25,-1.3
-4.62,2.25,-1.91
-4.33,2.25,-2.5
-3.97,2.25,-3.05
-3.53,2.25,-3.54
-3.04,2.25,-3.97
-2.5,2.25,-4.33
-1.91,2.25,-4.62
-1.29,2.25,-4.83
-0.65,2.25,-4.96
0.01,2.25,-5.0
0.66,2.25,-4.96
1.3,2.25,-4.83
1.92,2.25,-4.62
-0.18,2.25,0.31
-0.26,2.25,0.33
-0.33,2.25,0.33
-0.39,2.25,0.29
-0.43,2.25,0.25
-0.45,2.25,0.19
-0.46,2.25,0.12
-0.43,2.25,0.06
-0.39,2.25,-0.0
-0.3,2.25,-0.04
4.83,2.25,1.31
4.61,2.25,1.93
4.32,2.25,2.51
3.96,2.25,3.06
3.52,2.25,3.55
3.03,2.25,3.98
2.49,2.25,4.34
1.9,2.25,4.63
1.28,2.25,4.83
0.64,2.25,4.96
-0.02,2.25,5.0
-0.67,2.25,4.95
-1.31,2.25,4.82
-1.93,2.25,4.61
-0.08,2.25,0.14
-0.08,2.25,0.11
-0.09,2.25,0.09
-0.1,2.25,0.07
-0.1,2.25,0.06
-0.11,2.25,0.04
-0.12,2.25,0.03
-0.13,2.25,0.02
-0.14,2.23,-0.0
-0.17,2.23,-0.02
-4.83,2.23,-1.3
-4.62,2.23,-1.91
-4.33,2.23,-2.5
-3.97,2.23,-3.05
-3.53,2.23,-3.54
-3.04,2.23,-3.97
-2.5,2.23,-4.33
-1.91,2.23,-4.62
-1.29,2.23,-4.83
-0.65,2.23,-4.96
0.01,2.23,-5.0
0.66,2.23,-4.96
1.3,2.23,-4.83
-0.1,2.23,0.25
-0.19,2.23,0.32
-0.26,2.23,0.34
-0.33,2.23,0.33
-0.39,2.23,0.3
-0.43,2.23,0.25
-0.46,2.23,0.19
-0.46,2.23,0.12
-0.44,2.23,0.06
-0.4,2.23,-0.0
-0.32,2.23,-0.04
4.83,2.23,1.31
4.61,2.23,1.93
4.32,2.23,2.51
3.96,2.23,3.06
3.52,2.23,3.55
3.03,2.23,3.98
2.49,2.23,4.34
1.9,2.23,4.63
1.28,2.23,4.83
0.64,2.23,4.96
-0.02,2.23,5.0
-0.67,2.23,4.95
-1.31,2.23,4.82
-0.08,2.23,0.19
-0.07,2.23,0.13
-0.08,2.23,0.1
-0.08,2.23,0.08
-0.09,2.23,0.07
-0.1,2.23,0.06
-0.1,2.23,0.04
-0.11,2.23,0.03
-0.12,2.23,0.02
-0.13,2.21,-0.0
-0.16,2.21,-0.02
-4.83,2.21,-1.3
-4.62,2.21,-1.91
-4.33,2.21,-2.5
-3.97,2.21,-3.05
-3.53,2.21,-3.54
-3.04,2.21,-3.97
-2.5,2.21,-4.33
-1.91,2.21,-4.62
-1.29,2.21,-4.83
-0.65,2.21,-4.96
0.01,2.21,-5.0
0.66,2.21,-4.96
1.3,2.21,-4.83
-0.11,2.21,0.27
-0.19,2.21,0.33
-0.27,2.21,0.34
-0.33,2.21,0.33
-0.39,2.21,0.3
-0.44,2.21,0.25
-0.46,2.21,0.19
-0.47,2.21,0.12
-0.45,2.21,0.06
-0.4,2.21,-0.0
-0.33,2.21,-0.04
4.83,2.21,1.31
4.61,2.21,1.93
4.32,2.21,2.51
3.96,2.21,3.06
3.52,2.21,3.55
3.03,2.21,3.98
2.49,2.21,4.34
1.9,2.21,4.63
1.28,2.21,4.83
0.64,2.21,4.96
-0.02,2.21,5.0
-0.67,2.21,4.95
-1.31,2.21,4.82
-0.07,2.21,0.17
-0.07,2.21,0.12
-0.08,2.21,0.1
-0.08,2.21,0.08
-0.09,2.21,0.07
-0.09,2.21,0.05
-0.1,2.21,0.04
-0.11,2.21,0.03
-0.12,2.21,0.02
-0.13,2.19,-0.0
-0.16,2.19,-0.02
-4.83,2.19,-1.3
-4.62,2.19,-1.91
-4.33,2.19,-2.5
-3.97,2.19,-3.05
-3.53,2.19,-3.54
-3.04,2.19,-3.97
-2.5,2.19,-4.33
-1.91,2.19,-4.62
-1.29,2.19,-4.83
-0.65,2.19,-4.96
0.01,2.19,-5.0
0.66,2.19,-4.96
1.3,2.19,-4.83
-0.11,2.19,0.27
-0.19,2.19,0.33
-0.27,2.19,0.35
-0.34,2.19,0.34
-0.4,2.19,0.3
-0.44,2.19,0.25
-0.47,2.19,0.19
-0.47,2.19,0.13
-0.45,2.19,0.06
-0.41,2.19,-0.0
-0.33,2.19,-0.04
4.83,2.19,1.31
4.61,2.19,1.93
4.32,2.19,2.51
3.96,2.19,3.06
3.52,2.19,3.55
3.03,2.19,3.98
2.49,2.19,4.34
1.9,2.19,4.63
1.28,2.19,4.83
0.64,2.19,4.96
-0.02,2.19,5.0
-0.67,2.19,4.95
-1.31,2.19,4.82
-0.07,2.19,0.17
-0.07,2.19,0.12
-0.08,2.19,0.1
-0.08,2.19,0.08
-0.09,2.19,0.07
-0.09,2.19,0.05
-0.1,2.19,0.04
-0.11,2.19,0.03
-0.12,2.19,0.01
-0.13,2.16,0.0
-0.16,2.16,-0.02
-4.83,2.16,-1.3
-4.62,2.16,-1.91
-4.33,2.16,-2.5
-3.97,2.16,-3.05
-3.53,2.16,-3.54
-3.04,2.16,-3.97
-2.5,2.16,-4.33
-1.91,2.16,-4.62
-1.29,2.16,-4.83
-0.65,2.16,-4.96
0.01,2.16,-5.0
0.66,2.16,-4.96
1.3,2.16,-4.83
-0.11,2.16,0.26
-0.19,2.16,0.33
-0.27,2.16,0.35
-0.34,2.16,0.34
-0.4,2.16,0.3
-0.44,2.16,0.26
-0.47,2.16,0.19
-0.48,2.16,0.13
-0.46,2.16,0.06
-0.41,2.16,-0.0
-0.33,2.16,-0.04
4.83,2.16,1.31
4.61,2.16,1.93
4.32,2.16,2.51
3.96,2.16,3.06
3.52,2.16,3.55
3.03,2.16,3.98
2.49,2.16,4.34
1.9,2.16,4.63
1.28,2.16,4.83
0.64,2.16,4.96
-0.02,2.16,5.0
-0.67,2.16,4.95
-1.31,2.16,4.82
-0.07,2.16,0.17
-0.07,2.16,0.12
-0.08,2.16,0.1
-0.08,2.16,0.08
-0.09,2.16,0.07
-0.09,2.16,0.05
-0.1,2.16,0.04
-0.11,2.16,0.03
-0.12,2.16,0.02
-0.14,2.14,0.0
-0.17,2.14,-0.02
-4.83,2.14,-1.3
-4.62,2.14,-1.91
-4.33,2.14,-2.5
-3.97,2.14,-3.05
-3.53,2.14,-3.54
-3.04,2.14,-3.97
-2.5,2.14,-4.33
-1.91,2.14,-4.62
-1.29,2.14,-4.83
-0.65,2.14,-4.96
0.01,2.14,-5.0
0.66,2.14,-4.96
1.3,2.14,-4.83
-0.1,2.14,0.25
-0.19,2.14,0.33
-0.27,2.14,0.35
-0.34,2.14,0.34
-0.4,2.14,0.31
-0.45,2.14,0.26
-0.48,2.14,0.2
-0.48,2.14,0.13
-0.46,2.14,0.06
-0.41,2.14,-0.0
-0.34,2.14,-0.04
4.83,2.14,1.31
4.61,2.14,1.93
4.32,2.14,2.51
3.96,2.14,3.06
3.52,2.14,3.55
3.03,2.14,3.98
2.49,2.14,4.34
1.9,2.14,4.63
1.28,2.14,4.83
0.64,2.14,4.96
-0.02,2.14,5.0
-0.67,2.14,4.95
-1.31,2.14,4.82
-0.08,2.14,0.19
-0.08,2.14,0.13
-0.08,2.14,0.1
-0.08,2.14,0.08
-0.09,2.14,0.07
-0.1,2.14,0.06
-0.1,2.14,0.04
-0.11,2.14,0.03
-0.12,2.14,0.02
-0.14,2.12,0.0
-0.18,2.12,-0.02
-4.83,2.12,-1.3
-4.62,2.12,-1.91
-4.33,2.12,-2.5
-3.97,2.12,-3.05
-3.53,2.12,-3.54
-3.04,2.12,-3.97
-2.5,2.12,-4.33
-1.91,2.12,-4.62
-1.29,2.12,-4.83
-0.65,2.12,-4.96
0.01,2.12,-5.0
0.66,2.12,-4.96
1.3,2.12,-4.83
1.92,2.12,-4.62
-0.19,2.12,0.32
-0.27,2.12,0.35
-0.34,2.12,0.34
-0.4,2.12,0.31
-0.45,2.12,0.26
-0.48,2.12,0.2
-0.49,2.12,0.13
-0.47,2.12,0.06
-0.42,2.12,-0.0
-0.34,2.12,-0.05
4.83,2.12,1.31
4.61,2.12,1.93
4.32,2.12,2.51
3.96,2.12,3.06
3.52,2.12,3.55
3.03,2.12,3.98
2.49,2.12,4.34
1.9,2.12,4.63
1.28,2.12,4.83
0.64,2.12,4.96
-0.02,2.12,5.0
-0.67,2.12,4.95
-1.31,2.12,4.82
-1.93,2.12,4.61
-0.08,2.12,0.14
-0.08,2.12,0.11
-0.09,2.12,0.09
-0.09,2.12,0.07
-0.1,2.12,0.06
-0.11,2.12,0.04
-0.12,2.12,0.03
-0.13,2.12,0.02
-0.15,2.09,-0.0
-0.18,2.09,-0.02
-4.83,2.09,-1.3
-4.62,2.09,-1.91
-4.33,2.09,-2.5
-3.97,2.09,-3.05
-3.53,2.09,-3.54
-3.04,2.09,-3.97
-2.5,2.09,-4.33
-1.91,2.09,-4.62
-1.29,2.09,-4.83
-0.65,2.09,-4.96
0.01,2.09,-5.0
0.66,2.09,-4.96
1.3,2.09,-4.83
1.92,2.09,-4.62
-0.19,2.09,0.32
-0.27,2.09,0.35
-0.34,2.09,0.34
-0.41,2.09,0.31
-0.46,2.09,0.26
-0.48,2.09,0.2
-0.49,2.09,0.13
-0.47,2.09,0.06
-0.42,2.09,-0.0
-0.34,2.09,-0.05
4.83,2.09,1.31
4.61,2.09,1.93
4.32,2.09,2.51
3.96,2.09,3.06
3.52,2.09,3.55
3.03,2.09,3.98
2.49,2.09,4.34
1.9,2.09,4.63
1.28,2.09,4.83
0.64,2.09,4.96
-0.02,2.09,5.0
-0.67,2.09,4.95
-1.31,2.09,4.82
-1.93,2.09,4.61
-0.08,2.09,0.14
-0.09,2.09,0.11
-0.09,2.09,0.09
-0.1,2.09,0.07
-0.1,2.09,0.06
-0.11,2.09,0.05
-0.12,2.09,0.03
-0.13,2.09,0.02
-0.15,2.07,0.0
-0.19,2.07,-0.02
-4.83,2.07,-1.3
-4.62,2.07,-1.91
-4.33,2.07,-2.5
-3.97,2.07,-3.05
-3.53,2.07,-3.54
-3.04,2.07,-3.97
-2.5,2.07,-4.33
-1.91,2.07,-4.62
-1.29,2.07,-4.83
-0.65,2.07,-4.96
0.01,2.07,-5.0
0.66,2.07,-4.96
1.3,2.07,-4.83
1.92,2.07,-4.62
-0.18,2.07,0.32
-0.27,2.07,0.35
-0.34,2.07,0.34
-0.41,2.07,0.31
-0.46,2.07,0.26
-0.49,2.07,0.2
-0.49,2.07,0.13
-0.47,2.07,0.06
-0.43,2.07,-0.0
-0.34,2.07,-0.05
4.83,2.07,1.31
4.61,2.07,1.93
4.32,2.07,2.51
3.96,2.07,3.06
3.52,2.07,3.55
3.03,2.07,3.98
2.49,2.07,4.34
1.9,2.07,4.63
1.28,2.07,4.83
0.64,2.07,4.96
-0.02,2.07,5.0
-0.67,2.07,4.95
-1.31,2.07,4.82
-1.93,2.07,4.61
-0.09,2.07,0.15
-0.09,2.07,0.12
-0.1,2.07,0.09
-0.1,2.07,0.08
-0.11,2.07,0.06
-0.12,2.07,0.05
-0.12,2.07,0.03
-0.14,2.07,0.02
0.25,2.05,0.0
0.22,2.05,0.03
0.15,2.05,0.04
0.11,2.05,0.05
0.08,2.05,0.05
0.06,2.05,0.05
0.05,2.05,0.05
0.04,2.05,0.05
0.03,2.05,0.05
0.02,2.05,0.05
0.01,2.05,0.05
0.01,2.05,0.05
-0.0,2.05,0.05
-0.01,2.05,0.05
-0.01,2.05,0.05
-0.02,2.05,0.05
-0.18,2.05,0.31
-0.27,2.05,0.35
-0.34,2.05,0.34
-0.41,2.05,0.31
-0.46,2.05,0.27
-0.49,2.05,0.2
-0.5,2.05,0.13
-0.48,2.05,0.06
-0.43,2.05,-0.0
-0.34,2.05,-0.05
-0.14,2.05,-0.04
-0.14,2.05,-0.06
-0.13,2.05,-0.08
-0.12,2.05,-0.09
-0.1,2.05,-0.1
-0.08,2.05,-0.11
-0.06,2.05,-0.11
-0.05,2.05,-0.11
-0.03,2.05,-0.11
-0.01,2.05,-0.11
0.0,2.05,-0.11
0.01,2.05,-0.11
0.03,2.05,-0.11
0.04,2.05,-0.1
0.06,2.05,-0.1
0.08,2.05,-0.1
0.1,2.05,-0.1
0.13,2.05,-0.1
0.17,2.05,-0.09
0.21,2.05,-0.09
0.24,2.05,-0.06
0.26,2.05,-0.03
0.3,2.02,0.0
0.28,2.02,0.04
0.25,2.02,0.07
0.2,2.02,0.08
0.15,2.02,0.09
0.11,2.02,0.09
0.09,2.02,0.09
0.07,2.02,0.09
0.05,2.02,0.09
0.04,2.02,0.09
0.02,2.02,0.09
0.01,2.02,0.09
-0.0,2.02,0.09
-0.01,2.02,0.09
-0.03,2.02,0.09
-0.04,2.02,0.09
-0.18,2.02,0.31
-0.27,2.02,0.35
-0.35,2.02,0.34
-0.41,2.02,0.32
-0.47,2.02,0.27
-0.5,2.02,0.2
-0.5,2.02,0.13
-0.48,2.02,0.06
-0.43,2.02,-0.0
-0.34,2.02,-0.05
-0.18,2.02,-0.05
-0.17,2.02,-0.07
-0.16,2.02,-0.09
-0.15,2.02,-0.11
-0.13,2.02,-0.13
-0.11,2.02,-0.14
-0.08,2.02,-0.15
-0.06,2.02,-0.15
-0.04,2.02,-0.15
-0.02,2.02,-0.15
0.0,2.02,-0.15
0.02,2.02,-0.15
0.04,2.02,-0.15
0.06,2.02,-0.14
0.08,2.02,-0.14
0.11,2.02,-0.14
0.14,2.02,-0.14
0.18,2.02,-0.14
0.23,2.02,-0.13
0.27,2.02,-0.11
0.29,2.02,-0.08
0.3,2.02,-0.04
0.33,2.0,0.0
0.31,2.0,0.04
0.28,2.0,0.08
0.25,2.0,0.1
0.19,2.0,0.11
0.15,2.0,0.11
0.11,2.0,0.11
0.09,2.0,0.12
0.07,2.0,0.12
0.05,2.0,0.12
0.03,2.0,0.12
0.02,2.0,0.12
-0.0,2.0,0.12
-0.02,2.0,0.12
-0.03,2.0,0.12
-0.05,2.0,0.12
-0.18,2.0,0.3
-0.27,2.0,0.35
-0.35,2.0,0.35
-0.42,2.0,0.32
-0.47,2.0,0.27
-0.5,2.0,0.21
-0.51,2.0,0.13
-0.49,2.0,0.06
-0.44,2.0,-0.0
-0.35,2.0,-0.05
-0.2,2.0,-0.06
-0.2,2.0,-0.08
-0.18,2.0,-0.11
-0.17,2.0,-0.13
-0.15,2.0,-0.15
-0.12,2.0,-0.16
-0.1,2.0,-0.17
-0.07,2.0,-0.17
-0.05,2.0,-0.17
-0.02,2.0,-0.17
0.0,2.0,-0.17
0.02,2.0,-0.17
0.05,2.0,-0.17
0.07,2.0,-0.17
0.1,2.0,-0.17
0.13,2.0,-0.17
0.17,2.0,-0.17
0.22,2.0,-0.16
0.26,2.0,-0.15
0.29,2.0,-0.12
0.32,2.0,-0.08
0.33,2.0,-0.04
0.35,1.98,0.0
0.33,1.98,0.04
0.31,1.98,0.08
0.27,1.98,0.11
0.22,1.98,0.13
0.17,1.98,0.13
0.13,1.98,0.13
0.1,1.98,0.13
0.08,1.98,0.14
0.06,1.98,0.14
0.04,1.98,0.14
0.02,1.98,0.14
-0.0,1.98,0.14
-0.02,1.98,0.14
-0.04,1.98,0.14
-0.06,1.98,0.14
-0.17,1.98,0.3
-0.27,1.98,0.35
-0.35,1.98,0.35
-0.42,1.98,0.32
-0.47,1.98,0.27
-0.5,1.98,0.21
-0.51,1.98,0.14
-0.49,1.98,0.06
-0.44,1.98,-0.0
-0.35,1.98,-0.05
-0.22,1.98,-0.06
-0.21,1.98,-0.09
-0.2,1.98,-0.12
-0.18,1.98,-0.14
-0.16,1.98,-0.16
-0.13,1.98,-0.18
-0.11,1.98,-0.19
-0.08,1.98,-0.19
-0.05,1.98,-0.19
-0.02,1.98,-0.19
0.0,1.98,-0.19
0.03,1.98,-0.19
0.05,1.98,-0.19
0.08,1.98,-0.19
0.11,1.98,-0.19
0.15,1.98,-0.19
0.19,1.98,-0.19
0.24,1.98,-0.18
0.28,1.98,-0.16
0.31,1.98,-0.13
0.34,1.98,-0.09
0.35,1.98,-0.04
0.36,1.96,0.0
0.35,1.96,0.05
0.32,1.96,0.09
0.29,1.96,0.12
0.24,1.96,0.14
0.19,1.96,0.15
0.15,1.96,0.15
0.11,1.96,0.15
0.09,1.96,0.15
0.06,1.96,0.15
0.04,1.96,0.15
0.02,1.96,0.15
-0.0,1.96,0.15
-0.02,1.96,0.15
-0.04,1.96,0.15
-0.06,1.96,0.15
-0.17,1.96,0.29
-0.27,1.96,0.34
-0.35,1.96,0.35
-0.42,1.96,0.32
-0.48,1.96,0.27
-0.51,1.96,0.21
-0.52,1.96,0.14
-0.5,1.96,0.06
-0.45,1.96,-0.0
-0.35,1.96,-0.05
-0.23,1.96,-0.06
-0.23,1.96,-0.09
-0.21,1.96,-0.12
-0.19,1.96,-0.15
-0.17,1.96,-0.17
-0.14,1.96,-0.19
-0.11,1.96,-0.2
-0.08,1.96,-0.2
-0.05,1.96,-0.21
-0.03,1.96,-0.21
0.0,1.96,-0.21
0.03,1.96,-0.21
0.06,1.96,-0.2
0.09,1.96,-0.2
0.12,1.96,-0.2
0.16,1.96,-0.2
0.2,1.96,-0.2
0.25,1.96,-0.19
0.29,1.96,-0.17
0.33,1.96,-0.13
0.35,1.96,-0.09
0.36,1.96,-0.05
0.37,1.93,-0.0
0.36,1.93,0.05
0.34,1.93,0.09
0.3,1.93,0.12
0.25,1.93,0.15
0.21,1.93,0.16
0.16,1.93,0.16
0.12,1.93,0.16
0.09,1.93,0.16
0.07,1.93,0.16
0.04,1.93,0.16
0.02,1.93,0.16
-0.0,1.93,0.16
-0.02,1.93,0.16
-0.04,1.93,0.16
-0.07,1.93,0.16
-0.16,1.93,0.28
-0.26,1.93,0.34
-0.35,1.93,0.35
-0.42,1.93,0.32
-0.48,1.93,0.28
-0.51,1.93,0.21
-0.52,1.93,0.14
-0.5,1.93,0.06
-0.45,1.93,-0.0
-0.35,1.93,-0.05
-0.24,1.93,-0.07
-0.23,1.93,-0.1
-0.22,1.93,-0.13
-0.2,1.93,-0.15
-0.18,1.93,-0.18
-0.15,1.93,-0.19
-0.12,1.93,-0.21
-0.09,1.93,-0.21
-0.06,1.93,-0.22
-0.03,1.93,-0.22
0.0,1.93,-0.22
0.03,1.93,-0.22
0.06,1.93,-0.21
0.09,1.93,-0.21
0.12,1.93,-0.21
0.16,1.93,-0.21
0.21,1.93,-0.21
0.26,1.93,-0.2
0.3,1.93,-0.17
0.34,1.93,-0.14
0.36,1.93,-0.1
0.38,1.93,-0.05
0.38,1.91,0.0
0.37,1.91,0.05
0.34,1.91,0.09
0.31,1.91,0.13
0.26,1.91,0.15
0.21,1.91,0.16
0.17,1.91,0.17
0.13,1.91,0.17
0.1,1.91,0.17
0.07,1.91,0.17
0.04,1.91,0.17
0.02,1.91,0.17
-0.0,1.91,0.17
-0.02,1.91,0.17
-0.05,1.91,0.17
-0.07,1.91,0.17
-0.1,1.91,0.16
-0.26,1.91,0.34
-0.35,1.91,0.35
-0.43,1.91,0.32
-0.48,1.91,0.28
-0.52,1.91,0.21
-0.53,1.91,0.14
-0.51,1.91,0.07
-0.45,1.91,-0.0
-0.35,1.91,-0.05
-0.25,1.91,-0.07
-0.24,1.91,-0.1
-0.22,1.91,-0.13
-0.2,1.91,-0.16
-0.18,1.91,-0.18
-0.15,1.91,-0.2
-0.12,1.91,-0.21
-0.09,1.91,-0.22
-0.06,1.91,-0.22
-0.03,1.91,-0.22
0.0,1.91,-0.22
0.03,1.91,-0.22
0.06,1.91,-0.22
0.09,1.91,-0.22
0.13,1.91,-0.22
0.17,1.91,-0.22
0.22,1.91,-0.22
0.27,1.91,-0.2
0.31,1.91,-0.18
0.35,1.91,-0.14
0.37,1.91,-0.1
0.38,1.91,-0.05
0.39,1.89,0.0
0.37,1.89,0.05
0.35,1.89,0.09
0.31,1.89,0.13
0.27,1.89,0.16
0.22,1.89,0.17
0.17,1.89,0.17
0.13,1.89,0.17
0.1,1.89,0.17
0.07,1.89,0.17
0.05,1.89,0.17
0.02,1.89,0.17
-0.0,1.89,0.17
-0.02,1.89,0.17
-0.05,1.89,0.17
-0.07,1.89,0.17
-0.1,1.89,0.17
-0.26,1.89,0.34
-0.35,1.89,0.35
-0.43,1.89,0.33
-0.49,1.89,0.28
-0.52,1.89,0.21
-0.53,1.89,0.14
-0.51,1.89,0.07
-0.46,1.89,-0.0
-0.35,1.89,-0.05
-0.25,1.89,-0.07
-0.24,1.89,-0.1
-0.23,1.89,-0.13
-0.21,1.89,-0.16
-0.18,1.89,-0.18
-0.15,1.89,-0.2
-0.12,1.89,-0.22
-0.09,1.89,-0.22
-0.06,1.89,-0.23
-0.03,1.89,-0.23
0.0,1.89,-0.23
0.03,1.89,-0.23
0.06,1.89,-0.23
0.09,1.89,-0.23
0.13,1.89,-0.23
0.17,1.89,-0.23
0.22,1.89,-0.22
0.27,1.89,-0.21
0.32,1.89,-0.18
0.35,1.89,-0.14
0.38,1.89,-0.1
0.39,1.89,-0.05
0.39,1.86,0.0
0.38,1.86,0.05
0.35,1.86,0.09
0.31,1.86,0.13
0.27,1.86,0.16
0.22,1.86,0.17
0.17,1.86,0.17
0.13,1.86,0.17
0.1,1.86,0.17
0.07,1.86,0.17
0.05,1.86,0.17
0.02,1.86,0.17
-0.0,1.86,0.17
-0.02,1.86,0.17
-0.05,1.86,0.17
-0.07,1.86,0.17
-0.1,1.86,0.17
-0.26,1.86,0.34
-0.35,1.86,0.35
-0.43,1.86,0.33
-0.49,1.86,0.28
-0.53,1.86,0.22
-0.54,1.86,0.14
-0.52,1.86,0.07
-0.46,1.86,-0.0
-0.35,1.86,-0.05
-0.25,1.86,-0.07
-0.24,1.86,-0.1
-0.23,1.86,-0.13
-0.21,1.86,-0.16
-0.18,1.86,-0.18
-0.15,1.86,-0.2
-0.12,1.86,-0.22
-0.09,1.86,-0.22
-0.06,1.86,-0.23
-0.03,1.86,-0.23
0.0,1.86,-0.23
0.03,1.86,-0.23
0.06,1.86,-0.23
0.1,1.86,-0.23
0.13,1.86,-0.23
0.18,1.86,-0.23
0.23,1.86,-0.22
0.27,1.86,-0.21
0.32,1.86,-0.18
0.35,1.86,-0.14
0.38,1.86,-0.1
0.39,1.86,-0.05
0.39,1.84,0.0
0.37,1.84,0.05
0.35,1.84,0.09
0.31,1.84,0.13
0.27,1.84,0.16
0.22,1.84,0.17
0.17,1.84,0.17
0.13,1.84,0.17
0.1,1.84,0.17
0.07,1.84,0.17
0.05,1.84,0.17
0.02,1.84,0.17
-0.0,1.84,0.17
-0.02,1.84,0.17
-0.05,1.84,0.17
-0.07,1.84,0.17
-0.1,1.84,0.17
-0.26,1.84,0.34
-0.35,1.84,0.35
-0.43,1.84,0.33
-0.49,1.84,0.28
-0.53,1.84,0.22
-0.54,1.84,0.14
-0.52,1.84,0.07
-0.47,1.84,-0.0
-0.35,1.84,-0.05
-0.25,1.84,-0.07
-0.24,1.84,-0.1
-0.23,1.84,-0.13
-0.21,1.84,-0.16
-0.18,1.84,-0.18
-0.15,1.84,-0.2
-0.26,1.84,-0.45
-0.09,1.84,-0.22
-0.06,1.84,-0.23
-0.03,1.84,-0.23
0.0,1.84,-0.23
0.03,1.84,-0.23
0.06,1.84,-0.23
0.09,1.84,-0.23
0.13,1.84,-0.23
0.18,1.84,-0.23
0.23,1.84,-0.22
0.27,1.84,-0.21
0.32,1.84,-0.18
0.35,1.84,-0.14
0.38,1.84,-0.1
0.39,1.84,-0.05
0.38,1.82,0.0
0.37,1.82,0.05
0.35,1.82,0.09
0.31,1.82,0.13
0.27,1.82,0.15
0.22,1.82,0.17
0.17,1.82,0.17
0.13,1.82,0.17
0.1,1.82,0.17
0.07,1.82,0.17
0.04,1.82,0.17
0.02,1.82,0.17
-0.0,1.82,0.17
-0.02,1.82,0.17
-0.04,1.82,0.17
-0.07,1.82,0.17
-0.09,1.82,0.16
-0.26,1.82,0.34
-0.35,1.82,0.35
-0.43,1.82,0.33
-0.49,1.82,0.28
-0.53,1.82,0.22
-0.54,1.82,0.14
-0.52,1.82,0.07
-0.47,1.82,-0.0
-0.35,1.82,-0.05
-0.25,1.82,-0.07
-0.24,1.82,-0.1
-0.22,1.82,-0.13
-0.2,1.82,-0.16
-0.18,1.82,-0.18
-0.35,1.82,-0.45
-0.29,1.82,-0.5
-0.2,1.82,-0.5
-0.06,1.82,-0.22
-0.03,1.82,-0.22
0.0,1.82,-0.22
0.03,1.82,-0.22
0.06,1.82,-0.22
0.09,1.82,-0.22
0.13,1.82,-0.22
0.17,1.82,-0.22
0.22,1.82,-0.22
0.27,1.82,-0.21
0.31,1.82,-0.18
0.35,1.82,-0.14
0.37,1.82,-0.1
0.39,1.82,-0.05
0.38,1.79,0.0
0.37,1.79,0.05
0.34,1.79,0.09
0.3,1.79,0.13
0.26,1.79,0.15
0.21,1.79,0.16
0.16,1.79,0.16
0.12,1.79,0.16
0.09,1.79,0.16
0.07,1.79,0.16
0.04,1.79,0.16
0.02,1.79,0.16
-0.0,1.79,0.16
-0.02,1.79,0.16
-0.04,1.79,0.16
-0.07,1.79,0.16
-0.09,1.79,0.16
-0.26,1.79,0.33
-0.35,1.79,0.35
-0.44,1.79,0.33
-0.5,1.79,0.29
-0.54,1.79,0.22
-0.55,1.79,0.15
-0.53,1.79,0.07
-0.47,1.79,-0.0
-0.35,1.79,-0.05
-0.24,1.79,-0.07
-0.23,1.79,-0.1
-0.22,1.79,-0.13
-0.2,1.79,-0.15
-0.39,1.79,-0.39
-0.37,1.79,-0.48
-0.3,1.79,-0.53
-0.22,1.79,-0.54
-0.06,1.79,-0.21
-0.03,1.79,-0.21
0.0,1.79,-0.21
0.03,1.79,-0.22
0.06,1.79,-0.22
0.09,1.79,-0.22
0.13,1.79,-0.22
0.17,1.79,-0.22
0.22,1.79,-0.21
0.27,1.79,-0.2
0.31,1.79,-0.18
0.34,1.79,-0.14
0.37,1.79,-0.1
0.38,1.79,-0.05
0.37,1.77,0.0
0.36,1.77,0.05
0.33,1.77,0.09
0.29,1.77,0.12
0.25,1.77,0.14
0.2,1.77,0.15
0.15,1.77,0.15
0.12,1.77,0.15
0.09,1.77,0.15
0.2,1.77,0.48
0.13,1.77,0.48
0.02,1.77,0.15
-0.0,1.77,0.15
-0.02,1.77,0.15
-0.04,1.77,0.15
-0.06,1.77,0.15
-0.08,1.77,0.15
-0.25,1.77,0.33
-0.36,1.77,0.35
-0.44,1.77,0.33
-0.5,1.77,0.29
-0.54,1.77,0.22
-0.55,1.77,0.15
-0.53,1.77,0.07
-0.48,1.77,-0.0
-0.34,1.77,-0.05
-0.23,1.77,-0.06
-0.22,1.77,-0.09
-0.21,1.77,-0.12
-0.19,1.77,-0.15
-0.41,1.77,-0.41
-0.38,1.77,-0.5
-0.32,1.77,-0.55
-0.23,1.77,-0.56
-0.13,1.77,-0.51
-0.03,1.77,-0.2
0.0,1.77,-0.2
0.03,1.77,-0.21
0.06,1.77,-0.21
0.09,1.77,-0.21
0.12,1.77,-0.21
0.16,1.77,-0.21
0.21,1.77,-0.21
0.26,1.77,-0.19
0.3,1.77,-0.17
0.33,1.77,-0.14
0.36,1.77,-0.09
0.37,1.77,-0.05
0.36,1.75,0.0
0.34,1.75,0.05
0.32,1.75,0.08
0.28,1.75,0.12
0.23,1.75,0.13
0.18,1.75,0.14
0.14,1.75,0.14
0.11,1.75,0.14
0.26,1.75,0.46
0.21,1.75,0.52
0.14,1.75,0.53
0.06,1.75,0.48
-0.0,1.75,0.14
-0.02,1.75,0.14
-0.04,1.75,0.13
-0.06,1.75,0.13
-0.08,1.75,0.13
-0.25,1.75,0.33
-0.36,1.75,0.35
-0.44,1.75,0.34
-0.5,1.75,0.29
-0.55,1.75,0.22
-0.56,1.75,0.15
-0.54,1.75,0.07
-0.48,1.75,-0.0
-0.22,1.75,-0.03
-0.22,1.75,-0.06
-0.21,1.75,-0.09
-0.2,1.75,-0.11
-0.38,1.75,-0.29
-0.43,1.75,-0.43
-0.39,1.75,-0.51
-0.32,1.75,-0.57
-0.24,1.75,-0.58
-0.14,1.75,-0.54
-0.02,1.75,-0.19
0.0,1.75,-0.19
0.03,1.75,-0.19
0.05,1.75,-0.19
0.08,1.75,-0.19
0.11,1.75,-0.19
0.15,1.75,-0.19
0.2,1.75,-0.19
0.24,1.75,-0.19
0.29,1.75,-0.16
0.32,1.75,-0.13
0.35,1.75,-0.09
0.36,1.75,-0.05
0.34,1.73,0.0
0.32,1.73,0.04
0.3,1.73,0.08
0.26,1.73,0.11
0.21,1.73,0.12
0.16,1.73,0.12
0.12,1.73,0.12
0.3,1.73,0.39
0.28,1.73,0.49
0.22,1.73,0.54
0.15,1.73,0.56
0.07,1.73,0.53
-0.0,1.73,0.12
-0.02,1.73,0.12
-0.03,1.73,0.12
-0.05,1.73,0.11
-0.07,1.73,0.11
-0.25,1.73,0.32
-0.36,1.73,0.35
-0.44,1.73,0.34
-0.51,1.73,0.29
-0.55,1.73,0.23
-0.56,1.73,0.15
-0.54,1.73,0.07
-0.49,1.73,-0.0
-0.2,1.73,-0.03
-0.2,1.73,-0.05
-0.19,1.73,-0.08
-0.18,1.73,-0.1
-0.42,1.73,-0.32
-0.44,1.73,-0.45
-0.4,1.73,-0.53
-0.33,1.73,-0.58
-0.24,1.73,-0.59
-0.15,1.73,-0.56
-0.02,1.73,-0.17
0.0,1.73,-0.17
0.02,1.73,-0.17
0.05,1.73,-0.17
0.07,1.73,-0.17
0.1,1.73,-0.17
0.14,1.73,-0.18
0.18,1.73,-0.18
0.23,1.73,-0.17
0.27,1.73,-0.15
0.3,1.73,-0.12
0.33,1.73,-0.09
0.34,1.73,-0.04
0.31,1.7,0.0
0.3,1.7,0.04
0.27,1.7,0.07
0.23,1.7,0.09
0.17,1.7,0.1
0.12,1.7,0.1
0.09,1.7,0.09
0.32,1.7,0.42
0.29,1.7,0.51
0.23,1.7,0.56
0.15,1.7,0.58
0.07,1.7,0.55
-0.0,1.7,0.44
-0.02,1.7,0.12
-0.04,1.7,0.14
-0.06,1.7,0.15
-0.09,1.7,0.16
-0.24,1.7,0.32
-0.36,1.7,0.36
-0.44,1.7,0.34
-0.51,1.7,0.29
-0.55,1.7,0.23
-0.57,1.7,0.15
-0.55,1.7,0.07
-0.49,1.7,-0.0
-0.27,1.7,-0.04
-0.25,1.7,-0.07
-0.23,1.7,-0.1
-0.2,1.7,-0.12
-0.44,1.7,-0.34
-0.46,1.7,-0.46
-0.41,1.7,-0.54
-0.34,1.7,-0.59
-0.25,1.7,-0.6
-0.15,1.7,-0.57
-0.02,1.7,-0.14
0.0,1.7,-0.15
0.02,1.7,-0.15
0.04,1.7,-0.15
0.06,1.7,-0.15
0.09,1.7,-0.15
0.12,1.7,-0.15
0.15,1.7,-0.15
0.2,1.7,-0.15
0.25,1.7,-0.14
0.28,1.7,-0.11
0.3,1.7,-0.08
0.32,1.7,-0.04
0.28,1.68,0.0
0.26,1.68,0.03
0.22,1.68,0.06
0.15,1.68,0.06
0.1,1.68,0.06
0.09,1.68,0.07
0.08,1.68,0.08
0.33,1.68,0.44
0.3,1.68,0.52
0.24,1.68,0.58
0.16,1.68,0.59
0.07,1.68,0.57
-0.0,1.68,0.49
-0.02,1.68,0.19
-0.05,1.68,0.2
-0.09,1.68,0.21
-0.12,1.68,0.21
-0.24,1.68,0.31
-0.36,1.68,0.36
-0.45,1.68,0.34
-0.51,1.68,0.3
-0.56,1.68,0.23
-0.57,1.68,0.15
-0.55,1.68,0.07
-0.49,1.68,-0.0
-0.32,1.68,-0.04
-0.3,1.68,-0.08
-0.28,1.68,-0.11
-0.25,1.68,-0.14
-0.46,1.68,-0.36
-0.47,1.68,-0.48
-0.42,1.68,-0.55
-0.34,1.68,-0.6
-0.25,1.68,-0.61
-0.15,1.68,-0.58
-0.02,1.68,-0.19
0.0,1.68,-0.19
0.03,1.68,-0.19
0.05,1.68,-0.19
0.08,1.68,-0.19
0.11,1.68,-0.18
0.14,1.68,-0.17
0.16,1.68,-0.16
0.18,1.68,-0.13
0.2,1.68,-0.12
0.24,1.68,-0.1
0.27,1.68,-0.07
0.28,1.68,-0.04
0.23,1.66,0.0
0.2,1.66,0.03
0.18,1.66,0.05
0.16,1.66,0.07
0.15,1.66,0.09
0.13,1.66,0.1
0.31,1.66,0.31
0.34,1.66,0.45
0.31,1.66,0.53
0.24,1.66,0.59
0.16,1.66,0.6
0.08,1.66,0.59
-0.0,1.66,0.52
-0.03,1.66,0.23
-0.07,1.66,0.24
-0.1,1.66,0.25
-0.14,1.66,0.25
-0.23,1.66,0.3
-0.36,1.66,0.36
-0.45,1.66,0.34
-0.52,1.66,0.3
-0.56,1.66,0.23
-0.58,1.66,0.15
-0.56,1.66,0.07
-0.5,1.66,-0.0
-0.35,1.66,-0.05
-0.34,1.66,-0.09
-0.31,1.66,-0.13
-0.28,1.66,-0.16
-0.49,1.66,-0.38
-0.49,1.66,-0.49
-0.43,1.66,-0.57
-0.35,1.66,-0.61
-0.25,1.66,-0.61
-0.15,1.66,-0.58
-0.03,1.66,-0.24
0.0,1.66,-0.24
0.03,1.66,-0.25
0.07,1.66,-0.25
0.11,1.66,-0.25
0.14,1.66,-0.25
0.18,1.66,-0.23
0.21,1.66,-0.21
0.23,1.66,-0.18
0.25,1.66,-0.14
0.25,1.66,-0.1
0.25,1.66,-0.07
0.24,1.66,-0.03
0.28,1.63,-0.0
0.26,1.63,0.03
0.23,1.63,0.06
0.21,1.63,0.08
0.18,1.63,0.11
0.16,1.63,0.12
0.33,1.63,0.33
0.35,1.63,0.46
0.31,1.63,0.54
0.24,1.63,0.59
0.16,1.63,0.61
0.08,1.63,0.6
-0.0,1.63,0.54
-0.03,1.63,0.26
-0.07,1.63,0.27
-0.12,1.63,0.28
-0.16,1.63,0.28
-0.21,1.63,0.27
-0.36,1.63,0.36
-0.45,1.63,0.34
-0.52,1.63,0.3
-0.57,1.63,0.23
-0.58,1.63,0.15
-0.56,1.63,0.07
-0.5,1.63,-0.0
-0.38,1.63,-0.05
-0.36,1.63,-0.1
-0.34,1.63,-0.14
-0.3,1.63,-0.18
-0.51,1.63,-0.39
-0.5,1.63,-0.5
-0.44,1.63,-0.58
-0.35,1.63,-0.61
-0.25,1.63,-0.61
-0.15,1.63,-0.58
-0.04,1.63,-0.28
0.0,1.63,-0.28
0.04,1.63,-0.29
0.08,1.63,-0.3
0.12,1.63,-0.3
0.17,1.63,-0.28
0.2,1.63,-0.26
0.24,1.63,-0.24
0.27,1.63,-0.2
0.29,1.63,-0.16
0.3,1.63,-0.12
0.3,1.63,-0.08
0.29,1.63,-0.04
0.32,1.61,0.0
0.3,1.61,0.04
0.27,1.61,0.07
0.24,1.61,0.1
0.21,1.61,0.12
0.19,1.61,0.14
0.34,1.61,0.34
0.35,1.61,0.46
0.31,1.61,0.54
0.25,1.61,0.6
0.17,1.61,0.62
0.08,1.61,0.61
-0.0,1.61,0.56
-0.04,1.61,0.29
-0.08,1.61,0.3
-0.13,1.61,0.3
-0.17,1.61,0.3
-0.22,1.61,0.29
-0.36,1.61,0.36
-0.45,1.61,0.35
-0.52,1.61,0.3
-0.57,1.61,0.23
-0.58,1.61,0.16
-0.57,1.61,0.07
-0.5,1.61,-0.0
-0.41,1.61,-0.05
-0.39,1.61,-0.1
-0.36,1.61,-0.15
-0.33,1.61,-0.19
-0.53,1.61,-0.41
-0.52,1.61,-0.52
-0.45,1.61,-0.59
-0.36,1.61,-0.62
-0.25,1.61,-0.62
-0.15,1.61,-0.58
-0.04,1.61,-0.31
0.0,1.61,-0.32
0.04,1.61,-0.33
0.09,1.61,-0.33
0.14,1.61,-0.33
0.18,1.61,-0.31
0.23,1.61,-0.29
0.26,1.61,-0.26
0.29,1.61,-0.22
0.32,1.61,-0.18
0.33,1.61,-0.13
0.33,1.61,-0.09
0.33,1.61,-0.04
0.35,1.59,-0.0
0.33,1.59,0.04
0.3,1.59,0.08
0.27,1.59,0.11
0.24,1.59,0.14
0.21,1.59,0.16
0.35,1.59,0.35
0.35,1.59,0.46
0.31,1.59,0.54
0.25,1.59,0.6
0.17,1.59,0.63
0.08,1.59,0.63
-0.0,1.59,0.58
-0.04,1.59,0.31
-0.09,1.59,0.32
-0.13,1.59,0.32
-0.18,1.59,0.32
-0.23,1.59,0.3
-0.36,1.59,0.36
-0.45,1.59,0.35
-0.53,1.59,0.3
-0.57,1.59,0.24
-0.59,1.59,0.16
-0.57,1.59,0.07
-0.51,1.59,-0.0
-0.43,1.59,-0.06
-0.41,1.59,-0.11
-0.38,1.59,-0.16
-0.35,1.59,-0.2
-0.55,1.59,-0.42
-0.53,1.59,-0.53
-0.46,1.59,-0.6
-0.36,1.59,-0.63
-0.25,1.59,-0.62
-0.15,1.59,-0.57
-0.04,1.59,-0.33
0.0,1.59,-0.34
0.05,1.59,-0.36
0.1,1.59,-0.36
0.15,1.59,-0.35
0.2,1.59,-0.34
0.24,1.59,-0.31
0.28,1.59,-0.28
0.32,1.59,-0.24
0.34,1.59,-0.19
0.36,1.59,-0.15
0.36,1.59,-0.1
0.36,1.59,-0.05
0.37,1.56,-0.0
0.35,1.56,0.05
0.32,1.56,0.09
0.29,1.56,0.12
0.26,1.56,0.15
0.22,1.56,0.17
0.34,1.56,0.34
0.35,1.56,0.46
0.31,1.56,0.54
0.25,1.56,0.6
0.17,1.56,0.64
0.08,1.56,0.64
-0.0,1.56,0.6
-0.06,1.56,0.49
-0.09,1.56,0.34
-0.14,1.56,0.34
-0.19,1.56,0.34
-0.25,1.56,0.32
-0.36,1.56,0.36
-0.46,1.56,0.35
-0.53,1.56,0.3
-0.58,1.56,0.24
-0.59,1.56,0.16
-0.57,1.56,0.07
-0.51,1.56,-0.0
-0.44,1.56,-0.06
-0.42,1.56,-0.12
-0.4,1.56,-0.17
-0.36,1.56,-0.21
-0.57,1.56,-0.44
-0.54,1.56,-0.55
-0.47,1.56,-0.61
-0.36,1.56,-0.64
-0.25,1.56,-0.62
-0.15,1.56,-0.56
-0.05,1.56,-0.35
0.0,1.56,-0.37
0.05,1.56,-0.38
0.1,1.56,-0.38
0.16,1.56,-0.38
0.21,1.56,-0.36
0.26,1.56,-0.33
0.3,1.56,-0.3
0.34,1.56,-0.25
0.36,1.56,-0.21
0.38,1.56,-0.15
0.39,1.56,-0.1
0.38,1.56,-0.05
0.39,1.54,0.0
0.37,1.54,0.05
0.35,1.54,0.09
0.31,1.54,0.13
0.28,1.54,0.16
0.24,1.54,0.18
0.34,1.54,0.34
0.35,1.54,0.46
0.31,1.54,0.54
0.25,1.54,0.6
0.17,1.54,0.64
0.08,1.54,0.65
-0.0,1.54,0.62
-0.07,1.54,0.52
-0.1,1.54,0.36
-0.15,1.54,0.36
-0.2,1.54,0.35
-0.26,1.54,0.33
-0.36,1.54,0.35
-0.46,1.54,0.35
-0.53,1.54,0.31
-0.58,1.54,0.24
-0.6,1.54,0.16
-0.58,1.54,0.07
-0.52,1.54,-0.0
-0.46,1.54,-0.06
-0.44,1.54,-0.12
-0.41,1.54,-0.17
-0.37,1.54,-0.22
-0.58,1.54,-0.45
-0.55,1.54,-0.56
-0.47,1.54,-0.62
-0.37,1.54,-0.64
-0.25,1.54,-0.62
-0.14,1.54,-0.55
-0.05,1.54,-0.37
0.0,1.54,-0.39
0.05,1.54,-0.4
0.11,1.54,-0.4
0.17,1.54,-0.39
0.22,1.54,-0.38
0.27,1.54,-0.35
0.31,1.54,-0.31
0.35,1.54,-0.27
0.38,1.54,-0.22
0.4,1.54,-0.16
0.4,1.54,-0.11
0.4,1.54,-0.05
0.41,1.52,-0.0
0.39,1.52,0.05
0.36,1.52,0.1
0.33,1.52,0.14
0.29,1.52,0.17
0.25,1.52,0.2
0.32,1.52,0.32
0.35,1.52,0.45
0.31,1.52,0.54
0.25,1.52,0.61
0.17,1.52,0.65
0.09,1.52,0.66
-0.0,1.52,0.63
-0.07,1.52,0.55
-0.1,1.52,0.37
-0.15,1.52,0.37
-0.21,1.52,0.36
-0.26,1.52,0.34
-0.36,1.52,0.35
-0.46,1.52,0.35
-0.54,1.52,0.31
-0.58,1.52,0.24
-0.6,1.52,0.16
-0.58,1.52,0.08
-0.52,1.52,-0.0
-0.47,1.52,-0.06
-0.45,1.52,-0.12
-0.42,1.52,-0.18
-0.39,1.52,-0.22
-0.6,1.52,-0.46
-0.57,1.52,-0.57
-0.48,1.52,-0.63
-0.37,1.52,-0.65
-0.25,1.52,-0.62
-0.14,1.52,-0.52
-0.05,1.52,-0.39
0.0,1.52,-0.41
0.06,1.52,-0.42
0.11,1.52,-0.42
0.17,1.52,-0.41
0.23,1.52,-0.39
0.28,1.52,-0.36
0.33,1.52,-0.32
0.36,1.52,-0.28
0.39,1.52,-0.23
0.41,1.52,-0.17
0.42,1.52,-0.11
0.42,1.52,-0.05
0.42,1.5,0.0
0.41,1.5,0.05
0.38,1.5,0.1
0.34,1.5,0.14
0.31,1.5,0.18
0.27,1.5,0.21
0.23,1.5,0.23
0.34,1.5,0.44
0.31,1.5,0.54
0.25,1.5,0.61
0.17,1.5,0.65
0.09,1.5,0.67
-0.0,1.5,0.65
-0.08,1.5,0.57
-0.1,1.5,0.38
-0.16,1.5,0.38
-0.21,1.5,0.37
-0.27,1.5,0.35
-0.35,1.5,0.35
-0.46,1.5,0.35
-0.54,1.5,0.31
-0.59,1.5,0.24
-0.61,1.5,0.16
-0.59,1.5,0.08
-0.52,1.5,-0.0
-0.48,1.5,-0.06
-0.46,1.5,-0.13
-0.43,1.5,-0.18
-0.52,1.5,-0.3
-0.62,1.5,-0.48
-0.58,1.5,-0.58
-0.49,1.5,-0.64
-0.37,1.5,-0.65
-0.25,1.5,-0.61
-0.1,1.5,-0.38
-0.05,1.5,-0.4
0.0,1.5,-0.42
0.06,1.5,-0.43
0.12,1.5,-0.43
0.18,1.5,-0.42
0.24,1.5,-0.4
0.29,1.5,-0.37
0.34,1.5,-0.33
0.38,1.5,-0.29
0.41,1.5,-0.23
0.43,1.5,-0.17
0.44,1.5,-0.11
0.44,1.5,-0.06
0.44,1.47,-0.0
0.42,1.47,0.06
0.39,1.47,0.1
0.36,1.47,0.15
0.32,1.47,0.18
0.28,1.47,0.21
0.24,1.47,0.24
0.33,1.47,0.43
0.31,1.47,0.53
0.25,1.47,0.61
0.18,1.47,0.66
0.09,1.47,0.68
-0.0,1.47,0.66
-0.08,1.47,0.59
-0.11,1.47,0.39
-0.16,1.47,0.39
-0.22,1.47,0.38
-0.28,1.47,0.36
-0.35,1.47,0.35
-0.46,1.47,0.35
-0.54,1.47,0.31
-0.59,1.47,0.24
-0.61,1.47,0.16
-0.59,1.47,0.08
-0.53,1.47,-0.0
-0.49,1.47,-0.07
-0.47,1.47,-0.13
-0.44,1.47,-0.18
-0.56,1.47,-0.32
-0.63,1.47,-0.49
-0.59,1.47,-0.59
-0.49,1.47,-0.65
-0.38,1.47,-0.65
-0.25,1.47,-0.61
-0.1,1.47,-0.4
-0.05,1.47,-0.42
0.0,1.47,-0.44
0.06,1.47,-0.45
0.12,1.47,-0.45
0.18,1.47,-0.44
0.24,1.47,-0.42
0.3,1.47,-0.38
0.35,1.47,-0.34
0.39,1.47,-0.29
0.42,1.47,-0.24
0.44,1.47,-0.18
0.45,1.47,-0.12
0.45,1.47,-0.06
0.45,1.45,-0.0
0.43,1.45,0.06
0.4,1.45,0.11
0.37,1.45,0.15
0.33,1.45,0.19
0.29,1.45,0.22
0.24,1.45,0.25
0.32,1.45,0.41
0.3,1.45,0.52
0.25,1.45,0.61
0.18,1.45,0.66
0.09,1.45,0.69
-0.0,1.45,0.67
-0.08,1.45,0.61
-0.11,1.45,0.4
-0.17,1.45,0.4
-0.22,1.45,0.39
-0.28,1.45,0.37
-0.35,1.45,0.35
-0.46,1.45,0.35
-0.54,1.45,0.31
-0.6,1.45,0.25
-0.62,1.45,0.16
-0.6,1.45,0.08
-0.53,1.45,-0.0
-0.5,1.45,-0.07
-0.48,1.45,-0.13
-0.45,1.45,-0.19
-0.59,1.45,-0.34
-0.65,1.45,-0.5
-0.6,1.45,-0.6
-0.5,1.45,-0.66
-0.38,1.45,-0.66
-0.25,1.45,-0.6
-0.11,1.45,-0.41
-0.05,1.45,-0.43
0.0,1.45,-0.45
0.06,1.45,-0.46
0.12,1.45,-0.46
0.19,1.45,-0.45
0.25,1.45,-0.42
0.3,1.45,-0.39
0.35,1.45,-0.35
0.4,1.45,-0.3
0.43,1.45,-0.24
0.45,1.45,-0.18
0.46,1.45,-0.12
0.46,1.45,-0.06
0.46,1.43,0.0
0.44,1.43,0.06
0.41,1.43,0.11
0.38,1.43,0.16
0.34,1.43,0.2
0.29,1.43,0.23
0.25,1.43,0.25
0.3,1.43,0.39
0.3,1.43,0.52
0.25,1.43,0.6
0.18,1.43,0.66
0.09,1.43,0.69
-0.0,1.43,0.69
-0.08,1.43,0.63
-0.11,1.43,0.4
-0.17,1.43,0.4
-0.23,1.43,0.39
-0.29,1.43,0.37
-0.35,1.43,0.35
-0.46,1.43,0.36
-0.55,1.43,0.31
-0.6,1.43,0.25
-0.62,1.43,0.16
-0.6,1.43,0.08
-0.54,1.43,-0.0
-0.51,1.43,-0.07
-0.49,1.43,-0.13
-0.46,1.43,-0.19
-0.61,1.43,-0.36
-0.65,1.43,-0.5
-0.6,1.43,-0.61
-0.51,1.43,-0.66
-0.38,1.43,-0.66
-0.24,1.43,-0.58
-0.11,1.43,-0.41
-0.06,1.43,-0.44
0.0,1.43,-0.46
0.06,1.43,-0.47
0.13,1.43,-0.47
0.19,1.43,-0.46
0.25,1.43,-0.43
0.31,1.43,-0.4
0.36,1.43,-0.36
0.4,1.43,-0.31
0.44,1.43,-0.25
0.46,1.43,-0.19
0.47,1.43,-0.12
0.47,1.43,-0.06
0.47,1.4,0.0
0.45,1.4,0.06
0.42,1.4,0.11
0.38,1.4,0.16
0.34,1.4,0.2
0.3,1.4,0.23
0.26,1.4,0.26
0.21,1.4,0.28
0.29,1.4,0.51
0.25,1.4,0.6
0.18,1.4,0.67
0.09,1.4,0.7
-0.0,1.4,0.7
-0.09,1.4,0.65
-0.13,1.4,0.5
-0.17,1.4,0.41
-0.23,1.4,0.4
-0.29,1.4,0.38
-0.35,1.4,0.35
-0.47,1.4,0.36
-0.55,1.4,0.32
-0.6,1.4,0.25
-0.62,1.4,0.17
-0.61,1.4,0.08
-0.54,1.4,-0.0
-0.51,1.4,-0.07
-0.49,1.4,-0.13
-0.46,1.4,-0.19
-0.62,1.4,-0.36
-0.71,1.4,-0.55
-0.61,1.4,-0.61
-0.51,1.4,-0.67
-0.38,1.4,-0.66
-0.23,1.4,-0.56
-0.11,1.4,-0.42
-0.06,1.4,-0.44
0.0,1.4,-0.46
0.06,1.4,-0.47
0.13,1.4,-0.47
0.19,1.4,-0.46
0.26,1.4,-0.44
0.31,1.4,-0.41
0.37,1.4,-0.36
0.41,1.4,-0.31
0.44,1.4,-0.25
0.46,1.4,-0.19
0.48,1.4,-0.13
0.48,1.4,-0.06
0.47,1.38,-0.0
0.45,1.38,0.06
0.43,1.38,0.11
0.39,1.38,0.16
0.35,1.38,0.2
0.31,1.38,0.24
0.26,1.38,0.26
0.22,1.38,0.28
0.29,1.38,0.5
0.25,1.38,0.6
0.18,1.38,0.67
0.09,1.38,0.71
-0.0,1.38,0.71
-0.09,1.38,0.67
-0.15,1.38,0.54
-0.17,1.38,0.41
-0.23,1.38,0.4
-0.29,1.38,0.38
-0.35,1.38,0.35
-0.47,1.38,0.36
-0.55,1.38,0.32
-0.61,1.38,0.25
-0.63,1.38,0.17
-0.61,1.38,0.08
-0.54,1.38,-0.0
-0.52,1.38,-0.07
-0.49,1.38,-0.13
-0.46,1.38,-0.19
-0.73,1.38,-0.42
-0.73,1.38,-0.57
-0.62,1.38,-0.63
-0.51,1.38,-0.67
-0.38,1.38,-0.66
-0.17,1.38,-0.4
-0.11,1.38,-0.43
-0.06,1.38,-0.45
0.0,1.38,-0.47
0.07,1.38,-0.48
0.13,1.38,-0.48
0.2,1.38,-0.47
0.26,1.38,-0.44
0.32,1.38,-0.41
0.37,1.38,-0.37
0.41,1.38,-0.31
0.45,1.38,-0.26
0.47,1.38,-0.19
0.48,1.38,-0.13
0.48,1.38,-0.06
0.48,1.36,-0.0
0.46,1.36,0.06
0.43,1.36,0.12
0.39,1.36,0.16
0.35,1.36,0.2
0.31,1.36,0.24
0.26,1.36,0.26
0.22,1.36,0.29
0.28,1.36,0.49
0.25,1.36,0.6
0.18,1.36,0.67
0.09,1.36,0.72
-0.0,1.36,0.72
-0.09,1.36,0.68
-0.15,1.36,0.57
-0.17,1.36,0.41
-0.23,1.36,0.4
-0.29,1.36,0.38
-0.35,1.36,0.35
-0.47,1.36,0.36
-0.56,1.36,0.32
-0.61,1.36,0.25
-0.63,1.36,0.17
-0.61,1.36,0.08
-0.55,1.36,-0.0
-0.52,1.36,-0.07
-0.5,1.36,-0.13
-0.47,1.36,-0.19
-0.77,1.36,-0.44
-0.75,1.36,-0.58
-0.65,1.36,-0.65
-0.51,1.36,-0.67
-0.38,1.36,-0.66
-0.17,1.36,-0.41
-0.11,1.36,-0.43
-0.06,1.36,-0.46
0.0,1.36,-0.47
0.07,1.36,-0.48
0.13,1.36,-0.48
0.2,1.36,-0.47
0.26,1.36,-0.45
0.32,1.36,-0.41
0.37,1.36,-0.37
0.42,1.36,-0.32
0.45,1.36,-0.26
0.47,1.36,-0.19
0.49,1.36,-0.13
0.49,1.36,-0.06
0.48,1.33,0.0
0.46,1.33,0.06
0.43,1.33,0.12
0.4,1.33,0.16
0.36,1.33,0.21
0.31,1.33,0.24
0.27,1.33,0.27
0.22,1.33,0.29
0.27,1.33,0.47
0.24,1.33,0.59
0.18,1.33,0.67
0.09,1.33,0.72
-0.0,1.33,0.73
-0.09,1.33,0.69
-0.16,1.33,0.59
-0.17,1.33,0.41
-0.23,1.33,0.4
-0.29,1.33,0.38
-0.35,1.33,0.35
-0.47,1.33,0.36
-0.56,1.33,0.32
-0.62,1.33,0.25
-0.64,1.33,0.17
-0.62,1.33,0.08
-0.55,1.33,-0.0
-0.52,1.33,-0.07
-0.5,1.33,-0.13
-0.47,1.33,-0.19
-0.79,1.33,-0.46
-0.77,1.33,-0.59
-0.66,1.33,-0.66
-0.51,1.33,-0.67
-0.37,1.33,-0.65
-0.17,1.33,-0.41
-0.11,1.33,-0.43
-0.06,1.33,-0.46
0.0,1.33,-0.48
0.07,1.33,-0.49
0.13,1.33,-0.49
0.2,1.33,-0.48
0.26,1.33,-0.45
0.32,1.33,-0.42
0.38,1.33,-0.37
0.42,1.33,-0.32
0.45,1.33,-0.26
0.48,1.33,-0.2
0.49,1.33,-0.13
0.49,1.33,-0.06
0.48,1.31,0.0
0.46,1.31,0.06
0.43,1.31,0.12
0.4,1.31,0.17
0.36,1.31,0.21
0.31,1.31,0.24
0.27,1.31,0.27
0.22,1.31,0.29
0.25,1.31,0.43
0.24,1.31,0.58
0.18,1.31,0.67
0.09,1.31,0.73
-0.0,1.31,0.73
-0.09,1.31,0.69
-0.16,1.31,0.59
-0.17,1.31,0.41
-0.23,1.31,0.4
-0.29,1.31,0.38
-0.35,1.31,0.35
-0.47,1.31,0.36
-0.56,1.31,0.32
-0.62,1.31,0.25
-0.64,1.31,0.17
-0.62,1.31,0.08
-0.55,1.31,-0.0
-0.52,1.31,-0.07
-0.5,1.31,-0.13
-0.47,1.31,-0.19
-0.8,1.31,-0.47
-0.78,1.31,-0.6
-0.67,1.31,-0.67
-0.51,1.31,-0.66
-0.37,1.31,-0.64
-0.17,1.31,-0.41
-0.11,1.31,-0.43
-0.06,1.31,-0.46
0.0,1.31,-0.48
0.07,1.31,-0.49
0.13,1.31,-0.49
0.2,1.31,-0.48
0.26,1.31,-0.45
0.32,1.31,-0.42
0.38,1.31,-0.37
0.42,1.31,-0.32
0.46,1.31,-0.26
0.48,1.31,-0.2
0.49,1.31,-0.13
0.49,1.31,-0.06
0.48,1.29,0.0
0.46,1.29,0.06
0.44,1.29,0.12
0.4,1.29,0.17
0.36,1.29,0.21
0.31,1.29,0.24
0.27,1.29,0.27
0.22,1.29,0.29
0.18,1.29,0.31
0.24,1.29,0.58
0.18,1.29,0.67
0.1,1.29,0.73
-0.0,1.29,0.74
-0.09,1.29,0.7
-0.16,1.29,0.6
-0.17,1.29,0.41
-0.23,1.29,0.4
-0.29,1.29,0.38
-0.35,1.29,0.35
-0.47,1.29,0.36
-0.56,1.29,0.32
-0.62,1.29,0.25
-0.64,1.29,0.17
-0.62,1.29,0.08
-0.55,1.29,-0.0
-0.52,1.29,-0.07
-0.5,1.29,-0.13
-0.46,1.29,-0.19
-0.81,1.29,-0.47
-0.78,1.29,-0.6
-0.68,1.29,-0.68
-0.5,1.29,-0.66
-0.36,1.29,-0.63
-0.17,1.29,-0.41
-0.11,1.29,-0.43
-0.06,1.29,-0.46
0.0,1.29,-0.48
0.07,1.29,-0.49
0.13,1.29,-0.49
0.2,1.29,-0.48
0.26,1.29,-0.45
0.32,1.29,-0.42
0.38,1.29,-0.37
0.42,1.29,-0.32
0.46,1.29,-0.26
0.48,1.29,-0.2
0.49,1.29,-0.13
0.49,1.29,-0.06
0.48,1.27,0.0
0.46,1.27,0.06
0.43,1.27,0.12
0.4,1.27,0.17
0.36,1.27,0.21
0.31,1.27,0.24
0.27,1.27,0.27
0.22,1.27,0.29
0.18,1.27,0.31
0.23,1.27,0.57
0.18,1.27,0.67
0.09,1.27,0.73
-0.0,1.27,0.74
-0.09,1.27,0.7
-0.16,1.27,0.6
-0.17,1.27,0.41
-0.23,1.27,0.4
-0.29,1.27,0.38
-0.35,1.27,0.34
-0.47,1.27,0.36
-0.56,1.27,0.32
-0.61,1.27,0.25
-0.64,1.27,0.17
-0.62,1.27,0.08
-0.55,1.27,-0.0
-0.51,1.27,-0.07
-0.49,1.27,-0.13
-0.46,1.27,-0.19
-0.82,1.27,-0.48
-0.79,1.27,-0.61
-0.69,1.27,-0.69
-0.53,1.27,-0.69
-0.34,1.27,-0.6
-0.17,1.27,-0.41
-0.11,1.27,-0.43
-0.06,1.27,-0.46
0.0,1.27,-0.48
0.07,1.27,-0.49
0.13,1.27,-0.49
0.2,1.27,-0.48
0.26,1.27,-0.45
0.32,1.27,-0.42
0.38,1.27,-0.37
0.42,1.27,-0.32
0.46,1.27,-0.26
0.48,1.27,-0.2
0.49,1.27,-0.13
0.49,1.27,-0.06
0.48,1.24,0.0
0.46,1.24,0.06
0.43,1.24,0.12
0.4,1.24,0.16
0.36,1.24,0.21
0.31,1.24,0.24
0.27,1.24,0.27
0.22,1.24,0.29
0.38,1.24,0.67
0.29,1.24,0.7
0.19,1.24,0.71
0.09,1.24,0.73
-0.0,1.24,0.74
-0.1,1.24,0.72
-0.16,1.24,0.59
-0.17,1.24,0.4
-0.23,1.24,0.39
-0.29,1.24,0.37
-0.34,1.24,0.34
-0.46,1.24,0.35
-0.55,1.24,0.32
-0.61,1.24,0.25
-0.63,1.24,0.17
-0.61,1.24,0.08
-0.54,1.24,-0.0
-0.51,1.24,-0.07
-0.49,1.24,-0.13
-0.46,1.24,-0.19
-0.82,1.24,-0.48
-0.79,1.24,-0.61
-0.69,1.24,-0.7
-0.54,1.24,-0.71
-0.22,1.24,-0.38
-0.17,1.24,-0.4
-0.11,1.24,-0.43
-0.06,1.24,-0.46
0.0,1.24,-0.48
0.07,1.24,-0.49
0.13,1.24,-0.49
0.2,1.24,-0.47
0.26,1.24,-0.45
0.32,1.24,-0.42
0.38,1.24,-0.37
0.42,1.24,-0.32
0.45,1.24,-0.26
0.48,1.24,-0.2
0.49,1.24,-0.13
0.49,1.24,-0.06
0.48,1.22,-0.0
0.46,1.22,0.06
0.43,1.22,0.12
0.39,1.22,0.16
0.35,1.22,0.2
0.31,1.22,0.24
0.62,1.22,0.62
0.54,1.22,0.71
0.42,1.22,0.73
0.31,1.22,0.74
0.2,1.22,0.75
0.1,1.22,0.76
-0.0,1.22,0.76
-0.1,1.22,0.75
-0.17,1.22,0.65
-0.17,1.22,0.4
-0.22,1.22,0.39
-0.28,1.22,0.37
-0.34,1.22,0.34
-0.45,1.22,0.34
-0.54,1.22,0.31
-0.6,1.22,0.25
-0.62,1.22,0.17
-0.6,1.22,0.08
-0.52,1.22,-0.0
-0.5,1.22,-0.07
-0.48,1.22,-0.13
-0.45,1.22,-0.19
-0.82,1.22,-0.48
-0.79,1.22,-0.61
-0.7,1.22,-0.7
-0.56,1.22,-0.73
-0.21,1.22,-0.37
-0.16,1.22,-0.4
-0.11,1.22,-0.43
-0.06,1.22,-0.45
0.0,1.22,-0.47
0.07,1.22,-0.48
0.13,1.22,-0.48
0.2,1.22,-0.47
0.26,1.22,-0.45
0.32,1.22,-0.41
0.37,1.22,-0.37
0.42,1.22,-0.32
0.45,1.22,-0.26
0.47,1.22,-0.19
0.49,1.22,-0.13
0.49,1.22,-0.06
0.47,1.2,-0.0
0.45,1.2,0.06
0.42,1.2,0.11
0.39,1.2,0.16
0.35,1.2,0.2
0.31,1.2,0.23
0.67,1.2,0.67
0.57,1.2,0.75
0.44,1.2,0.76
0.32,1.2,0.77
0.21,1.2,0.77
0.1,1.2,0.78
-0.0,1.2,0.78
-0.1,1.2,0.77
-0.18,1.2,0.68
-0.16,1.2,0.39
-0.22,1.2,0.38
-0.28,1.2,0.36
-0.33,1.2,0.33
-0.43,1.2,0.33
-0.53,1.2,0.31
-0.59,1.2,0.24
-0.61,1.2,0.16
-0.58,1.2,0.08
-0.5,1.2,-0.0
-0.49,1.2,-0.07
-0.47,1.2,-0.13
-0.45,1.2,-0.19
-0.82,1.2,-0.48
-0.79,1.2,-0.61
-0.7,1.2,-0.7
-0.57,1.2,-0.74
-0.21,1.2,-0.37
-0.16,1.2,-0.4
-0.11,1.2,-0.42
-0.06,1.2,-0.45
0.0,1.2,-0.47
0.06,1.2,-0.48
0.13,1.2,-0.48
0.2,1.2,-0.47
0.26,1.2,-0.44
0.32,1.2,-0.41
0.37,1.2,-0.37
0.41,1.2,-0.31
0.45,1.2,-0.26
0.47,1.2,-0.19
0.48,1.2,-0.13
0.48,1.2,-0.06
0.47,1.17,-0.0
0.45,1.17,0.06
0.42,1.17,0.11
0.38,1.17,0.16
0.34,1.17,0.2
0.3,1.17,0.23
0.69,1.17,0.69
0.59,1.17,0.78
0.45,1.17,0.79
0.33,1.17,0.79
0.21,1.17,0.79
0.1,1.17,0.8
-0.0,1.17,0.8
-0.1,1.17,0.78
-0.19,1.17,0.7
-0.16,1.17,0.38
-0.22,1.17,0.37
-0.27,1.17,0.35
-0.33,1.17,0.33
-0.41,1.17,0.31
-0.51,1.17,0.3
-0.57,1.17,0.24
-0.59,1.17,0.16
-0.56,1.17,0.07
-0.49,1.17,-0.0
-0.49,1.17,-0.07
-0.47,1.17,-0.13
-0.44,1.17,-0.18
-0.82,1.17,-0.47
-0.79,1.17,-0.61
-0.7,1.17,-0.71
-0.58,1.17,-0.76
-0.21,1.17,-0.36
-0.16,1.17,-0.39
-0.11,1.17,-0.42
-0.06,1.17,-0.44
0.0,1.17,-0.46
0.06,1.17,-0.47
0.13,1.17,-0.47
0.19,1.17,-0.46
0.26,1.17,-0.44
0.31,1.17,-0.41
0.36,1.17,-0.36
0.41,1.17,-0.31
0.44,1.17,-0.25
0.46,1.17,-0.19
0.48,1.17,-0.12
0.48,1.17,-0.06
0.46,1.15,-0.0
0.44,1.15,0.06
0.41,1.15,0.11
0.38,1.15,0.16
0.34,1.15,0.19
0.29,1.15,0.23
0.71,1.15,0.71
0.61,1.15,0.79
0.46,1.15,0.8
0.33,1.15,0.81
0.22,1.15,0.81
0.11,1.15,0.81
-0.0,1.15,0.81
-0.11,1.15,0.79
-0.19,1.15,0.72
-0.15,1.15,0.37
-0.21,1.15,0.36
-0.27,1.15,0.35
-0.32,1.15,0.32
-0.37,1.15,0.28
-0.49,1.15,0.28
-0.55,1.15,0.23
-0.57,1.15,0.15
-0.53,1.15,0.07
-0.48,1.15,-0.0
-0.48,1.15,-0.06
-0.46,1.15,-0.12
-0.43,1.15,-0.18
-0.81,1.15,-0.47
-0.79,1.15,-0.61
-0.71,1.15,-0.71
-0.58,1.15,-0.77
-0.2,1.15,-0.35
-0.16,1.15,-0.38
-0.11,1.15,-0.41
-0.06,1.15,-0.44
0.0,1.15,-0.45
0.06,1.15,-0.47
0.13,1.15,-0.47
0.19,1.15,-0.45
0.25,1.15,-0.43
0.31,1.15,-0.4
0.36,1.15,-0.36
0.4,1.15,-0.31
0.43,1.15,-0.25
0.46,1.15,-0.19
0.47,1.15,-0.12
0.47,1.15,-0.06
0.45,1.13,-0.0
0.43,1.13,0.06
0.4,1.13,0.11
0.37,1.13,0.15
0.33,1.13,0.19
0.71,1.13,0.54
0.72,1.13,0.72
0.62,1.13,0.81
0.47,1.13,0.82
0.34,1.13,0.82
0.22,1.13,0.82
0.11,1.13,0.82
-0.0,1.13,0.81
-0.11,1.13,0.8
-0.2,1.13,0.72
-0.15,1.13,0.36
-0.2,1.13,0.35
-0.26,1.13,0.34
-0.31,1.13,0.31
-0.36,1.13,0.27
-0.45,1.13,0.26
-0.52,1.13,0.21
-0.53,1.13,0.14
-0.47,1.13,0.06
-0.47,1.13,-0.0
-0.46,1.13,-0.06
-0.44,1.13,-0.12
-0.41,1.13,-0.17
-0.79,1.13,-0.46
-0.78,1.13,-0.6
-0.71,1.13,-0.71
-0.59,1.13,-0.78
-0.41,1.13,-0.72
-0.15,1.13,-0.37
-0.11,1.13,-0.4
-0.05,1.13,-0.43
0.0,1.13,-0.45
0.06,1.13,-0.46
0.12,1.13,-0.46
0.19,1.13,-0.45
0.25,1.13,-0.42
0.3,1.13,-0.39
0.35,1.13,-0.35
0.39,1.13,-0.3
0.43,1.13,-0.24
0.45,1.13,-0.18
0.46,1.13,-0.12
0.46,1.13,-0.06
0.44,1.1,-0.0
0.42,1.1,0.05
0.39,1.1,0.1
0.36,1.1,0.15
0.32,1.1,0.18
0.73,1.1,0.56
0.73,1.1,0.73
0.63,1.1,0.82
0.48,1.1,0.83
0.34,1.1,0.83
0.22,1.1,0.82
0.11,1.1,0.82
-0.0,1.1,0.82
-0.11,1.1,0.8
-0.2,1.1,0.73
-0.14,1.1,0.35
-0.2,1.1,0.34
-0.25,1.1,0.32
-0.3,1.1,0.3
-0.35,1.1,0.26
-0.39,1.1,0.22
-0.44,1.1,0.18
-0.44,1.1,0.12
-0.45,1.1,0.06
-0.46,1.1,-0.0
-0.45,1.1,-0.06
-0.43,1.1,-0.12
-0.4,1.1,-0.17
-0.78,1.1,-0.45
-0.78,1.1,-0.6
-0.71,1.1,-0.72
-0.6,1.1,-0.79
-0.44,1.1,-0.76
-0.15,1.1,-0.36
-0.1,1.1,-0.39
-0.05,1.1,-0.41
0.0,1.1,-0.43
0.06,1.1,-0.44
0.12,1.1,-0.44
0.18,1.1,-0.43
0.24,1.1,-0.41
0.3,1.1,-0.38
0.34,1.1,-0.34
0.39,1.1,-0.29
0.42,1.1,-0.24
0.44,1.1,-0.18
0.45,1.1,-0.12
0.45,1.1,-0.06
0.42,1.08,-0.0
0.4,1.08,0.05
0.38,1.08,0.1
0.34,1.08,0.14
0.31,1.08,0.18
0.74,1.08,0.57
0.73,1.08,0.74
0.63,1.08,0.82
0.48,1.08,0.83
0.34,1.08,0.83
0.22,1.08,0.83
0.11,1.08,0.82
-0.0,1.08,0.82
-0.11,1.08,0.8
-0.2,1.08,0.73
-0.14,1.08,0.33
-0.19,1.08,0.32
-0.24,1.08,0.31
-0.29,1.08,0.29
-0.33,1.08,0.25
-0.37,1.08,0.21
-0.4,1.08,0.17
-0.42,1.08,0.11
-0.44,1.08,0.06
-0.44,1.08,-0.0
-0.43,1.08,-0.06
-0.41,1.08,-0.11
-0.38,1.08,-0.16
-0.76,1.08,-0.44
-0.77,1.08,-0.6
-0.71,1.08,-0.72
-0.6,1.08,-0.79
-0.45,1.08,-0.79
-0.14,1.08,-0.35
-0.1,1.08,-0.37
-0.05,1.08,-0.4
0.0,1.08,-0.42
0.06,1.08,-0.43
0.12,1.08,-0.43
0.18,1.08,-0.42
0.23,1.08,-0.4
0.29,1.08,-0.37
0.34,1.08,-0.33
0.38,1.08,-0.29
0.41,1.08,-0.23
0.43,1.08,-0.17
0.43,1.08,-0.11
0.43,1.08,-0.05
0.41,1.06,-0.0
0.39,1.06,0.05
0.36,1.06,0.1
0.33,1.06,0.14
0.29,1.06,0.17
0.75,1.06,0.58
0.74,1.06,0.74
0.63,1.06,0.83
0.48,1.06,0.84
0.34,1.06,0.83
0.22,1.06,0.83
0.11,1.06,0.82
-0.0,1.06,0.82
-0.11,1.06,0.8
-0.2,1.06,0.73
-0.13,1.06,0.31
-0.18,1.06,0.3
-0.23,1.06,0.29
-0.27,1.06,0.27
-0.32,1.06,0.24
-0.35,1.06,0.2
-0.38,1.06,0.16
-0.41,1.06,0.11
-0.42,1.06,0.05
-0.42,1.06,-0.0
-0.41,1.06,-0.06
-0.39,1.06,-0.11
-0.37,1.06,-0.15
-0.73,1.06,-0.42
-0.77,1.06,-0.59
-0.71,1.06,-0.72
-0.61,1.06,-0.8
-0.46,1.06,-0.81
-0.14,1.06,-0.33
-0.09,1.06,-0.36
-0.05,1.06,-0.38
0.0,1.06,-0.4
0.06,1.06,-0.42
0.11,1.06,-0.42
0.17,1.06,-0.41
0.23,1.06,-0.39
0.28,1.06,-0.36
0.32,1.06,-0.32
0.36,1.06,-0.28
0.39,1.06,-0.22
0.41,1.06,-0.17
0.42,1.06,-0.11
0.42,1.06,-0.05
0.39,1.04,-0.0
0.37,1.04,0.05
0.34,1.04,0.09
0.31,1.04,0.13
0.28,1.04,0.16
0.76,1.04,0.58
0.74,1.04,0.74
0.64,1.04,0.83
0.48,1.04,0.84
0.34,1.04,0.83
0.22,1.04,0.83
0.11,1.04,0.82
-0.0,1.04,0.82
-0.11,1.04,0.8
-0.2,1.04,0.72
-0.12,1.04,0.29
-0.16,1.04,0.28
-0.21,1.04,0.27
-0.25,1.04,0.25
-0.3,1.04,0.23
-0.33,1.04,0.19
-0.36,1.04,0.15
-0.38,1.04,0.1
-0.39,1.04,0.05
-0.4,1.04,-0.0
-0.39,1.04,-0.05
-0.37,1.04,-0.1
-0.36,1.04,-0.15
-0.35,1.04,-0.2
-0.76,1.04,-0.59
-0.71,1.04,-0.72
-0.61,1.04,-0.81
-0.47,1.04,-0.83
-0.13,1.04,-0.31
-0.09,1.04,-0.34
-0.05,1.04,-0.37
0.0,1.04,-0.39
0.05,1.04,-0.4
0.11,1.04,-0.4
0.16,1.04,-0.39
0.22,1.04,-0.37
0.27,1.04,-0.35
0.31,1.04,-0.31
0.35,1.04,-0.27
0.38,1.04,-0.22
0.39,1.04,-0.16
0.4,1.04,-0.11
0.4,1.04,-0.05
0.37,1.01,0.0
0.35,1.01,0.05
0.32,1.01,0.09
0.32,1.01,0.13
0.31,1.01,0.18
0.75,1.01,0.58
0.74,1.01,0.74
0.64,1.01,0.83
0.48,1.01,0.84
0.34,1.01,0.83
0.22,1.01,0.82
0.11,1.01,0.82
-0.0,1.01,0.81
-0.11,1.01,0.79
-0.19,1.01,0.72
-0.11,1.01,0.26
-0.15,1.01,0.26
-0.19,1.01,0.25
-0.23,1.01,0.23
-0.27,1.01,0.21
-0.31,1.01,0.18
-0.34,1.01,0.14
-0.36,1.01,0.09
-0.37,1.01,0.05
-0.37,1.01,-0.0
-0.36,1.01,-0.05
-0.38,1.01,-0.1
-0.38,1.01,-0.16
-0.37,1.01,-0.21
-0.75,1.01,-0.58
-0.71,1.01,-0.72
-0.62,1.01,-0.81
-0.48,1.01,-0.84
-0.12,1.01,-0.29
-0.08,1.01,-0.32
-0.04,1.01,-0.34
0.0,1.01,-0.36
0.05,1.01,-0.38
0.1,1.01,-0.38
0.16,1.01,-0.37
0.21,1.01,-0.36
0.26,1.01,-0.33
0.3,1.01,-0.3
0.33,1.01,-0.25
0.36,1.01,-0.2
0.38,1.01,-0.15
0.38,1.01,-0.1
0.38,1.01,-0.05
0.34,0.99,-0.0
0.33,0.99,0.04
0.34,0.99,0.09
0.34,0.99,0.14
0.32,0.99,0.19
0.75,0.99,0.58
0.74,0.99,0.74
0.63,0.99,0.83
0.48,0.99,0.83
0.34,0.99,0.83
0.22,0.99,0.82
0.11,0.99,0.81
-0.0,0.99,0.8
-0.1,0.99,0.78
-0.19,0.99,0.7
-0.09,0.99,0.22
-0.13,0.99,0.22
-0.17,0.99,0.22
-0.21,0.99,0.21
-0.25,0.99,0.19
-0.28,0.99,0.16
-0.3,0.99,0.13
-0.32,0.99,0.09
-0.33,0.99,0.04
-0.33,0.99,-0.0
-0.37,0.99,-0.05
-0.4,0.99,-0.11
-0.4,0.99,-0.17
-0.38,0.99,-0.22
-0.75,0.99,-0.58
-0.71,0.99,-0.72
-0.62,0.99,-0.82
-0.49,0.99,-0.86
-0.11,0.99,-0.27
-0.08,0.99,-0.29
-0.04,0.99,-0.32
0.0,0.99,-0.34
0.05,0.99,-0.35
0.1,0.99,-0.36
0.15,0.99,-0.35
0.2,0.99,-0.34
0.24,0.99,-0.31
0.28,0.99,-0.28
0.31,0.99,-0.24
0.34,0.99,-0.19
0.35,0.99,-0.14
0.36,0.99,-0.09
0.35,0.99,-0.04
0.33,0.97,0.0
0.35,0.97,0.05
0.36,0.97,0.1
0.35,0.97,0.15
0.33,0.97,0.19
0.74,0.97,0.57
0.73,0.97,0.73
0.63,0.97,0.82
0.48,0.97,0.83
0.34,0.97,0.82
0.22,0.97,0.81
0.1,0.97,0.8
-0.0,0.97,0.79
-0.1,0.97,0.77
-0.18,0.97,0.68
-0.1,0.97,0.24
-0.13,0.97,0.22
-0.16,0.97,0.2
-0.18,0.97,0.18
-0.2,0.97,0.16
-0.24,0.97,0.14
-0.26,0.97,0.11
-0.28,0.97,0.07
-0.29,0.97,0.04
-0.34,0.97,-0.0
-0.39,0.97,-0.05
-0.41,0.97,-0.11
-0.41,0.97,-0.17
-0.39,0.97,-0.23
-0.73,0.97,-0.57
-0.71,0.97,-0.71
-0.62,0.97,-0.82
-0.5,0.97,-0.87
-0.14,0.97,-0.33
-0.07,0.97,-0.27
-0.04,0.97,-0.31
0.0,0.97,-0.33
0.05,0.97,-0.34
0.09,0.97,-0.34
0.14,0.97,-0.33
0.18,0.97,-0.31
0.22,0.97,-0.29
0.26,0.97,-0.26
0.29,0.97,-0.22
0.31,0.97,-0.18
0.33,0.97,-0.13
0.33,0.97,-0.09
0.32,0.97,-0.04
0.35,0.94,0.0
0.37,0.94,0.05
0.38,0.94,0.1
0.37,0.94,0.15
0.34,0.94,0.2
0.73,0.94,0.56
0.73,0.94,0.73
0.62,0.94,0.81
0.47,0.94,0.82
0.33,0.94,0.8
0.21,0.94,0.79
0.1,0.94,0.78
-0.0,0.94,0.77
-0.1,0.94,0.75
-0.17,0.94,0.65
-0.1,0.94,0.24
-0.13,0.94,0.23
-0.16,0.94,0.21
-0.19,0.94,0.19
-0.21,0.94,0.16
-0.23,0.94,0.13
-0.24,0.94,0.1
-0.25,0.94,0.07
-0.28,0.94,0.04
-0.35,0.94,-0.0
-0.4,0.94,-0.05
-0.42,0.94,-0.11
-0.42,0.94,-0.18
-0.4,0.94,-0.23
-0.72,0.94,-0.56
-0.71,0.94,-0.71
-0.63,0.94,-0.82
-0.5,0.94,-0.88
-0.33,0.94,-0.81
-0.07,0.94,-0.28
-0.04,0.94,-0.33
0.0,0.94,-0.33
0.05,0.94,-0.35
0.1,0.94,-0.35
0.14,0.94,-0.34
0.19,0.94,-0.32
0.22,0.94,-0.28
0.25,0.94,-0.24
0.26,0.94,-0.2
0.29,0.94,-0.16
0.29,0.94,-0.12
0.29,0.94,-0.08
0.31,0.94,-0.04
0.37,0.92,0.0
0.39,0.92,0.05
0.39,0.92,0.11
0.38,0.92,0.16
0.35,0.92,0.2
0.7,0.92,0.53
0.72,0.92,0.72
0.62,0.92,0.8
0.46,0.92,0.8
0.33,0.92,0.79
0.21,0.92,0.77
0.1,0.92,0.76
-0.0,0.92,0.74
-0.1,0.92,0.72
-0.07,0.92,0.25
-0.1,0.92,0.24
-0.13,0.92,0.23
-0.17,0.92,0.21
-0.19,0.92,0.19
-0.22,0.92,0.17
-0.24,0.92,0.14
-0.25,0.92,0.1
-0.25,0.92,0.07
-0.3,0.92,0.04
-0.36,0.92,-0.0
-0.4,0.92,-0.05
-0.43,0.92,-0.12
-0.43,0.92,-0.18
-0.41,0.92,-0.24
-0.7,0.92,-0.54
-0.7,0.92,-0.71
-0.63,0.92,-0.83
-0.51,0.92,-0.89
-0.35,0.92,-0.85
-0.09,0.92,-0.34
-0.04,0.92,-0.32
0.0,0.92,-0.35
0.05,0.92,-0.36
0.1,0.92,-0.36
0.14,0.92,-0.35
0.19,0.92,-0.32
0.22,0.92,-0.29
0.25,0.92,-0.25
0.27,0.92,-0.2
0.27,0.92,-0.15
0.26,0.92,-0.11
0.28,0.92,-0.07
0.33,0.92,-0.04
0.39,0.9,0.0
0.41,0.9,0.05
0.41,0.9,0.11
0.39,0.9,0.16
0.36,0.9,0.21
0.32,0.9,0.25
0.7,0.9,0.7
0.6,0.9,0.79
0.45,0.9,0.78
0.32,0.9,0.76
0.2,0.9,0.75
0.09,0.9,0.73
-0.0,0.9,0.71
-0.09,0.9,0.67
-0.07,0.9,0.25
-0.1,0.9,0.24
-0.14,0.9,0.23
-0.17,0.9,0.22
-0.2,0.9,0.19
-0.22,0.9,0.17
-0.24,0.9,0.14
-0.25,0.9,0.1
-0.26,0.9,0.07
-0.3,0.9,0.04
-0.37,0.9,-0.0
-0.41,0.9,-0.05
-0.43,0.9,-0.12
-0.43,0.9,-0.18
-0.41,0.9,-0.24
-0.67,0.9,-0.52
-0.7,0.9,-0.71
-0.63,0.9,-0.83
-0.52,0.9,-0.9
-0.36,0.9,-0.88
-0.1,0.9,-0.4
-0.04,0.9,-0.33
0.0,0.9,-0.35
0.05,0.9,-0.36
0.1,0.9,-0.36
0.15,0.9,-0.35
0.19,0.9,-0.33
0.23,0.9,-0.29
0.25,0.9,-0.25
0.27,0.9,-0.2
0.27,0.9,-0.16
0.27,0.9,-0.11
0.3,0.9,-0.08
0.36,0.9,-0.05
0.41,0.87,0.0
0.43,0.87,0.06
0.42,0.87,0.11
0.4,0.87,0.17
0.37,0.87,0.21
0.33,0.87,0.25
0.69,0.87,0.69
0.59,0.87,0.77
0.43,0.87,0.75
0.3,0.87,0.73
0.19,0.87,0.7
0.09,0.87,0.67
-0.0,0.87,0.24
-0.03,0.87,0.25
-0.07,0.87,0.25
-0.1,0.87,0.24
-0.14,0.87,0.23
-0.17,0.87,0.22
-0.2,0.87,0.19
-0.22,0.87,0.17
-0.24,0.87,0.14
-0.25,0.87,0.1
-0.26,0.87,0.07
-0.3,0.87,0.04
-0.37,0.87,-0.0
-0.41,0.87,-0.05
-0.43,0.87,-0.12
-0.43,0.87,-0.18
-0.42,0.87,-0.24
-0.4,0.87,-0.31
-0.7,0.87,-0.7
-0.63,0.87,-0.83
-0.52,0.87,-0.91
-0.37,0.87,-0.9
-0.12,0.87,-0.44
-0.04,0.87,-0.33
0.0,0.87,-0.35
0.05,0.87,-0.36
0.1,0.87,-0.36
0.15,0.87,-0.35
0.19,0.87,-0.33
0.23,0.87,-0.29
0.25,0.87,-0.25
0.27,0.87,-0.2
0.27,0.87,-0.16
0.27,0.87,-0.11
0.32,0.87,-0.08
0.38,0.87,-0.05
0.44,0.85,-0.0
0.45,0.85,0.06
0.44,0.85,0.12
0.41,0.85,0.17
0.38,0.85,0.22
0.33,0.85,0.25
0.66,0.85,0.66
0.56,0.85,0.74
0.4,0.85,0.7
0.12,0.85,0.3
0.07,0.85,0.28
0.03,0.85,0.24
-0.0,0.85,0.24
-0.03,0.85,0.24
-0.07,0.85,0.25
-0.1,0.85,0.24
-0.13,0.85,0.23
-0.17,0.85,0.22
-0.19,0.85,0.19
-0.22,0.85,0.17
-0.24,0.85,0.14
-0.25,0.85,0.1
-0.26,0.85,0.07
-0.3,0.85,0.04
-0.36,0.85,-0.0
-0.41,0.85,-0.05
-0.43,0.85,-0.12
-0.43,0.85,-0.18
-0.42,0.85,-0.24
-0.4,0.85,-0.31
-0.69,0.85,-0.69
-0.63,0.85,-0.83
-0.52,0.85,-0.91
-0.38,0.85,-0.92
-0.13,0.85,-0.47
-0.05,0.85,-0.35
0.0,0.85,-0.35
0.05,0.85,-0.36
0.1,0.85,-0.36
0.15,0.85,-0.35
0.19,0.85,-0.32
0.22,0.85,-0.29
0.25,0.85,-0.25
0.27,0.85,-0.2
0.27,0.85,-0.15
0.27,0.85,-0.11
0.34,0.85,-0.09
0.4,0.85,-0.05
0.46,0.83,0.0
0.46,0.83,0.06
0.45,0.83,0.12
0.42,0.83,0.18
0.38,0.83,0.22
0.33,0.83,0.26
0.28,0.83,0.28
0.23,0.83,0.3
0.17,0.83,0.3
0.12,0.83,0.29
0.07,0.83,0.27
0.03,0.83,0.24
-0.0,0.83,0.23
-0.03,0.83,0.24
-0.06,0.83,0.24
-0.1,0.83,0.24
-0.13,0.83,0.23
-0.16,0.83,0.21
-0.19,0.83,0.19
-0.21,0.83,0.16
-0.23,0.83,0.13
-0.24,0.83,0.1
-0.25,0.83,0.07
-0.29,0.83,0.04
-0.36,0.83,-0.0
-0.4,0.83,-0.05
-0.42,0.83,-0.11
-0.43,0.83,-0.18
-0.42,0.83,-0.25
-0.41,0.83,-0.32
-0.68,0.83,-0.69
-0.63,0.83,-0.83
-0.53,0.83,-0.92
-0.39,0.83,-0.94
-0.13,0.83,-0.5
-0.05,0.83,-0.41
0.0,0.83,-0.34
0.05,0.83,-0.35
0.1,0.83,-0.35
0.14,0.83,-0.34
0.19,0.83,-0.32
0.22,0.83,-0.29
0.25,0.83,-0.25
0.26,0.83,-0.2
0.27,0.83,-0.15
0.28,0.83,-0.12
0.36,0.83,-0.1
0.42,0.83,-0.05
0.48,0.81,0.0
0.48,0.81,0.06
0.47,0.81,0.12
0.43,0.81,0.18
0.39,0.81,0.22
0.33,0.81,0.26
0.28,0.81,0.28
0.22,0.81,0.29
0.17,0.81,0.29
0.12,0.81,0.29
0.07,0.81,0.26
0.03,0.81,0.22
-0.0,0.81,0.22
-0.03,0.81,0.23
-0.06,0.81,0.23
-0.1,0.81,0.23
-0.13,0.81,0.22
-0.16,0.81,0.2
-0.18,0.81,0.18
-0.21,0.81,0.16
-0.22,0.81,0.13
-0.24,0.81,0.1
-0.24,0.81,0.06
-0.27,0.81,0.03
-0.35,0.81,-0.0
-0.39,0.81,-0.05
-0.41,0.81,-0.11
-0.42,0.81,-0.18
-0.42,0.81,-0.25
-0.41,0.81,-0.32
-0.67,0.81,-0.68
-0.63,0.81,-0.83
-0.53,0.81,-0.93
-0.39,0.81,-0.95
-0.13,0.81,-0.51
-0.06,0.81,-0.44
0.0,0.81,-0.33
0.05,0.81,-0.35
0.09,0.81,-0.35
0.14,0.81,-0.33
0.18,0.81,-0.31
0.22,0.81,-0.28
0.24,0.81,-0.24
0.26,0.81,-0.19
0.26,0.81,-0.15
0.3,0.81,-0.12
0.38,0.81,-0.1
0.44,0.81,-0.06
0.5,0.78,-0.0
0.5,0.78,0.07
0.48,0.78,0.13
0.44,0.78,0.18
0.39,0.78,0.23
0.34,0.78,0.26
0.28,0.78,0.28
0.22,0.78,0.29
0.16,0.78,0.29
0.11,0.78,0.27
0.07,0.78,0.25
0.03,0.78,0.2
-0.0,0.78,0.21
-0.03,0.78,0.22
-0.06,0.78,0.22
-0.09,0.78,0.22
-0.12,0.78,0.21
-0.15,0.78,0.2
-0.18,0.78,0.18
-0.2,0.78,0.15
-0.21,0.78,0.12
-0.23,0.78,0.09
-0.23,0.78,0.06
-0.23,0.78,0.03
-0.33,0.78,-0.0
-0.38,0.78,-0.05
-0.4,0.78,-0.11
-0.42,0.78,-0.17
-0.42,0.78,-0.24
-0.41,0.78,-0.32
-0.66,0.78,-0.67
-0.63,0.78,-0.83
-0.53,0.78,-0.93
-0.39,0.78,-0.96
-0.14,0.78,-0.52
-0.06,0.78,-0.46
0.0,0.78,-0.32
0.05,0.78,-0.33
0.09,0.78,-0.33
0.14,0.78,-0.32
0.18,0.78,-0.3
0.21,0.78,-0.27
0.23,0.78,-0.23
0.24,0.78,-0.19
0.24,0.78,-0.14
0.32,0.78,-0.13
0.41,0.78,-0.11
0.47,0.78,-0.06
0.51,0.76,0.0
0.51,0.76,0.07
0.49,0.76,0.13
0.45,0.76,0.19
0.39,0.76,0.23
0.34,0.76,0.26
0.28,0.76,0.28
0.21,0.76,0.28
0.16,0.76,0.27
0.1,0.76,0.25
0.06,0.76,0.22
0.02,0.76,0.18
-0.0,0.76,0.19
-0.03,0.76,0.2
-0.06,0.76,0.21
-0.08,0.76,0.2
-0.11,0.76,0.2
-0.14,0.76,0.18
-0.16,0.76,0.16
-0.19,0.76,0.14
-0.2,0.76,0.12
-0.21,0.76,0.09
-0.22,0.76,0.06
-0.21,0.76,0.03
-0.29,0.76,-0.0
-0.36,0.76,-0.05
-0.39,0.76,-0.1
-0.41,0.76,-0.17
-0.42,0.76,-0.24
-0.41,0.76,-0.32
-0.65,0.76,-0.65
-0.63,0.76,-0.83
-0.54,0.76,-0.94
-0.4,0.76,-0.97
-0.14,0.76,-0.53
-0.06,0.76,-0.47
0.0,0.76,-0.3
0.04,0.76,-0.32
0.09,0.76,-0.32
0.13,0.76,-0.31
0.17,0.76,-0.29
0.2,0.76,-0.26
0.22,0.76,-0.22
0.23,0.76,-0.17
0.23,0.76,-0.13
0.34,0.76,-0.14
0.43,0.76,-0.11
0.48,0.76,-0.06
0.52,0.74,-0.0
0.53,0.74,0.07
0.5,0.74,0.13
0.46,0.74,0.19
0.4,0.74,0.23
0.34,0.74,0.26
0.27,0.74,0.27
0.21,0.74,0.27
0.15,0.74,0.26
0.09,0.74,0.23
0.04,0.74,0.16
0.02,0.74,0.16
-0.0,0.74,0.17
-0.02,0.74,0.18
-0.05,0.74,0.18
-0.08,0.74,0.18
-0.1,0.74,0.18
-0.13,0.74,0.17
-0.15,0.74,0.15
-0.17,0.74,0.13
-0.18,0.74,0.1
-0.19,0.74,0.08
-0.19,0.74,0.05
-0.19,0.74,0.02
-0.19,0.74,-0.0
-0.32,0.74,-0.04
-0.37,0.74,-0.1
-0.4,0.74,-0.16
-0.41,0.74,-0.24
-0.41,0.74,-0.32
-0.62,0.74,-0.62
-0.63,0.74,-0.82
-0.54,0.74,-0.94
-0.4,0.74,-0.97
-0.14,0.74,-0.53
-0.06,0.74,-0.47
0.0,0.74,-0.28
0.04,0.74,-0.29
0.08,0.74,-0.3
0.12,0.74,-0.29
0.16,0.74,-0.27
0.19,0.74,-0.24
0.2,0.74,-0.2
0.21,0.74,-0.16
0.22,0.74,-0.13
0.35,0.74,-0.14
0.44,0.74,-0.12
0.5,0.74,-0.06
0.53,0.71,0.0
0.53,0.71,0.07
0.51,0.71,0.14
0.46,0.71,0.19
0.4,0.71,0.23
0.33,0.71,0.26
0.27,0.71,0.27
0.2,0.71,0.26
0.14,0.71,0.24
0.08,0.71,0.18
0.03,0.71,0.11
0.02,0.71,0.12
-0.0,0.71,0.14
-0.02,0.71,0.15
-0.04,0.71,0.15
-0.06,0.71,0.15
-0.09,0.71,0.15
-0.11,0.71,0.14
-0.13,0.71,0.13
-0.14,0.71,0.11
-0.16,0.71,0.09
-0.16,0.71,0.07
-0.16,0.71,0.04
-0.16,0.71,0.02
-0.15,0.71,-0.0
-0.14,0.71,-0.02
-0.34,0.71,-0.09
-0.38,0.71,-0.16
-0.4,0.71,-0.23
-0.41,0.71,-0.32
-0.4,0.71,-0.41
-0.62,0.71,-0.82
-0.54,0.71,-0.94
-0.4,0.71,-0.97
-0.14,0.71,-0.53
-0.06,0.71,-0.47
0.0,0.71,-0.24
0.04,0.71,-0.26
0.07,0.71,-0.27
0.11,0.71,-0.26
0.14,0.71,-0.24
0.17,0.71,-0.21
0.18,0.71,-0.18
0.17,0.71,-0.13
0.22,0.71,-0.13
0.37,0.71,-0.15
0.45,0.71,-0.12
0.51,0.71,-0.06
0.54,0.69,-0.0
0.54,0.69,0.07
0.51,0.69,0.14
0.47,0.69,0.19
0.41,0.69,0.24
0.35,0.69,0.27
0.28,0.69,0.29
0.22,0.69,0.28
0.13,0.69,0.23
0.01,0.69,0.03
0.01,0.69,0.04
0.01,0.69,0.04
-0.0,0.69,0.05
-0.01,0.69,0.07
-0.02,0.69,0.09
-0.04,0.69,0.1
-0.06,0.69,0.1
-0.08,0.69,0.1
-0.09,0.69,0.09
-0.1,0.69,0.08
-0.11,0.69,0.06
-0.11,0.69,0.05
-0.11,0.69,0.03
-0.1,0.69,0.01
-0.09,0.69,-0.0
-0.08,0.69,-0.01
-0.08,0.69,-0.02
-0.36,0.69,-0.15
-0.41,0.69,-0.24
-0.42,0.69,-0.33
-0.41,0.69,-0.41
-0.62,0.69,-0.81
-0.54,0.69,-0.94
-0.4,0.69,-0.97
-0.14,0.69,-0.53
-0.06,0.69,-0.47
0.0,0.69,-0.15
0.03,0.69,-0.18
0.06,0.69,-0.21
0.09,0.69,-0.21
0.11,0.69,-0.2
0.13,0.69,-0.16
0.09,0.69,-0.09
0.06,0.69,-0.05
0.22,0.69,-0.12
0.38,0.69,-0.16
0.46,0.69,-0.12
0.51,0.69,-0.06
0.54,0.67,0.0
0.54,0.67,0.07
0.52,0.67,0.14
0.47,0.67,0.19
0.41,0.67,0.24
0.36,0.67,0.27
0.3,0.67,0.3
0.23,0.67,0.3
0.16,0.67,0.27
-0.08,0.67,-0.19
-0.06,0.67,-0.22
-0.04,0.67,-0.27
0.01,0.67,-5.0
0.66,0.67,-4.96
1.3,0.67,-4.83
1.92,0.67,-4.62
2.51,0.67,-4.33
3.05,0.67,-3.96
3.54,0.67,-3.53
3.97,0.67,-3.04
4.34,0.67,-2.49
0.14,0.67,-0.06
0.12,0.67,-0.03
0.11,0.67,-0.01
0.1,0.67,0.0
0.1,0.67,0.01
0.09,0.67,0.03
-0.37,0.67,-0.15
-0.42,0.67,-0.24
-0.43,0.67,-0.33
-0.41,0.67,-0.41
-0.62,0.67,-0.81
-0.53,0.67,-0.93
-0.39,0.67,-0.96
-0.14,0.67,-0.52
-0.06,0.67,-0.46
-0.02,0.67,5.0
-0.67,0.67,4.95
-1.31,0.67,4.82
-1.93,0.67,4.61
-2.52,0.67,4.32
-3.06,0.67,3.95
-3.55,0.67,3.52
-3.98,0.67,3.03
-4.34,0.67,2.48
0.38,0.67,-0.16
0.46,0.67,-0.12
0.51,0.67,-0.07
0.54,0.64,0.0
0.54,0.64,0.07
0.52,0.64,0.14
0.47,0.64,0.2
0.42,0.64,0.24
0.36,0.64,0.28
0.31,0.64,0.31
0.24,0.64,0.31
0.17,0.64,0.29
-0.08,0.64,-0.19
-0.06,0.64,-0.22
-0.04,0.64,-0.27
0.01,0.64,-5.0
0.66,0.64,-4.96
1.3,0.64,-4.83
1.92,0.64,-4.62
2.51,0.64,-4.33
3.05,0.64,-3.96
3.54,0.64,-3.53
3.97,0.64,-3.04
4.34,0.64,-2.49
0.16,0.64,-0.07
0.14,0.64,-0.04
0.12,0.64,-0.02
0.12,0.64,0.0
0.11,0.64,0.01
0.1,0.64,0.03
-0.4,0.64,-0.17
-0.43,0.64,-0.25
-0.43,0.64,-0.33
-0.41,0.64,-0.41
-0.61,0.64,-0.8
-0.53,0.64,-0.92
-0.39,0.64,-0.95
-0.14,0.64,-0.52
-0.06,0.64,-0.46
-0.02,0.64,5.0
-0.67,0.64,4.95
-1.31,0.64,4.82
-1.93,0.64,4.61
-2.52,0.64,4.32
-3.06,0.64,3.95
-3.55,0.64,3.52
-3.98,0.64,3.03
-4.34,0.64,2.48
0.38,0.64,-0.16
0.46,0.64,-0.12
0.51,0.64,-0.07
0.54,0.62,-0.0
0.54,0.62,0.07
0.51,0.62,0.14
0.47,0.62,0.19
0.42,0.62,0.24
0.37,0.62,0.28
0.31,0.62,0.31
0.25,0.62,0.32
0.17,0.62,0.3
0.1,0.62,0.24
-0.06,0.62,-0.22
-0.04,0.62,-0.27
0.01,0.62,-5.0
0.66,0.62,-4.96
1.3,0.62,-4.83
1.92,0.62,-4.62
2.51,0.62,-4.33
3.05,0.62,-3.96
3.54,0.62,-3.53
3.97,0.62,-3.04
4.34,0.62,-2.49
0.17,0.62,-0.07
0.14,0.62,-0.04
0.12,0.62,-0.02
0.11,0.62,0.0
0.1,0.62,0.01
0.09,0.62,0.02
-0.42,0.62,-0.17
-0.44,0.62,-0.26
-0.44,0.62,-0.34
-0.41,0.62,-0.41
-0.6,0.62,-0.78
-0.52,0.62,-0.91
-0.38,0.62,-0.93
-0.14,0.62,-0.52
-0.06,0.62,-0.45
-0.02,0.62,5.0
-0.67,0.62,4.95
-1.31,0.62,4.82
-1.93,0.62,4.61
-2.52,0.62,4.32
-3.06,0.62,3.95
-3.55,0.62,3.52
-3.98,0.62,3.03
-4.34,0.62,2.48
0.38,0.62,-0.15
0.46,0.62,-0.12
0.51,0.62,-0.06
0.53,0.6,-0.0
0.53,0.6,0.07
0.51,0.6,0.14
0.47,0.6,0.19
0.42,0.6,0.24
0.37,0.6,0.29
0.32,0.6,0.32
0.25,0.6,0.32
0.18,0.6,0.31
0.1,0.6,0.25
-0.06,0.6,-0.22
-0.04,0.6,-0.28
0.01,0.6,-5.0
0.66,0.6,-4.96
1.3,0.6,-4.83
1.92,0.6,-4.62
2.51,0.6,-4.33
3.05,0.6,-3.96
3.54,0.6,-3.53
3.97,0.6,-3.04
4.34,0.6,-2.49
0.17,0.6,-0.07
0.14,0.6,-0.04
0.12,0.6,-0.02
0.1,0.6,0.0
0.09,0.6,0.01
-0.35,0.6,-0.09
-0.43,0.6,-0.18
-0.45,0.6,-0.26
-0.44,0.6,-0.34
-0.41,0.6,-0.41
-0.58,0.6,-0.76
-0.51,0.6,-0.9
-0.38,0.6,-0.91
-0.13,0.6,-0.51
-0.06,0.6,-0.43
-0.02,0.6,5.0
-0.67,0.6,4.95
-1.31,0.6,4.82
-1.93,0.6,4.61
-2.52,0.6,4.32
-3.06,0.6,3.95
-3.55,0.6,3.52
-3.98,0.6,3.03
-4.34,0.6,2.48
0.37,0.6,-0.15
0.45,0.6,-0.12
0.51,0.6,-0.06
0.52,0.58,-0.0
0.52,0.58,0.07
0.5,0.58,0.13
0.46,0.58,0.19
0.42,0.58,0.24
0.37,0.58,0.29
0.32,0.58,0.32
0.25,0.58,0.33
0.18,0.58,0.31
0.11,0.58,0.26
-0.06,0.58,-0.22
-0.04,0.58,-0.3
0.01,0.58,-5.0
0.66,0.58,-4.96
1.3,0.58,-4.83
1.92,0.58,-4.62
2.51,0.58,-4.33
3.05,0.58,-3.96
3.54,0.58,-3.53
3.97,0.58,-3.04
4.34,0.58,-2.49
0.19,0.58,-0.08
0.14,0.58,-0.04
0.12,0.58,-0.01
0.1,0.58,0.0
0.09,0.58,0.01
-0.37,0.58,-0.1
-0.44,0.58,-0.18
-0.45,0.58,-0.26
-0.44,0.58,-0.34
-0.41,0.58,-0.41
-0.54,0.58,-0.71
-0.5,0.58,-0.88
-0.36,0.58,-0.88
-0.13,0.58,-0.5
-0.05,0.58,-0.4
-0.02,0.58,5.0
-0.67,0.58,4.95
-1.31,0.58,4.82
-1.93,0.58,4.61
-2.52,0.58,4.32
-3.06,0.58,3.95
-3.55,0.58,3.52
-3.98,0.58,3.03
-4.34,0.58,2.48
0.35,0.58,-0.14
0.44,0.58,-0.12
0.5,0.58,-0.06
0.51,0.55,-0.0
0.51,0.55,0.07
0.49,0.55,0.13
0.46,0.55,0.19
0.42,0.55,0.24
0.37,0.55,0.29
0.32,0.55,0.32
0.26,0.55,0.34
0.2,0.55,0.34
0.13,0.55,0.31
-0.06,0.55,-0.22
-0.65,0.55,-4.96
0.01,0.55,-5.0
0.66,0.55,-4.96
1.3,0.55,-4.83
1.92,0.55,-4.62
2.51,0.55,-4.33
3.05,0.55,-3.96
3.54,0.55,-3.53
3.97,0.55,-3.04
4.34,0.55,-2.49
0.22,0.55,-0.09
0.14,0.55,-0.04
0.12,0.55,-0.02
0.1,0.55,0.0
0.09,0.55,0.01
-0.38,0.55,-0.1
-0.44,0.55,-0.18
-0.46,0.55,-0.27
-0.44,0.55,-0.34
-0.4,0.55,-0.41
-0.35,0.55,-0.46
-0.49,0.55,-0.85
-0.21,0.55,-0.51
-0.13,0.55,-0.48
0.64,0.55,4.96
-0.02,0.55,5.0
-0.67,0.55,4.95
-1.31,0.55,4.82
-1.93,0.55,4.61
-2.52,0.55,4.32
-3.06,0.55,3.95
-3.55,0.55,3.52
-3.98,0.55,3.03
-4.34,0.55,2.48
0.32,0.55,-0.13
0.42,0.55,-0.11
0.48,0.55,-0.06
0.49,0.53,-0.0
0.5,0.53,0.07
0.48,0.53,0.13
0.45,0.53,0.19
0.42,0.53,0.24
0.37,0.53,0.29
0.32,0.53,0.32
0.27,0.53,0.35
0.21,0.53,0.36
0.14,0.53,0.34
0.07,0.53,0.28
-0.65,0.53,-4.96
0.01,0.53,-5.0
0.66,0.53,-4.96
1.3,0.53,-4.83
1.92,0.53,-4.62
2.51,0.53,-4.33
3.05,0.53,-3.96
3.54,0.53,-3.53
3.97,0.53,-3.04
4.34,0.53,-2.49
4.62,0.53,-1.9
0.16,0.53,-0.04
0.12,0.53,-0.02
0.11,0.53,0.0
0.1,0.53,0.01
-0.38,0.53,-0.1
-0.44,0.53,-0.18
-0.46,0.53,-0.27
-0.44,0.53,-0.34
-0.4,0.53,-0.4
-0.35,0.53,-0.45
-0.45,0.53,-0.78
-0.2,0.53,-0.49
-0.12,0.53,-0.45
0.64,0.53,4.96
-0.02,0.53,5.0
-0.67,0.53,4.95
-1.31,0.53,4.82
-1.93,0.53,4.61
-2.52,0.53,4.32
-3.06,0.53,3.95
-3.55,0.53,3.52
-3.98,0.53,3.03
-4.34,0.53,2.48
-4.63,0.53,1.89
0.4,0.53,-0.1
0.46,0.53,-0.06
0.47,0.51,-0.0
0.48,0.51,0.06
0.46,0.51,0.12
0.44,0.51,0.18
0.41,0.51,0.24
0.37,0.51,0.29
0.33,0.51,0.33
0.28,0.51,0.36
0.22,0.51,0.37
0.15,0.51,0.36
0.08,0.51,0.31
-0.65,0.51,-4.96
0.01,0.51,-5.0
0.66,0.51,-4.96
1.3,0.51,-4.83
1.92,0.51,-4.62
2.51,0.51,-4.33
3.05,0.51,-3.96
3.54,0.51,-3.53
3.97,0.51,-3.04
4.34,0.51,-2.49
4.62,0.51,-1.9
0.18,0.51,-0.05
0.13,0.51,-0.02
0.12,0.51,0.0
0.11,0.51,0.01
-0.37,0.51,-0.1
-0.44,0.51,-0.18
-0.45,0.51,-0.26
-0.44,0.51,-0.34
-0.4,0.51,-0.4
-0.34,0.51,-0.45
-0.27,0.51,-0.47
-0.19,0.51,-0.47
-0.11,0.51,-0.43
0.64,0.51,4.96
-0.02,0.51,5.0
-0.67,0.51,4.95
-1.31,0.51,4.82
-1.93,0.51,4.61
-2.52,0.51,4.32
-3.06,0.51,3.95
-3.55,0.51,3.52
-3.98,0.51,3.03
-4.34,0.51,2.48
-4.63,0.51,1.89
0.35,0.51,-0.09
0.44,0.51,-0.06
0.44,0.48,-0.0
0.45,0.48,0.06
0.45,0.48,0.12
0.43,0.48,0.18
0.41,0.48,0.23
0.38,0.48,0.29
0.34,0.48,0.34
0.29,0.48,0.37
0.22,0.48,0.38
0.15,0.48,0.37
0.09,0.48,0.33
-0.65,0.48,-4.96
0.01,0.48,-5.0
0.66,0.48,-4.96
1.3,0.48,-4.83
1.92,0.48,-4.62
2.51,0.48,-4.33
3.05,0.48,-3.96
3.54,0.48,-3.53
3.97,0.48,-3.04
4.34,0.48,-2.49
4.62,0.48,-1.9
4.83,0.48,-1.28
0.15,0.48,-0.02
0.13,0.48,0.0
0.12,0.48,0.02
-0.35,0.48,-0.1
-0.43,0.48,-0.18
-0.46,0.48,-0.27
-0.45,0.48,-0.34
-0.41,0.48,-0.41
-0.34,0.48,-0.45
-0.27,0.48,-0.46
-0.19,0.48,-0.45
-0.1,0.48,-0.39
0.64,0.48,4.96
-0.02,0.48,5.0
-0.67,0.48,4.95
-1.31,0.48,4.82
-1.93,0.48,4.61
-2.52,0.48,4.32
-3.06,0.48,3.95
-3.55,0.48,3.52
-3.98,0.48,3.03
-4.34,0.48,2.48
-4.63,0.48,1.89
-4.84,0.48,1.27
0.39,0.48,-0.05
0.4,0.46,-0.0
0.43,0.46,0.06
0.43,0.46,0.11
0.42,0.46,0.17
0.41,0.46,0.24
0.39,0.46,0.3
0.34,0.46,0.35
0.29,0.46,0.38
0.22,0.46,0.39
0.16,0.46,0.38
0.09,0.46,0.34
0.03,0.46,0.25
0.01,0.46,-5.0
0.66,0.46,-4.96
1.3,0.46,-4.83
1.92,0.46,-4.62
2.51,0.46,-4.33
3.05,0.46,-3.96
3.54,0.46,-3.53
3.97,0.46,-3.04
4.34,0.46,-2.49
4.62,0.46,-1.9
4.83,0.46,-1.28
0.19,0.46,-0.02
0.15,0.46,0.0
0.13,0.46,0.02
0.11,0.46,0.03
-0.44,0.46,-0.19
-0.47,0.46,-0.27
-0.45,0.46,-0.35
-0.41,0.46,-0.41
-0.35,0.46,-0.46
-0.27,0.46,-0.47
-0.18,0.46,-0.45
-0.09,0.46,-0.35
0.02,0.46,0.19
-0.02,0.46,5.0
-0.67,0.46,4.95
-1.31,0.46,4.82
-1.93,0.46,4.61
-2.52,0.46,4.32
-3.06,0.46,3.95
-3.55,0.46,3.52
-3.98,0.46,3.03
-4.34,0.46,2.48
-4.63,0.46,1.89
-4.84,0.46,1.27
0.33,0.46,-0.04
0.35,0.44,-0.0
0.39,0.44,0.05
0.41,0.44,0.11
0.42,0.44,0.17
0.41,0.44,0.24
0.39,0.44,0.3
0.35,0.44,0.35
0.29,0.44,0.38
0.23,0.44,0.39
0.16,0.44,0.38
0.09,0.44,0.35
0.04,0.44,0.27
0.01,0.44,-5.0
0.66,0.44,-4.96
1.3,0.44,-4.83
1.92,0.44,-4.62
2.51,0.44,-4.33
3.05,0.44,-3.96
3.54,0.44,-3.53
3.97,0.44,-3.04
4.34,0.44,-2.49
4.62,0.44,-1.9
4.83,0.44,-1.28
4.96,0.44,-0.64
0.17,0.44,0.0
0.13,0.44,0.02
-0.36,0.44,-0.1
-0.45,0.44,-0.19
-0.47,0.44,-0.27
-0.46,0.44,-0.35
-0.41,0.44,-0.42
-0.35,0.44,-0.46
-0.27,0.44,-0.48
-0.19,0.44,-0.46
-0.1,0.44,-0.37
0.02,0.44,0.17
-0.02,0.44,5.0
-0.67,0.44,4.95
-1.31,0.44,4.82
-1.93,0.44,4.61
-2.52,0.44,4.32
-3.06,0.44,3.95
-3.55,0.44,3.52
-3.98,0.44,3.03
-4.34,0.44,2.48
-4.63,0.44,1.89
-4.84,0.44,1.27
-4.96,0.44,0.63
0.27,0.41,0.0
0.35,0.41,0.05
0.4,0.41,0.11
0.42,0.41,0.17
0.42,0.41,0.24
0.39,0.41,0.3
0.35,0.41,0.35
0.29,0.41,0.38
0.23,0.41,0.4
0.16,0.41,0.39
0.09,0.41,0.35
0.04,0.41,0.27
0.01,0.41,-5.0
0.66,0.41,-4.96
1.3,0.41,-4.83
1.92,0.41,-4.62
2.51,0.41,-4.33
3.05,0.41,-3.96
3.54,0.41,-3.53
3.97,0.41,-3.04
4.34,0.41,-2.49
4.62,0.41,-1.9
4.83,0.41,-1.28
4.96,0.41,-0.64
0.17,0.41,0.0
0.13,0.41,0.02
-0.37,0.41,-0.1
-0.45,0.41,-0.19
-0.47,0.41,-0.27
-0.46,0.41,-0.35
-0.42,0.41,-0.42
-0.36,0.41,-0.47
-0.28,0.41,-0.49
-0.19,0.41,-0.47
-0.1,0.41,-0.38
0.02,0.41,0.17
-0.02,0.41,5.0
-0.67,0.41,4.95
-1.31,0.41,4.82
-1.93,0.41,4.61
-2.52,0.41,4.32
-3.06,0.41,3.95
-3.55,0.41,3.52
-3.98,0.41,3.03
-4.34,0.41,2.48
-4.63,0.41,1.89
-4.84,0.41,1.27
-4.96,0.41,0.63
0.26,0.39,-0.0
0.35,0.39,0.05
0.4,0.39,0.11
0.42,0.39,0.18
0.42,0.39,0.24
0.4,0.39,0.31
0.35,0.39,0.36
0.3,0.39,0.39
0.23,0.39,0.4
0.16,0.39,0.39
0.09,0.39,0.35
0.03,0.39,0.27
0.01,0.39,-5.0
0.66,0.39,-4.96
1.3,0.39,-4.83
1.92,0.39,-4.62
2.51,0.39,-4.33
3.05,0.39,-3.96
3.54,0.39,-3.53
3.97,0.39,-3.04
4.34,0.39,-2.49
4.62,0.39,-1.9
4.83,0.39,-1.28
4.96,0.39,-0.64
0.18,0.39,0.0
0.13,0.39,0.02
-0.36,0.39,-0.1
-0.45,0.39,-0.19
-0.47,0.39,-0.28
-0.46,0.39,-0.36
-0.42,0.39,-0.43
-0.36,0.39,-0.47
-0.28,0.39,-0.49
-0.19,0.39,-0.47
-0.1,0.39,-0.39
0.02,0.39,0.18
-0.02,0.39,5.0
-0.67,0.39,4.95
-1.31,0.39,4.82
-1.93,0.39,4.61
-2.52,0.39,4.32
-3.06,0.39,3.95
-3.55,0.39,3.52
-3.98,0.39,3.03
-4.34,0.39,2.48
-4.63,0.39,1.89
-4.84,0.39,1.27
-4.96,0.39,0.63
0.23,0.37,-0.0
0.35,0.37,0.05
0.4,0.37,0.11
0.43,0.37,0.18
0.42,0.37,0.25
0.4,0.37,0.31
0.36,0.37,0.36
0.3,0.37,0.39
0.23,0.37,0.41
0.16,0.37,0.39
0.09,0.37,0.35
0.03,0.37,0.26
0.01,0.37,-5.0
0.66,0.37,-4.96
1.3,0.37,-4.83
1.92,0.37,-4.62
2.51,0.37,-4.33
3.05,0.37,-3.96
3.54,0.37,-3.53
3.97,0.37,-3.04
4.34,0.37,-2.49
4.62,0.37,-1.9
4.83,0.37,-1.28
4.96,0.37,-0.64
0.21,0.37,0.0
0.14,0.37,0.02
0.12,0.37,0.03
-0.45,0.37,-0.19
-0.48,0.37,-0.28
-0.47,0.37,-0.36
-0.43,0.37,-0.43
-0.37,0.37,-0.48
-0.29,0.37,-0.5
-0.2,0.37,-0.48
-0.1,0.37,-0.4
0.02,0.37,0.19
-0.02,0.37,5.0
-0.67,0.37,4.95
-1.31,0.37,4.82
-1.93,0.37,4.61
-2.52,0.37,4.32
-3.06,0.37,3.95
-3.55,0.37,3.52
-3.98,0.37,3.03
-4.34,0.37,2.48
-4.63,0.37,1.89
-4.84,0.37,1.27
-4.96,0.37,0.63
-5.0,0.35,0.0
0.35,0.35,0.05
0.4,0.35,0.11
0.43,0.35,0.18
0.43,0.35,0.25
0.4,0.35,0.31
0.36,0.35,0.36
0.3,0.35,0.4
0.24,0.35,0.41
0.16,0.35,0.4
0.09,0.35,0.35
0.03,0.35,0.24
0.01,0.35,-5.0
0.66,0.35,-4.96
1.3,0.35,-4.83
1.92,0.35,-4.62
2.51,0.35,-4.33
3.05,0.35,-3.96
3.54,0.35,-3.53
3.97,0.35,-3.04
4.34,0.35,-2.49
4.62,0.35,-1.9
4.83,0.35,-1.28
4.96,0.35,-0.64
5.0,0.35,0.01
0.15,0.35,0.02
0.12,0.35,0.03
-0.44,0.35,-0.19
-0.48,0.35,-0.28
-0.47,0.35,-0.36
-0.43,0.35,-0.43
-0.37,0.35,-0.49
-0.29,0.35,-0.51
-0.2,0.35,-0.49
-0.11,0.35,-0.4
0.64,0.35,4.96
-0.02,0.35,5.0
-0.67,0.35,4.95
-1.31,0.35,4.82
-1.93,0.35,4.61
-2.52,0.35,4.32
-3.06,0.35,3.95
-3.55,0.35,3.52
-3.98,0.35,3.03
-4.34,0.35,2.48
-4.63,0.35,1.89
-4.84,0.35,1.27
-4.96,0.35,0.63
-5.0,0.32,0.0
0.35,0.32,0.05
0.4,0.32,0.11
0.43,0.32,0.18
0.43,0.32,0.25
0.41,0.32,0.31
0.37,0.32,0.37
0.31,0.32,0.4
0.24,0.32,0.41
0.17,0.32,0.4
0.09,0.32,0.36
-0.65,0.32,-4.96
0.01,0.32,-5.0
0.66,0.32,-4.96
1.3,0.32,-4.83
1.92,0.32,-4.62
2.51,0.32,-4.33
3.05,0.32,-3.96
3.54,0.32,-3.53
3.97,0.32,-3.04
4.34,0.32,-2.49
4.62,0.32,-1.9
4.83,0.32,-1.28
4.96,0.32,-0.64
5.0,0.32,0.01
0.16,0.32,0.02
0.13,0.32,0.03
-0.44,0.32,-0.18
-0.48,0.32,-0.28
-0.47,0.32,-0.36
-0.44,0.32,-0.44
-0.37,0.32,-0.49
-0.29,0.32,-0.51
-0.2,0.32,-0.5
-0.11,0.32,-0.41
0.64,0.32,4.96
-0.02,0.32,5.0
-0.67,0.32,4.95
-1.31,0.32,4.82
-1.93,0.32,4.61
-2.52,0.32,4.32
-3.06,0.32,3.95
-3.55,0.32,3.52
-3.98,0.32,3.03
-4.34,0.32,2.48
-4.63,0.32,1.89
-4.84,0.32,1.27
-4.96,0.32,0.63
-5.0,0.3,0.0
0.34,0.3,0.05
0.41,0.3,0.11
0.43,0.3,0.18
0.43,0.3,0.25
0.41,0.3,0.32
0.37,0.3,0.37
0.31,0.3,0.4
0.24,0.3,0.42
0.17,0.3,0.4
0.1,0.3,0.36
-0.65,0.3,-4.96
0.01,0.3,-5.0
0.66,0.3,-4.96
1.3,0.3,-4.83
1.92,0.3,-4.62
2.51,0.3,-4.33
3.05,0.3,-3.96
3.54,0.3,-3.53
3.97,0.3,-3.04
4.34,0.3,-2.49
4.62,0.3,-1.9
4.83,0.3,-1.28
4.96,0.3,-0.64
5.0,0.3,0.01
0.17,0.3,0.02
0.13,0.3,0.04
-0.43,0.3,-0.18
-0.48,0.3,-0.28
-0.48,0.3,-0.37
-0.44,0.3,-0.44
-0.38,0.3,-0.5
-0.3,0.3,-0.52
-0.21,0.3,-0.5
-0.11,0.3,-0.42
0.64,0.3,4.96
-0.02,0.3,5.0
-0.67,0.3,4.95
-1.31,0.3,4.82
-1.93,0.3,4.61
-2.52,0.3,4.32
-3.06,0.3,3.95
-3.55,0.3,3.52
-3.98,0.3,3.03
-4.34,0.3,2.48
-4.63,0.3,1.89
-4.84,0.3,1.27
-4.96,0.3,0.63
-5.0,0.28,0.0
0.34,0.28,0.04
0.41,0.28,0.11
0.44,0.28,0.18
0.44,0.28,0.25
0.41,0.28,0.32
0.37,0.28,0.37
0.31,0.28,0.4
0.24,0.28,0.42
0.17,0.28,0.4
0.1,0.28,0.36
-0.65,0.28,-4.96
0.01,0.28,-5.0
0.66,0.28,-4.96
1.3,0.28,-4.83
1.92,0.28,-4.62
2.51,0.28,-4.33
3.05,0.28,-3.96
3.54,0.28,-3.53
3.97,0.28,-3.04
4.34,0.28,-2.49
4.62,0.28,-1.9
4.83,0.28,-1.28
4.96,0.28,-0.64
5.0,0.28,0.01
0.18,0.28,0.02
0.14,0.28,0.04
-0.43,0.28,-0.18
-0.48,0.28,-0.28
-0.48,0.28,-0.37
-0.44,0.28,-0.44
-0.38,0.28,-0.5
-0.3,0.28,-0.52
-0.21,0.28,-0.51
-0.11,0.28,-0.43
0.64,0.28,4.96
-0.02,0.28,5.0
-0.67,0.28,4.95
-1.31,0.28,4.82
-1.93,0.28,4.61
-2.52,0.28,4.32
-3.06,0.28,3.95
-3.55,0.28,3.52
-3.98,0.28,3.03
-4.34,0.28,2.48
-4.63,0.28,1.89
-4.84,0.28,1.27
-4.96,0.28,0.63
-5.0,0.25,0.0
0.34,0.25,0.04
0.41,0.25,0.11
0.43,0.25,0.18
0.44,0.25,0.25
0.41,0.25,0.32
0.37,0.25,0.37
0.31,0.25,0.4
0.24,0.25,0.42
0.17,0.25,0.4
0.09,0.25,0.36
-0.65,0.25,-4.96
0.01,0.25,-5.0
0.66,0.25,-4.96
1.3,0.25,-4.83
1.92,0.25,-4.62
2.51,0.25,-4.33
3.05,0.25,-3.96
3.54,0.25,-3.53
3.97,0.25,-3.04
4.34,0.25,-2.49
4.62,0.25,-1.9
4.83,0.25,-1.28
4.96,0.25,-0.64
5.0,0.25,0.01
0.19,0.25,0.03
0.15,0.25,0.04
-0.42,0.25,-0.17
-0.48,0.25,-0.28
-0.48,0.25,-0.37
-0.44,0.25,-0.44
-0.38,0.25,-0.5
-0.3,0.25,-0.52
-0.21,0.25,-0.51
-0.11,0.25,-0.42
0.64,0.25,4.96
-0.02,0.25,5.0
-0.67,0.25,4.95
-1.31,0.25,4.82
-1.93,0.25,4.61
-2.52,0.25,4.32
-3.06,0.25,3.95
-3.55,0.25,3.52
-3.98,0.25,3.03
-4.34,0.25,2.48
-4.63,0.25,1.89
-4.84,0.25,1.27
-4.96,0.25,0.63
-5.0,0.23,0.0
0.32,0.23,0.04
0.4,0.23,0.11
0.43,0.23,0.18
0.43,0.23,0.25
0.41,0.23,0.31
0.37,0.23,0.37
0.31,0.23,0.4
0.24,0.23,0.41
0.16,0.23,0.4
0.09,0.23,0.35
-0.65,0.23,-4.96
0.01,0.23,-5.0
0.66,0.23,-4.96
1.3,0.23,-4.83
1.92,0.23,-4.62
2.51,0.23,-4.33
3.05,0.23,-3.96
3.54,0.23,-3.53
3.97,0.23,-3.04
4.34,0.23,-2.49
4.62,0.23,-1.9
4.83,0.23,-1.28
4.96,0.23,-0.64
5.0,0.23,0.01
0.2,0.23,0.03
0.15,0.23,0.04
-0.41,0.23,-0.17
-0.47,0.23,-0.27
-0.47,0.23,-0.37
-0.44,0.23,-0.44
-0.38,0.23,-0.49
-0.3,0.23,-0.52
-0.21,0.23,-0.5
-0.11,0.23,-0.41
0.64,0.23,4.96
-0.02,0.23,5.0
-0.67,0.23,4.95
-1.31,0.23,4.82
-1.93,0.23,4.61
-2.52,0.23,4.32
-3.06,0.23,3.95
-3.55,0.23,3.52
-3.98,0.23,3.03
-4.34,0.23,2.48
-4.63,0.23,1.89
-4.84,0.23,1.27
-4.96,0.23,0.63
-5.0,0.21,0.0
0.3,0.21,0.04
0.39,0.21,0.1
0.42,0.21,0.18
0.43,0.21,0.25
0.4,0.21,0.31
0.36,0.21,0.36
0.3,0.21,0.4
0.23,0.21,0.41
0.16,0.21,0.39
0.09,0.21,0.33
-0.65,0.21,-4.96
0.01,0.21,-5.0
0.66,0.21,-4.96
1.3,0.21,-4.83
1.92,0.21,-4.62
2.51,0.21,-4.33
3.05,0.21,-3.96
3.54,0.21,-3.53
3.97,0.21,-3.04
4.34,0.21,-2.49
4.62,0.21,-1.9
4.83,0.21,-1.28
4.96,0.21,-0.64
5.0,0.21,0.01
0.22,0.21,0.03
0.16,0.21,0.04
-0.38,0.21,-0.16
-0.47,0.21,-0.27
-0.47,0.21,-0.36
-0.43,0.21,-0.44
-0.37,0.21,-0.49
-0.29,0.21,-0.51
-0.2,0.21,-0.49
0.05,0.21,0.2
0.64,0.21,4.96
-0.02,0.21,5.0
-0.67,0.21,4.95
-1.31,0.21,4.82
-1.93,0.21,4.61
-2.52,0.21,4.32
-3.06,0.21,3.95
-3.55,0.21,3.52
-3.98,0.21,3.03
-4.34,0.21,2.48
-4.63,0.21,1.89
-4.84,0.21,1.27
-4.96,0.21,0.63
-5.0,0.19,0.0
-4.96,0.19,-0.65
0.37,0.19,0.1
0.41,0.19,0.17
0.42,0.19,0.24
0.4,0.19,0.3
0.35,0.19,0.35
0.3,0.19,0.39
0.23,0.19,0.4
0.16,0.19,0.38
0.08,0.19,0.3
-0.65,0.19,-4.96
0.01,0.19,-5.0
0.66,0.19,-4.96
1.3,0.19,-4.83
1.92,0.19,-4.62
2.51,0.19,-4.33
3.05,0.19,-3.96
3.54,0.19,-3.53
3.97,0.19,-3.04
4.34,0.19,-2.49
4.62,0.19,-1.9
4.83,0.19,-1.28
4.96,0.19,-0.64
5.0,0.19,0.01
4.96,0.19,0.67
0.18,0.19,0.05
0.15,0.19,0.06
-0.45,0.19,-0.26
-0.46,0.19,-0.36
-0.43,0.19,-0.43
-0.37,0.19,-0.48
-0.29,0.19,-0.5
-0.2,0.19,-0.48
0.06,0.19,0.23
0.64,0.19,4.96
-0.02,0.19,5.0
-0.67,0.19,4.95
-1.31,0.19,4.82
-1.93,0.19,4.61
-2.52,0.19,4.32
-3.06,0.19,3.95
-3.55,0.19,3.52
-3.98,0.19,3.03
-4.34,0.19,2.48
-4.63,0.19,1.89
-4.84,0.19,1.27
-4.96,0.19,0.63
-5.0,0.16,0.0
-4.96,0.16,-0.65
0.35,0.16,0.09
0.4,0.16,0.16
0.4,0.16,0.23
0.39,0.16,0.3
0.35,0.16,0.35
0.29,0.16,0.38
0.22,0.16,0.38
0.15,0.16,0.36
-1.29,0.16,-4.83
-0.65,0.16,-4.96
0.01,0.16,-5.0
0.66,0.16,-4.96
1.3,0.16,-4.83
1.92,0.16,-4.62
2.51,0.16,-4.33
3.05,0.16,-3.96
3.54,0.16,-3.53
3.97,0.16,-3.04
4.34,0.16,-2.49
4.62,0.16,-1.9
4.83,0.16,-1.28
4.96,0.16,-0.64
5.0,0.16,0.01
4.96,0.16,0.67
0.21,0.16,0.06
0.17,0.16,0.07
-0.44,0.16,-0.25
-0.45,0.16,-0.35
-0.42,0.16,-0.42
-0.36,0.16,-0.47
-0.28,0.16,-0.49
-0.19,0.16,-0.46
1.28,0.16,4.83
0.64,0.16,4.96
-0.02,0.16,5.0
-0.67,0.16,4.95
-1.31,0.16,4.82
-1.93,0.16,4.61
-2.52,0.16,4.32
-3.06,0.16,3.95
-3.55,0.16,3.52
-3.98,0.16,3.03
-4.34,0.16,2.48
-4.63,0.16,1.89
-4.84,0.16,1.27
-4.96,0.16,0.63
-5.0,0.14,0.0
-4.96,0.14,-0.65
-4.83,0.14,-1.3
0.37,0.14,0.15
0.39,0.14,0.22
0.37,0.14,0.28
0.33,0.14,0.33
0.28,0.14,0.36
0.21,0.14,0.36
0.13,0.14,0.32
-1.29,0.14,-4.83
-0.65,0.14,-4.96
0.01,0.14,-5.0
0.66,0.14,-4.96
1.3,0.14,-4.83
1.92,0.14,-4.62
2.51,0.14,-4.33
3.05,0.14,-3.96
3.54,0.14,-3.53
3.97,0.14,-3.04
4.34,0.14,-2.49
4.62,0.14,-1.9
4.83,0.14,-1.28
4.96,0.14,-0.64
5.0,0.14,0.01
4.96,0.14,0.67
4.83,0.14,1.31
0.19,0.14,0.08
-0.41,0.14,-0.24
-0.43,0.14,-0.33
-0.41,0.14,-0.41
-0.35,0.14,-0.46
-0.27,0.14,-0.47
-0.17,0.14,-0.42
1.28,0.14,4.83
0.64,0.14,4.96
-0.02,0.14,5.0
-0.67,0.14,4.95
-1.31,0.14,4.82
-1.93,0.14,4.61
-2.52,0.14,4.32
-3.06,0.14,3.95
-3.55,0.14,3.52
-3.98,0.14,3.03
-4.34,0.14,2.48
-4.63,0.14,1.89
-4.84,0.14,1.27
-4.96,0.14,0.63
-5.0,0.12,0.0
-4.96,0.12,-0.65
-4.83,0.12,-1.3
0.33,0.12,0.14
0.36,0.12,0.21
0.35,0.12,0.27
0.31,0.12,0.31
0.26,0.12,0.34
0.19,0.12,0.33
-1.91,0.12,-4.62
-1.29,0.12,-4.83
-0.65,0.12,-4.96
0.01,0.12,-5.0
0.66,0.12,-4.96
1.3,0.12,-4.83
1.92,0.12,-4.62
2.51,0.12,-4.33
3.05,0.12,-3.96
3.54,0.12,-3.53
3.97,0.12,-3.04
4.34,0.12,-2.49
4.62,0.12,-1.9
4.83,0.12,-1.28
4.96,0.12,-0.64
5.0,0.12,0.01
4.96,0.12,0.67
4.83,0.12,1.31
0.23,0.12,0.1
0.19,0.12,0.11
-0.41,0.12,-0.32
-0.39,0.12,-0.39
-0.33,0.12,-0.44
-0.25,0.12,-0.44
1.9,0.12,4.63
1.28,0.12,4.83
0.64,0.12,4.96
-0.02,0.12,5.0
-0.67,0.12,4.95
-1.31,0.12,4.82
-1.93,0.12,4.61
-2.52,0.12,4.32
-3.06,0.12,3.95
-3.55,0.12,3.52
-3.98,0.12,3.03
-4.34,0.12,2.48
-4.63,0.12,1.89
-4.84,0.12,1.27
-4.96,0.12,0.63
-5.0,0.09,0.0
-4.96,0.09,-0.65
-4.83,0.09,-1.3
-4.62,0.09,-1.91
0.32,0.09,0.18
0.32,0.09,0.25
0.29,0.09,0.29
0.23,0.09,0.3
-0.19,0.09,-0.34
-1.91,0.09,-4.62
-1.29,0.09,-4.83
-0.65,0.09,-4.96
0.01,0.09,-5.0
0.66,0.09,-4.96
1.3,0.09,-4.83
1.92,0.09,-4.62
2.51,0.09,-4.33
3.05,0.09,-3.96
3.54,0.09,-3.53
3.97,0.09,-3.04
4.34,0.09,-2.49
4.62,0.09,-1.9
4.83,0.09,-1.28
4.96,0.09,-0.64
5.0,0.09,0.01
4.96,0.09,0.67
4.83,0.09,1.31
4.61,0.09,1.93
0.23,0.09,0.13
-0.36,0.09,-0.28
-0.36,0.09,-0.36
-0.31,0.09,-0.41
-0.22,0.09,-0.39
1.9,0.09,4.63
1.28,0.09,4.83
0.64,0.09,4.96
-0.02,0.09,5.0
-0.67,0.09,4.95
-1.31,0.09,4.82
-1.93,0.09,4.61
-2.52,0.09,4.32
-3.06,0.09,3.95
-3.55,0.09,3.52
-3.98,0.09,3.03
-4.34,0.09,2.48
-4.63,0.09,1.89
-4.84,0.09,1.27
-4.96,0.09,0.63
-5.0,0.07,0.0
-4.96,0.07,-0.65
-4.83,0.07,-1.3
-4.62,0.07,-1.91
-4.33,0.07,-2.5
-3.97,0.07,-3.05
-3.53,0.07,-3.54
-3.04,0.07,-3.97
-2.5,0.07,-4.33
-1.91,0.07,-4.62
-1.29,0.07,-4.83
-0.65,0.07,-4.96
0.01,0.07,-5.0
0.66,0.07,-4.96
1.3,0.07,-4.83
1.92,0.07,-4.62
2.51,0.07,-4.33
3.05,0.07,-3.96
3.54,0.07,-3.53
3.97,0.07,-3.04
4.34,0.07,-2.49
4.62,0.07,-1.9
4.83,0.07,-1.28
4.96,0.07,-0.64
5.0,0.07,0.01
4.96,0.07,0.67
4.83,0.07,1.31
4.61,0.07,1.93
4.32,0.07,2.51
3.96,0.07,3.06
3.52,0.07,3.55
3.03,0.07,3.98
2.49,0.07,4.34
1.9,0.07,4.63
1.28,0.07,4.83
0.64,0.07,4.96
-0.02,0.07,5.0
-0.67,0.07,4.95
-1.31,0.07,4.82
-1.93,0.07,4.61
-2.52,0.07,4.32
-3.06,0.07,3.95
-3.55,0.07,3.52
-3.98,0.07,3.03
-4.34,0.07,2.48
-4.63,0.07,1.89
-4.84,0.07,1.27
-4.96,0.07,0.63
-5.0,0.05,0.0
-4.96,0.05,-0.65
-4.83,0.05,-1.3
-4.62,0.05,-1.91
-4.33,0.05,-2.5
-3.97,0.05,-3.05
-3.53,0.05,-3.54
-3.04,0.05,-3.97
-2.5,0.05,-4.33
-1.91,0.05,-4.62
-1.29,0.05,-4.83
-0.65,0.05,-4.96
0.01,0.05,-5.0
0.66,0.05,-4.96
1.3,0.05,-4.83
1.92,0.05,-4.62
2.51,0.05,-4.33
3.05,0.05,-3.96
3.54,0.05,-3.53
3.97,0.05,-3.04
4.34,0.05,-2.49
4.62,0.05,-1.9
4.83,0.05,-1.28
4.96,0.05,-0.64
5.0,0.05,0.01
4.96,0.05,0.67
4.83,0.05,1.31
4.61,0.05,1.93
4.32,0.05,2.51
3.96,0.05,3.06
3.52,0.05,3.55
3.03,0.05,3.98
2.49,0.05,4.34
1.9,0.05,4.63
1.28,0.05,4.83
0.64,0.05,4.96
-0.02,0.05,5.0
-0.67,0.05,4.95
-1.31,0.05,4.82
-1.93,0.05,4.61
-2.52,0.05,4.32
-3.06,0.05,3.95
-3.55,0.05,3.52
-3.98,0.05,3.03
-4.34,0.05,2.48
-4.63,0.05,1.89
-4.84,0.05,1.27
-4.96,0.05,0.63
-5.0,0.02,0.0
-4.96,0.02,-0.65
-4.83,0.02,-1.3
-4.62,0.02,-1.91
-4.33,0.02,-2.5
-3.97,0.02,-3.05
-3.53,0.02,-3.54
-3.04,0.02,-3.97
-2.5,0.02,-4.33
-1.91,0.02,-4.62
-1.29,0.02,-4.83
-0.65,0.02,-4.96
0.01,0.02,-5.0
0.66,0.02,-4.96
1.3,0.02,-4.83
1.92,0.02,-4.62
2.51,0.02,-4.33
3.05,0.02,-3.96
3.54,0.02,-3.53
3.97,0.02,-3.04
4.34,0.02,-2.49
4.62,0.02,-1.9
4.83,0.02,-1.28
4.96,0.02,-0.64
5.0,0.02,0.01
4.96,0.02,0.67
4.83,0.02,1.31
4.61,0.02,1.93
4.32,0.02,2.51
3.96,0.02,3.06
3.52,0.02,3.55
3.03,0.02,3.98
2.49,0.02,4.34
1.9,0.02,4.63
1.28,0.02,4.83
0.64,0.02,4.96
-0.02,0.02,5.0
-0.67,0.02,4.95
-1.31,0.02,4.82
-1.93,0.02,4.61
-2.52,0.02,4.32
-3.06,0.02,3.95
-3.55,0.02,3.52
-3.98,0.02,3.03
-4.34,0.02,2.48
-4.63,0.02,1.89
