-4.96,1.82,-0.65
-4.83,1.82,-1.3
-4.62,1.82,-1.91
-4.33,1.82,-2.5
-3.97,1.82,-3.05
-3.53,1.82,-3.54
-3.04,1.82,-3.97
-2.5,1.82,-4.33
-1.91,1.82,-4.62
-1.29,1.82,-4.83
-0.65,1.82,-4.96
0.01,1.82,-5.0
0.66,1.82,-4.96
1.3,1.82,-4.83
1.92,1.82,-4.62
2.51,1.82,-4.33
3.05,1.82,-3.96
3.54,1.82,-3.53
3.97,1.82,-3.04
4.34,1.82,-2.49
4.62,1.82,-1.9
4.83,1.82,-1.28
4.96,1.82,-0.64
5.0,1.82,0.01
4.96,1.82,0.67
4.83,1.82,1.31
4.61,1.82,1.93
4.32,1.82,2.51
3.96,1.82,3.06
3.52,1.82,3.55
3.03,1.82,3.98
2.49,1.82,4.34
1.9,1.82,4.63
1.28,1.82,4.83
0.64,1.82,4.96
-0.02,1.82,5.0
-0.67,1.82,4.95
-1.31,1.82,4.82
-1.93,1.82,4.61
-2.52,1.82,4.32
-3.06,1.82,3.95
-3.55,1.82,3.52
-3.98,1.82,3.03
-4.34,1.82,2.48
-4.63,1.82,1.89
-4.84,1.82,1.27
-4.96,1.82,0.63
-5.0,1.8,0.0
-4.96,1.8,-0.65
-4.83,1.8,-1.3
-4.62,1.8,-1.91
-4.33,1.8,-2.5
-3.97,1.8,-3.05
-3.53,1.8,-3.54
-3.04,1.8,-3.97
-2.5,1.8,-4.33
-1.91,1.8,-4.62
-1.29,1.8,-4.83
-0.65,1.8,-4.96
0.01,1.8,-5.0
0.66,1.8,-4.96
1.3,1.8,-4.83
1.92,1.8,-4.62
2.51,1.8,-4.33
3.05,1.8,-3.96
3.54,1.8,-3.53
3.97,1.8,-3.04
4.34,1.8,-2.49
4.62,1.8,-1.9
4.83,1.8,-1.28
4.96,1.8,-0.64
5.0,1.8,0.01
4.96,1.8,0.67
4.83,1.8,1.31
4.61,1.8,1.93
4.32,1.8,2.51
3.96,1.8,3.06
3.52,1.8,3.55
3.03,1.8,3.98
2.49,1.8,4.34
1.9,1.8,4.63
1.28,1.8,4.83
0.64,1.8,4.96
-0.02,1.8,5.0
-0.67,1.8,4.95
-1.31,1.8,4.82
-1.93,1.8,4.61
-2.52,1.8,4.32
-3.06,1.8,3.95
-3.55,1.8,3.52
-3.98,1.8,3.03
-4.34,1.8,2.48
-4.63,1.8,1.89
-4.84,1.8,1.27
-4.96,1.8,0.63
-5.0,1.79,0.0
-4.96,1.79,-0.65
-4.83,1.79,-1.3
-4.62,1.79,-1.91
-4.33,1.79,-2.5
-3.97,1.79,-3.05
-3.53,1.79,-3.54
-3.04,1.79,-3.97
-2.5,1.79,-4.33
-1.91,1.79,-4.62
-1.29,1.79,-4.83
-0.65,1.79,-4.96
0.01,1.79,-5.0
0.66,1.79,-4.96
1.3,1.79,-4.83
1.92,1.79,-4.62
2.51,1.79,-4.33
3.05,1.79,-3.96
3.54,1.79,-3.53
3.97,1.79,-3.04
4.34,1.79,-2.49
4.62,1.79,-1.9
4.83,1.79,-1.28
4.96,1.79,-0.64
5.0,1.79,0.01
4.96,1.79,0.67
4.83,1.79,1.31
4.61,1.79,1.93
4.32,1.79,2.51
3.96,1.79,3.06
3.52,1.79,3.55
3.03,1.79,3.98
2.49,1.79,4.34
1.9,1.79,4.63
1.28,1.79,4.83
0.64,1.79,4.96
-0.02,1.79,5.0
-0.67,1.79,4.95
-1.31,1.79,4.82
-1.93,1.79,4.61
-2.52,1.79,4.32
-3.06,1.79,3.95
-3.55,1.79,3.52
-3.98,1.79,3.03
-4.34,1.79,2.48
-4.63,1.79,1.89
-4.84,1.79,1.27
-4.96,1.79,0.63
-5.0,1.77,0.0
-4.96,1.77,-0.65
-4.83,1.77,-1.3
-4.62,1.77,-1.91
-4.33,1.77,-2.5
-3.97,1.77,-3.05
-3.53,1.77,-3.54
-3.04,1.77,-3.97
-2.5,1.77,-4.33
-1.91,1.77,-4.62
-1.29,1.77,-4.83
-0.65,1.77,-4.96
0.01,1.77,-5.0
0.66,1.77,-4.96
1.3,1.77,-4.83
1.92,1.77,-4.62
2.51,1.77,-4.33
3.05,1.77,-3.96
3.54,1.77,-3.53
3.97,1.77,-3.04
4.34,1.77,-2.49
4.62,1.77,-1.9
4.83,1.77,-1.28
4.96,1.77,-0.64
5.0,1.77,0.01
4.96,1.77,0.67
4.83,1.77,1.31
4.61,1.77,1.93
4.32,1.77,2.51
3.96,1.77,3.06
3.52,1.77,3.55
3.03,1.77,3.98
2.49,1.77,4.34
1.9,1.77,4.63
1.28,1.77,4.83
0.64,1.77,4.96
-0.02,1.77,5.0
-0.67,1.77,4.95
-1.31,1.77,4.82
-1.93,1.77,4.61
-2.52,1.77,4.32
-3.06,1.77,3.95
-3.55,1.77,3.52
-3.98,1.77,3.03
-4.34,1.77,2.48
-4.63,1.77,1.89
-4.84,1.77,1.27
-4.96,1.77,0.63
-5.0,1.75,0.0
-4.96,1.75,-0.65
-4.83,1.75,-1.3
-4.62,1.75,-1.91
-4.33,1.75,-2.5
-3.97,1.75,-3.05
-3.53,1.75,-3.54
-3.04,1.75,-3.97
-2.5,1.75,-4.33
-1.91,1.75,-4.62
-1.29,1.75,-4.83
-0.65,1.75,-4.96
0.01,1.75,-5.0
0.66,1.75,-4.96
1.3,1.75,-4.83
1.92,1.75,-4.62
2.51,1.75,-4.33
3.05,1.75,-3.96
3.54,1.75,-3.53
3.97,1.75,-3.04
4.34,1.75,-2.49
4.62,1.75,-1.9
4.83,1.75,-1.28
4.96,1.75,-0.64
5.0,1.75,0.01
4.96,1.75,0.67
4.83,1.75,1.31
4.61,1.75,1.93
4.32,1.75,2.51
3.96,1.75,3.06
3.52,1.75,3.55
3.03,1.75,3.98
2.49,1.75,4.34
1.9,1.75,4.63
1.28,1.75,4.83
0.64,1.75,4.96
-0.02,1.75,5.0
-0.67,1.75,4.95
-1.31,1.75,4.82
-1.93,1.75,4.61
-2.52,1.75,4.32
-3.06,1.75,3.95
-3.55,1.75,3.52
-3.98,1.75,3.03
-4.34,1.75,2.48
-4.63,1.75,1.89
-4.84,1.75,1.27
-4.96,1.75,0.63
-5.0,1.73,0.0
-4.96,1.73,-0.65
-4.83,1.73,-1.3
-4.62,1.73,-1.91
-4.33,1.73,-2.5
-3.97,1.73,-3.05
-3.53,1.73,-3.54
-3.04,1.73,-3.97
-2.5,1.73,-4.33
-1.91,1.73,-4.62
-1.29,1.73,-4.83
-0.65,1.73,-4.96
0.01,1.73,-5.0
0.66,1.73,-4.96
1.3,1.73,-4.83
1.92,1.73,-4.62
2.51,1.73,-4.33
3.05,1.73,-3.96
3.54,1.73,-3.53
3.97,1.73,-3.04
4.34,1.73,-2.49
4.62,1.73,-1.9
4.83,1.73,-1.28
4.96,1.73,-0.64
5.0,1.73,0.01
4.96,1.73,0.67
4.83,1.73,1.31
4.61,1.73,1.93
4.32,1.73,2.51
3.96,1.73,3.06
3.52,1.73,3.55
3.03,1.73,3.98
2.49,1.73,4.34
1.9,1.73,4.63
1.28,1.73,4.83
0.64,1.73,4.96
-0.02,1.73,5.0
-0.67,1.73,4.95
-1.31,1.73,4.82
-1.93,1.73,4.61
-2.52,1.73,4.32
-3.06,1.73,3.95
-3.55,1.73,3.52
-3.98,1.73,3.03
-4.34,1.73,2.48
-4.63,1.73,1.89
-4.84,1.73,1.27
-4.96,1.73,0.63
-5.0,1.71,0.0
-4.96,1.71,-0.65
-4.83,1.71,-1.3
-4.62,1.71,-1.91
-4.33,1.71,-2.5
-3.97,1.71,-3.05
-3.53,1.71,-3.54
-3.04,1.71,-3.97
-2.5,1.71,-4.33
-1.91,1.71,-4.62
-1.29,1.71,-4.83
-0.65,1.71,-4.96
0.01,1.71,-5.0
0.66,1.71,-4.96
1.3,1.71,-4.83
1.92,1.71,-4.62
2.51,1.71,-4.33
3.05,1.71,-3.96
3.54,1.71,-3.53
3.97,1.71,-3.04
4.34,1.71,-2.49
4.62,1.71,-1.9
4.83,1.71,-1.28
4.96,1.71,-0.64
5.0,1.71,0.01
4.96,1.71,0.67
4.83,1.71,1.31
4.61,1.71,1.93
4.32,1.71,2.51
3.96,1.71,3.06
3.52,1.71,3.55
3.03,1.71,3.98
2.49,1.71,4.34
1.9,1.71,4.63
1.28,1.71,4.83
0.64,1.71,4.96
-0.02,1.71,5.0
-0.67,1.71,4.95
-1.31,1.71,4.82
-1.93,1.71,4.61
-2.52,1.71,4.32
-3.06,1.71,3.95
-3.55,1.71,3.52
-3.98,1.71,3.03
-4.34,1.71,2.48
-4.63,1.71,1.89
-4.84,1.71,1.27
-4.96,1.71,0.63
-5.0,1.7,0.0
-4.96,1.7,-0.65
-4.83,1.7,-1.3
-4.62,1.7,-1.91
-4.33,1.7,-2.5
-3.97,1.7,-3.05
-3.53,1.7,-3.54
-3.04,1.7,-3.97
-2.5,1.7,-4.33
-1.91,1.7,-4.62
-1.29,1.7,-4.83
-0.65,1.7,-4.96
0.01,1.7,-5.0
0.66,1.7,-4.96
1.3,1.7,-4.83
1.92,1.7,-4.62
2.51,1.7,-4.33
3.05,1.7,-3.96
3.54,1.7,-3.53
3.97,1.7,-3.04
4.34,1.7,-2.49
4.62,1.7,-1.9
4.83,1.7,-1.28
4.96,1.7,-0.64
5.0,1.7,0.01
4.96,1.7,0.67
4.83,1.7,1.31
4.61,1.7,1.93
4.32,1.7,2.51
3.96,1.7,3.06
3.52,1.7,3.55
3.03,1.7,3.98
2.49,1.7,4.34
1.9,1.7,4.63
1.28,1.7,4.83
0.64,1.7,4.96
-0.02,1.7,5.0
-0.67,1.7,4.95
-1.31,1.7,4.82
-1.93,1.7,4.61
-2.52,1.7,4.32
-3.06,1.7,3.95
-3.55,1.7,3.52
-3.98,1.7,3.03
-4.34,1.7,2.48
-4.63,1.7,1.89
-4.84,1.7,1.27
-4.96,1.7,0.63
-5.0,1.68,0.0
-4.96,1.68,-0.65
-4.83,1.68,-1.3
-4.62,1.68,-1.91
-4.33,1.68,-2.5
-3.97,1.68,-3.05
-3.53,1.68,-3.54
-3.04,1.68,-3.97
-2.5,1.68,-4.33
-1.91,1.68,-4.62
-1.29,1.68,-4.83
-0.65,1.68,-4.96
0.01,1.68,-5.0
0.66,1.68,-4.96
1.3,1.68,-4.83
1.92,1.68,-4.62
2.51,1.68,-4.33
3.05,1.68,-3.96
3.54,1.68,-3.53
3.97,1.68,-3.04
4.34,1.68,-2.49
4.62,1.68,-1.9
4.83,1.68,-1.28
4.96,1.68,-0.64
5.0,1.68,0.01
4.96,1.68,0.67
4.83,1.68,1.31
4.61,1.68,1.93
4.32,1.68,2.51
3.96,1.68,3.06
3.52,1.68,3.55
3.03,1.68,3.98
2.49,1.68,4.34
1.9,1.68,4.63
1.28,1.68,4.83
0.64,1.68,4.96
-0.02,1.68,5.0
-0.67,1.68,4.95
-1.31,1.68,4.82
-1.93,1.68,4.61
-2.52,1.68,4.32
-3.06,1.68,3.95
-3.55,1.68,3.52
-3.98,1.68,3.03
-4.34,1.68,2.48
-4.63,1.68,1.89
-4.84,1.68,1.27
-4.96,1.68,0.63
-5.0,1.66,0.0
-4.96,1.66,-0.65
-4.83,1.66,-1.3
-4.62,1.66,-1.91
-4.33,1.66,-2.5
-3.97,1.66,-3.05
-3.53,1.66,-3.54
-3.04,1.66,-3.97
-2.5,1.66,-4.33
-1.91,1.66,-4.62
-1.29,1.66,-4.83
-0.65,1.66,-4.96
0.01,1.66,-5.0
0.66,1.66,-4.96
1.3,1.66,-4.83
1.92,1.66,-4.62
2.51,1.66,-4.33
3.05,1.66,-3.96
3.54,1.66,-3.53
3.97,1.66,-3.04
4.34,1.66,-2.49
4.62,1.66,-1.9
4.83,1.66,-1.28
4.96,1.66,-0.64
5.0,1.66,0.01
4.96,1.66,0.67
4.83,1.66,1.31
4.61,1.66,1.93
4.32,1.66,2.51
3.96,1.66,3.06
3.52,1.66,3.55
3.03,1.66,3.98
2.49,1.66,4.34
1.9,1.66,4.63
1.28,1.66,4.83
0.64,1.66,4.96
-0.02,1.66,5.0
-0.67,1.66,4.95
-1.31,1.66,4.82
-1.93,1.66,4.61
-2.52,1.66,4.32
-3.06,1.66,3.95
-3.55,1.66,3.52
-3.98,1.66,3.03
-4.34,1.66,2.48
-4.63,1.66,1.89
-4.84,1.66,1.27
-4.96,1.66,0.63
-5.0,1.64,0.0
-4.96,1.64,-0.65
-4.83,1.64,-1.3
-4.62,1.64,-1.91
-4.33,1.64,-2.5
-3.97,1.64,-3.05
-3.53,1.64,-3.54
-3.04,1.64,-3.97
-2.5,1.64,-4.33
-1.91,1.64,-4.62
-1.29,1.64,-4.83
-0.65,1.64,-4.96
0.01,1.64,-5.0
0.66,1.64,-4.96
1.3,1.64,-4.83
1.92,1.64,-4.62
2.51,1.64,-4.33
3.05,1.64,-3.96
3.54,1.64,-3.53
3.97,1.64,-3.04
4.34,1.64,-2.49
4.62,1.64,-1.9
4.83,1.64,-1.28
4.96,1.64,-0.64
5.0,1.64,0.01
4.96,1.64,0.67
4.83,1.64,1.31
4.61,1.64,1.93
4.32,1.64,2.51
3.96,1.64,3.06
3.52,1.64,3.55
3.03,1.64,3.98
2.49,1.64,4.34
1.9,1.64,4.63
1.28,1.64,4.83
0.64,1.64,4.96
-0.02,1.64,5.0
-0.67,1.64,4.95
-1.31,1.64,4.82
-1.93,1.64,4.61
-2.52,1.64,4.32
-3.06,1.64,3.95
-3.55,1.64,3.52
-3.98,1.64,3.03
-4.34,1.64,2.48
-4.63,1.64,1.89
-4.84,1.64,1.27
-4.96,1.64,0.63
-5.0,1.62,0.0
-4.96,1.62,-0.65
-4.83,1.62,-1.3
-4.62,1.62,-1.91
-4.33,1.62,-2.5
-3.97,1.62,-3.05
-3.53,1.62,-3.54
-3.04,1.62,-3.97
-2.5,1.62,-4.33
-1.91,1.62,-4.62
-1.29,1.62,-4.83
-0.65,1.62,-4.96
0.01,1.62,-5.0
0.66,1.62,-4.96
1.3,1.62,-4.83
1.92,1.62,-4.62
2.51,1.62,-4.33
3.05,1.62,-3.96
3.54,1.62,-3.53
3.97,1.62,-3.04
4.34,1.62,-2.49
4.62,1.62,-1.9
4.83,1.62,-1.28
4.96,1.62,-0.64
5.0,1.62,0.01
4.96,1.62,0.67
4.83,1.62,1.31
4.61,1.62,1.93
4.32,1.62,2.51
3.96,1.62,3.06
3.52,1.62,3.55
3.03,1.62,3.98
2.49,1.62,4.34
1.9,1.62,4.63
1.28,1.62,4.83
0.64,1.62,4.96
-0.02,1.62,5.0
-0.67,1.62,4.95
-1.31,1.62,4.82
-1.93,1.62,4.61
-2.52,1.62,4.32
-3.06,1.62,3.95
-3.55,1.62,3.52
-3.98,1.62,3.03
-4.34,1.62,2.48
-4.63,1.62,1.89
-4.84,1.62,1.27
-4.96,1.62,0.63
-5.0,1.6,0.0
-4.96,1.6,-0.65
-4.83,1.6,-1.3
-4.62,1.6,-1.91
-4.33,1.6,-2.5
-3.97,1.6,-3.05
-3.53,1.6,-3.54
-3.04,1.6,-3.97
-2.5,1.6,-4.33
-1.91,1.6,-4.62
-1.29,1.6,-4.83
-0.65,1.6,-4.96
0.01,1.6,-5.0
0.66,1.6,-4.96
1.3,1.6,-4.83
1.92,1.6,-4.62
2.51,1.6,-4.33
3.05,1.6,-3.96
3.54,1.6,-3.53
3.97,1.6,-3.04
4.34,1.6,-2.49
4.62,1.6,-1.9
4.83,1.6,-1.28
4.96,1.6,-0.64
5.0,1.6,0.01
4.96,1.6,0.67
4.83,1.6,1.31
4.61,1.6,1.93
4.32,1.6,2.51
3.96,1.6,3.06
3.52,1.6,3.55
3.03,1.6,3.98
2.49,1.6,4.34
1.9,1.6,4.63
1.28,1.6,4.83
0.64,1.6,4.96
-0.02,1.6,5.0
-0.67,1.6,4.95
-1.31,1.6,4.82
-1.93,1.6,4.61
-2.52,1.6,4.32
-3.06,1.6,3.95
-3.55,1.6,3.52
-3.98,1.6,3.03
-4.34,1.6,2.48
-4.63,1.6,1.89
-4.84,1.6,1.27
-4.96,1.6,0.63
-0.07,1.59,-0.0
-4.96,1.59,-0.65
-4.83,1.59,-1.3
-4.62,1.59,-1.91
-4.33,1.59,-2.5
-3.97,1.59,-3.05
-3.53,1.59,-3.54
-3.04,1.59,-3.97
-2.5,1.59,-4.33
-1.91,1.59,-4.62
-1.29,1.59,-4.83
-0.65,1.59,-4.96
0.01,1.59,-5.0
0.66,1.59,-4.96
1.3,1.59,-4.83
1.92,1.59,-4.62
2.51,1.59,-4.33
3.05,1.59,-3.96
3.54,1.59,-3.53
3.97,1.59,-3.04
4.34,1.59,-2.49
-0.09,1.59,0.04
-0.1,1.59,0.03
-0.11,1.59,0.01
-0.1,1.59,-0.0
4.96,1.59,0.67
4.83,1.59,1.31
4.61,1.59,1.93
4.32,1.59,2.51
3.96,1.59,3.06
3.52,1.59,3.55
3.03,1.59,3.98
2.49,1.59,4.34
1.9,1.59,4.63
1.28,1.59,4.83
0.64,1.59,4.96
-0.02,1.59,5.0
-0.67,1.59,4.95
-1.31,1.59,4.82
-1.93,1.59,4.61
-2.52,1.59,4.32
-3.06,1.59,3.95
-3.55,1.59,3.52
-3.98,1.59,3.03
-4.34,1.59,2.48
-0.07,1.59,0.03
-0.07,1.59,0.02
-0.06,1.59,0.01
-0.01,1.57,-0.0
-0.01,1.57,-0.0
-0.01,1.57,-0.0
-0.01,1.57,-0.0
-0.01,1.57,-0.01
-0.01,1.57,-0.01
-0.02,1.57,-0.02
-0.02,1.57,-0.03
-2.5,1.57,-4.33
-1.91,1.57,-4.62
-1.29,1.57,-4.83
-0.65,1.57,-4.96
0.01,1.57,-5.0
0.66,1.57,-4.96
1.3,1.57,-4.83
-0.03,1.57,0.06
-0.05,1.57,0.08
-0.07,1.57,0.09
-0.09,1.57,0.09
-0.11,1.57,0.09
-0.13,1.57,0.08
-0.15,1.57,0.06
-0.16,1.57,0.04
-0.16,1.57,0.02
-0.16,1.57,-0.0
-0.15,1.57,-0.02
-0.14,1.57,-0.04
-0.12,1.57,-0.05
-0.1,1.57,-0.06
-0.08,1.57,-0.06
-0.05,1.57,-0.06
-0.03,1.57,-0.03
2.49,1.57,4.34
1.9,1.57,4.63
1.28,1.57,4.83
0.64,1.57,4.96
-0.02,1.57,5.0
-0.67,1.57,4.95
-1.31,1.57,4.82
-0.01,1.57,0.02
-0.01,1.57,0.02
-0.01,1.57,0.01
-0.01,1.57,0.01
-0.01,1.57,0.01
-0.01,1.57,0.01
-0.01,1.57,0.0
-0.01,1.57,0.0
-0.01,1.57,0.0
0.02,1.55,0.0
0.02,1.55,0.0
0.02,1.55,0.0
0.02,1.55,0.01
0.02,1.55,0.01
0.02,1.55,0.01
0.02,1.55,0.02
0.02,1.55,0.02
0.02,1.55,0.03
0.02,1.55,0.04
0.01,1.55,0.05
0.01,1.55,0.06
-0.0,1.55,0.07
-0.01,1.55,0.09
-0.03,1.55,0.1
-0.05,1.55,0.11
-0.07,1.55,0.12
-0.09,1.55,0.12
-0.11,1.55,0.11
-0.14,1.55,0.1
-0.16,1.55,0.09
-0.17,1.55,0.07
-0.18,1.55,0.05
-0.19,1.55,0.02
-0.19,1.55,-0.0
-0.18,1.55,-0.02
-0.17,1.55,-0.05
-0.15,1.55,-0.06
-0.13,1.55,-0.08
-0.11,1.55,-0.09
-0.09,1.55,-0.09
-0.07,1.55,-0.09
-0.05,1.55,-0.08
-0.03,1.55,-0.07
-0.02,1.55,-0.06
-0.01,1.55,-0.05
0.0,1.55,-0.04
0.0,1.55,-0.04
0.01,1.55,-0.03
0.01,1.55,-0.02
0.01,1.55,-0.02
0.01,1.55,-0.02
0.01,1.55,-0.01
0.01,1.55,-0.01
0.01,1.55,-0.01
0.02,1.55,-0.01
0.02,1.55,-0.0
0.02,1.55,-0.0
0.03,1.53,-0.0
0.04,1.53,0.0
0.04,1.53,0.01
0.04,1.53,0.01
0.04,1.53,0.02
0.04,1.53,0.03
0.03,1.53,0.03
0.03,1.53,0.04
0.03,1.53,0.05
0.03,1.53,0.06
0.02,1.53,0.07
0.01,1.53,0.09
-0.0,1.53,0.1
-0.02,1.53,0.11
-0.03,1.53,0.12
-0.05,1.53,0.13
-0.08,1.53,0.14
-0.1,1.53,0.13
-0.13,1.53,0.13
-0.15,1.53,0.12
-0.17,1.53,0.1
-0.19,1.53,0.08
-0.2,1.53,0.05
-0.21,1.53,0.03
-0.21,1.53,-0.0
-0.2,1.53,-0.03
-0.19,1.53,-0.05
-0.17,1.53,-0.07
-0.15,1.53,-0.09
-0.13,1.53,-0.1
-0.1,1.53,-0.11
-0.08,1.53,-0.11
-0.06,1.53,-0.1
-0.04,1.53,-0.1
-0.02,1.53,-0.09
-0.01,1.53,-0.08
0.0,1.53,-0.07
0.01,1.53,-0.06
0.01,1.53,-0.05
0.02,1.53,-0.05
0.02,1.53,-0.04
0.03,1.53,-0.03
0.03,1.53,-0.03
0.03,1.53,-0.02
0.03,1.53,-0.02
0.03,1.53,-0.01
0.03,1.53,-0.01
0.03,1.53,-0.0
0.05,1.51,-0.0
0.05,1.51,0.01
0.05,1.51,0.01
0.05,1.51,0.02
0.05,1.51,0.03
0.05,1.51,0.04
0.05,1.51,0.05
0.04,1.51,0.06
0.04,1.51,0.07
0.03,1.51,0.08
0.02,1.51,0.09
0.01,1.51,0.11
-0.0,1.51,0.12
-0.02,1.51,0.13
-0.04,1.51,0.14
-0.06,1.51,0.15
-0.09,1.51,0.15
-0.11,1.51,0.15
-0.14,1.51,0.14
-0.16,1.51,0.12
-0.18,1.51,0.11
-0.2,1.51,0.08
-0.21,1.51,0.06
-0.22,1.51,0.03
-0.22,1.51,-0.0
-0.21,1.51,-0.03
-0.2,1.51,-0.05
-0.19,1.51,-0.08
-0.16,1.51,-0.1
-0.14,1.51,-0.11
-0.12,1.51,-0.12
-0.09,1.51,-0.12
-0.07,1.51,-0.12
-0.05,1.51,-0.12
-0.03,1.51,-0.11
-0.01,1.51,-0.1
0.0,1.51,-0.09
0.01,1.51,-0.08
0.02,1.51,-0.07
0.03,1.51,-0.06
0.03,1.51,-0.05
0.04,1.51,-0.05
0.04,1.51,-0.04
0.04,1.51,-0.03
0.04,1.51,-0.02
0.05,1.51,-0.02
0.05,1.51,-0.01
0.05,1.51,-0.01
0.06,1.49,0.0
0.06,1.49,0.01
0.06,1.49,0.02
0.06,1.49,0.02
0.06,1.49,0.03
0.06,1.49,0.04
0.05,1.49,0.05
0.05,1.49,0.07
0.04,1.49,0.08
0.04,1.49,0.09
0.03,1.49,0.1
0.02,1.49,0.12
-0.0,1.49,0.13
-0.02,1.49,0.14
-0.04,1.49,0.15
-0.07,1.49,0.16
-0.09,1.49,0.16
-0.12,1.49,0.16
-0.15,1.49,0.15
-0.17,1.49,0.13
-0.19,1.49,0.11
-0.21,1.49,0.09
-0.22,1.49,0.06
-0.23,1.49,0.03
-0.23,1.49,-0.0
-0.22,1.49,-0.03
-0.21,1.49,-0.06
-0.2,1.49,-0.08
-0.17,1.49,-0.1
-0.15,1.49,-0.12
-0.12,1.49,-0.13
-0.1,1.49,-0.13
-0.07,1.49,-0.13
-0.05,1.49,-0.13
-0.03,1.49,-0.12
-0.01,1.49,-0.11
0.0,1.49,-0.1
0.01,1.49,-0.09
0.02,1.49,-0.08
0.03,1.49,-0.07
0.04,1.49,-0.06
0.04,1.49,-0.05
0.05,1.49,-0.05
0.05,1.49,-0.04
0.05,1.49,-0.03
0.05,1.49,-0.02
0.06,1.49,-0.01
0.06,1.49,-0.01
0.07,1.48,-0.0
0.07,1.48,0.01
0.07,1.48,0.02
0.07,1.48,0.03
0.06,1.48,0.04
0.06,1.48,0.05
0.06,1.48,0.06
0.06,1.48,0.07
0.05,1.48,0.08
0.04,1.48,0.1
0.03,1.48,0.11
0.02,1.48,0.13
-0.0,1.48,0.14
-0.02,1.48,0.15
-0.04,1.48,0.16
-0.07,1.48,0.17
-0.1,1.48,0.17
-0.12,1.48,0.16
-0.15,1.48,0.15
-0.18,1.48,0.14
-0.2,1.48,0.11
-0.22,1.48,0.09
-0.23,1.48,0.06
-0.24,1.48,0.03
-0.24,1.48,-0.0
-0.23,1.48,-0.03
-0.22,1.48,-0.06
-0.2,1.48,-0.08
-0.18,1.48,-0.11
-0.16,1.48,-0.12
-0.13,1.48,-0.13
-0.1,1.48,-0.14
-0.08,1.48,-0.14
-0.06,1.48,-0.13
-0.03,1.48,-0.13
-0.02,1.48,-0.12
0.0,1.48,-0.11
0.01,1.48,-0.1
0.02,1.48,-0.09
0.03,1.48,-0.08
0.04,1.48,-0.07
0.05,1.48,-0.06
0.05,1.48,-0.05
0.06,1.48,-0.04
0.06,1.48,-0.03
0.06,1.48,-0.03
0.06,1.48,-0.02
0.06,1.48,-0.01
0.07,1.46,0.0
0.07,1.46,0.01
0.07,1.46,0.02
0.07,1.46,0.03
0.07,1.46,0.04
0.07,1.46,0.05
0.06,1.46,0.06
0.06,1.46,0.08
0.05,1.46,0.09
0.04,1.46,0.1
0.03,1.46,0.12
0.02,1.46,0.13
-0.0,1.46,0.15
-0.02,1.46,0.16
-0.04,1.46,0.17
-0.07,1.46,0.17
-0.1,1.46,0.17
-0.13,1.46,0.17
-0.16,1.46,0.15
-0.18,1.46,0.14
-0.2,1.46,0.12
-0.22,1.46,0.09
-0.24,1.46,0.06
-0.24,1.46,0.03
-0.25,1.46,-0.0
-0.24,1.46,-0.03
-0.23,1.46,-0.06
-0.21,1.46,-0.09
-0.19,1.46,-0.11
-0.16,1.46,-0.13
-0.14,1.46,-0.14
-0.11,1.46,-0.14
-0.08,1.46,-0.14
-0.06,1.46,-0.14
-0.04,1.46,-0.13
-0.02,1.46,-0.13
0.0,1.46,-0.12
0.01,1.46,-0.11
0.03,1.46,-0.1
0.04,1.46,-0.09
0.04,1.46,-0.07
0.05,1.46,-0.06
0.06,1.46,-0.05
0.06,1.46,-0.05
0.06,1.46,-0.04
0.07,1.46,-0.03
0.07,1.46,-0.02
0.07,1.46,-0.01
0.07,1.44,0.0
0.07,1.44,0.01
0.07,1.44,0.02
0.07,1.44,0.03
0.07,1.44,0.04
0.07,1.44,0.05
0.07,1.44,0.07
0.06,1.44,0.08
0.05,1.44,0.09
0.04,1.44,0.11
0.03,1.44,0.12
0.02,1.44,0.14
-0.0,1.44,0.15
-0.02,1.44,0.16
-0.05,1.44,0.17
-0.07,1.44,0.17
-0.1,1.44,0.17
-0.13,1.44,0.17
-0.16,1.44,0.16
-0.18,1.44,0.14
-0.21,1.44,0.12
-0.23,1.44,0.09
-0.24,1.44,0.06
-0.25,1.44,0.03
-0.25,1.44,-0.0
-0.25,1.44,-0.03
-0.24,1.44,-0.06
-0.22,1.44,-0.09
-0.2,1.44,-0.11
-0.17,1.44,-0.13
-0.14,1.44,-0.14
-0.11,1.44,-0.15
-0.08,1.44,-0.15
-0.06,1.44,-0.14
-0.04,1.44,-0.14
-0.02,1.44,-0.13
0.0,1.44,-0.12
0.01,1.44,-0.11
0.03,1.44,-0.1
0.04,1.44,-0.09
0.04,1.44,-0.08
0.05,1.44,-0.07
0.06,1.44,-0.06
0.06,1.44,-0.05
0.07,1.44,-0.04
0.07,1.44,-0.03
0.07,1.44,-0.02
0.07,1.44,-0.01
0.07,1.42,0.0
0.07,1.42,0.01
0.07,1.42,0.02
0.07,1.42,0.03
0.07,1.42,0.04
0.07,1.42,0.05
0.07,1.42,0.07
0.06,1.42,0.08
0.05,1.42,0.09
0.04,1.42,0.11
0.03,1.42,0.12
0.02,1.42,0.14
-0.0,1.42,0.15
-0.02,1.42,0.16
-0.05,1.42,0.17
-0.07,1.42,0.17
-0.1,1.42,0.17
-0.13,1.42,0.17
-0.16,1.42,0.16
-0.18,1.42,0.14
-0.21,1.42,0.12
-0.23,1.42,0.09
-0.24,1.42,0.07
-0.26,1.42,0.03
-0.26,1.42,-0.0
-0.26,1.42,-0.03
-0.25,1.42,-0.07
-0.23,1.42,-0.09
-0.2,1.42,-0.12
-0.18,1.42,-0.14
-0.15,1.42,-0.15
-0.12,1.42,-0.15
-0.09,1.42,-0.15
-0.06,1.42,-0.15
-0.04,1.42,-0.14
-0.02,1.42,-0.13
0.0,1.42,-0.12
0.01,1.42,-0.11
0.03,1.42,-0.1
0.04,1.42,-0.09
0.05,1.42,-0.08
0.05,1.42,-0.07
0.06,1.42,-0.06
0.06,1.42,-0.05
0.07,1.42,-0.04
0.07,1.42,-0.03
0.07,1.42,-0.02
0.07,1.42,-0.01
0.07,1.4,-0.0
0.07,1.4,0.01
0.07,1.4,0.02
0.07,1.4,0.03
0.07,1.4,0.04
0.07,1.4,0.05
0.06,1.4,0.06
0.06,1.4,0.08
0.05,1.4,0.09
0.04,1.4,0.11
0.03,1.4,0.12
0.02,1.4,0.13
-0.0,1.4,0.15
-0.02,1.4,0.16
-0.05,1.4,0.17
-0.07,1.4,0.17
-0.1,1.4,0.17
-0.13,1.4,0.17
-0.16,1.4,0.16
-0.18,1.4,0.14
-0.21,1.4,0.12
-0.23,1.4,0.1
-0.25,1.4,0.07
-0.26,1.4,0.03
-0.27,1.4,-0.0
-0.26,1.4,-0.04
-0.25,1.4,-0.07
-0.24,1.4,-0.1
-0.21,1.4,-0.12
-0.18,1.4,-0.14
-0.15,1.4,-0.15
-0.12,1.4,-0.16
-0.09,1.4,-0.16
-0.06,1.4,-0.15
-0.04,1.4,-0.14
-0.02,1.4,-0.13
0.0,1.4,-0.12
0.01,1.4,-0.11
0.03,1.4,-0.1
0.04,1.4,-0.09
0.04,1.4,-0.08
0.05,1.4,-0.07
0.06,1.4,-0.06
0.06,1.4,-0.05
0.06,1.4,-0.04
0.07,1.4,-0.03
0.07,1.4,-0.02
0.07,1.4,-0.01
0.07,1.39,-0.0
0.07,1.39,0.01
0.07,1.39,0.02
0.07,1.39,0.03
0.07,1.39,0.04
0.06,1.39,0.05
0.06,1.39,0.06
0.06,1.39,0.07
0.05,1.39,0.09
0.04,1.39,0.1
0.03,1.39,0.12
0.02,1.39,0.13
-0.0,1.39,0.14
-0.02,1.39,0.15
-0.04,1.39,0.16
-0.07,1.39,0.17
-0.1,1.39,0.17
-0.13,1.39,0.16
-0.16,1.39,0.16
-0.18,1.39,0.14
-0.21,1.39,0.12
-0.23,1.39,0.1
-0.25,1.39,0.07
-0.27,1.39,0.03
-0.27,1.39,-0.0
-0.27,1.39,-0.04
-0.26,1.39,-0.07
-0.24,1.39,-0.1
-0.22,1.39,-0.13
-0.19,1.39,-0.15
-0.16,1.39,-0.16
-0.12,1.39,-0.16
-0.09,1.39,-0.16
-0.06,1.39,-0.15
-0.04,1.39,-0.14
-0.02,1.39,-0.13
0.0,1.39,-0.12
0.01,1.39,-0.11
0.03,1.39,-0.1
0.04,1.39,-0.08
0.04,1.39,-0.07
0.05,1.39,-0.06
0.05,1.39,-0.05
0.06,1.39,-0.04
0.06,1.39,-0.03
0.06,1.39,-0.03
0.07,1.39,-0.02
0.07,1.39,-0.01
0.06,1.37,0.0
0.06,1.37,0.01
0.06,1.37,0.02
0.06,1.37,0.03
0.06,1.37,0.04
0.06,1.37,0.05
0.06,1.37,0.06
0.05,1.37,0.07
0.05,1.37,0.08
0.04,1.37,0.09
0.03,1.37,0.11
0.02,1.37,0.12
-0.0,1.37,0.14
-0.02,1.37,0.15
-0.04,1.37,0.16
-0.07,1.37,0.16
-0.1,1.37,0.16
-0.12,1.37,0.16
-0.15,1.37,0.15
-0.18,1.37,0.14
-0.21,1.37,0.12
-0.24,1.37,0.1
-0.26,1.37,0.07
-0.27,1.37,0.04
-0.28,1.37,-0.0
-0.28,1.37,-0.04
-0.26,1.37,-0.07
-0.25,1.37,-0.1
-0.22,1.37,-0.13
-0.19,1.37,-0.15
-0.16,1.37,-0.16
-0.13,1.37,-0.17
-0.09,1.37,-0.16
-0.06,1.37,-0.16
-0.04,1.37,-0.15
-0.02,1.37,-0.13
0.0,1.37,-0.12
0.01,1.37,-0.11
0.03,1.37,-0.09
0.03,1.37,-0.08
0.04,1.37,-0.07
0.05,1.37,-0.06
0.05,1.37,-0.05
0.05,1.37,-0.04
0.06,1.37,-0.03
0.06,1.37,-0.02
0.06,1.37,-0.02
0.06,1.37,-0.01
0.06,1.35,-0.0
0.06,1.35,0.01
0.06,1.35,0.01
0.05,1.35,0.02
0.05,1.35,0.03
0.05,1.35,0.04
0.05,1.35,0.05
0.05,1.35,0.06
0.04,1.35,0.07
0.04,1.35,0.08
0.03,1.35,0.1
0.01,1.35,0.11
-0.0,1.35,0.13
-0.02,1.35,0.14
-0.04,1.35,0.15
-0.06,1.35,0.16
-0.09,1.35,0.16
-0.12,1.35,0.16
-0.15,1.35,0.15
-0.18,1.35,0.14
-0.21,1.35,0.12
-0.24,1.35,0.1
-0.26,1.35,0.07
-0.27,1.35,0.04
-0.28,1.35,-0.0
-0.28,1.35,-0.04
-0.27,1.35,-0.07
-0.25,1.35,-0.1
-0.22,1.35,-0.13
-0.2,1.35,-0.15
-0.16,1.35,-0.16
-0.13,1.35,-0.17
-0.1,1.35,-0.17
-0.07,1.35,-0.16
-0.04,1.35,-0.15
-0.02,1.35,-0.13
0.0,1.35,-0.12
0.01,1.35,-0.1
0.02,1.35,-0.09
0.03,1.35,-0.08
0.04,1.35,-0.07
0.04,1.35,-0.05
0.05,1.35,-0.05
0.05,1.35,-0.04
0.05,1.35,-0.03
0.05,1.35,-0.02
0.05,1.35,-0.01
0.05,1.35,-0.01
0.05,1.33,0.0
0.05,1.33,0.01
0.05,1.33,0.01
0.05,1.33,0.02
0.05,1.33,0.03
0.05,1.33,0.03
0.04,1.33,0.04
0.04,1.33,0.05
0.04,1.33,0.06
0.03,1.33,0.07
0.02,1.33,0.09
0.01,1.33,0.1
-0.0,1.33,0.11
-0.02,1.33,0.13
-0.04,1.33,0.14
-0.06,1.33,0.15
-0.09,1.33,0.15
-0.12,1.33,0.15
-0.15,1.33,0.15
-0.18,1.33,0.14
-0.21,1.33,0.12
-0.24,1.33,0.1
-0.26,1.33,0.07
-0.27,1.33,0.04
-0.28,1.33,-0.0
-0.28,1.33,-0.04
-0.27,1.33,-0.07
-0.25,1.33,-0.1
-0.22,1.33,-0.13
-0.2,1.33,-0.15
-0.16,1.33,-0.16
-0.13,1.33,-0.17
-0.1,1.33,-0.17
-0.07,1.33,-0.16
-0.04,1.33,-0.15
-0.02,1.33,-0.13
0.0,1.33,-0.11
0.01,1.33,-0.1
0.02,1.33,-0.08
0.03,1.33,-0.07
0.04,1.33,-0.06
0.04,1.33,-0.05
0.04,1.33,-0.04
0.04,1.33,-0.03
0.05,1.33,-0.03
0.05,1.33,-0.02
0.05,1.33,-0.01
0.05,1.33,-0.01
0.04,1.31,0.0
0.41,1.31,0.05
0.04,1.31,0.01
0.04,1.31,0.02
0.04,1.31,0.02
0.04,1.31,0.03
0.04,1.31,0.04
0.03,1.31,0.04
0.03,1.31,0.05
0.03,1.31,0.06
0.02,1.31,0.08
0.01,1.31,0.09
-0.0,1.31,0.1
-0.02,1.31,0.12
-0.03,1.31,0.13
-0.06,1.31,0.14
-0.09,1.31,0.15
-0.12,1.31,0.15
-0.15,1.31,0.15
-0.18,1.31,0.14
-0.21,1.31,0.12
-0.24,1.31,0.1
-0.26,1.31,0.07
-0.27,1.31,0.04
-0.28,1.31,-0.0
-0.28,1.31,-0.04
-0.27,1.31,-0.07
-0.25,1.31,-0.1
-0.22,1.31,-0.13
-0.19,1.31,-0.15
-0.16,1.31,-0.16
-0.13,1.31,-0.17
-0.09,1.31,-0.17
-0.06,1.31,-0.16
-0.04,1.31,-0.14
-0.02,1.31,-0.13
0.0,1.31,-0.11
0.01,1.31,-0.09
0.02,1.31,-0.08
0.03,1.31,-0.07
0.03,1.31,-0.06
0.04,1.31,-0.05
0.04,1.31,-0.04
0.04,1.31,-0.03
0.04,1.31,-0.02
0.04,1.31,-0.02
0.04,1.31,-0.01
0.04,1.31,-0.01
0.03,1.29,-0.0
0.42,1.29,0.06
0.27,1.29,0.07
0.23,1.29,0.09
0.16,1.29,0.09
0.13,1.29,0.1
0.1,1.29,0.1
0.08,1.29,0.1
0.06,1.29,0.1
0.04,1.29,0.11
0.03,1.29,0.11
0.01,1.29,0.11
-0.0,1.29,0.11
-0.01,1.29,0.11
-0.03,1.29,0.12
-0.05,1.29,0.13
-0.08,1.29,0.14
-0.11,1.29,0.14
-0.14,1.29,0.14
-0.18,1.29,0.13
-0.21,1.29,0.12
-0.23,1.29,0.1
-0.25,1.29,0.07
-0.27,1.29,0.03
-0.27,1.29,-0.0
-0.27,1.29,-0.04
-0.26,1.29,-0.07
-0.24,1.29,-0.1
-0.22,1.29,-0.13
-0.19,1.29,-0.15
-0.16,1.29,-0.16
-0.12,1.29,-0.16
-0.09,1.29,-0.16
-0.06,1.29,-0.15
-0.04,1.29,-0.14
-0.02,1.29,-0.12
0.0,1.29,-0.11
0.01,1.29,-0.09
0.02,1.29,-0.07
0.03,1.29,-0.06
0.03,1.29,-0.05
0.03,1.29,-0.04
0.03,1.29,-0.03
0.03,1.29,-0.03
0.03,1.29,-0.02
0.03,1.29,-0.01
0.03,1.29,-0.01
0.03,1.29,-0.0
0.43,1.28,0.0
0.42,1.28,0.05
0.29,1.28,0.08
0.26,1.28,0.11
0.19,1.28,0.11
0.15,1.28,0.12
0.12,1.28,0.12
0.09,1.28,0.12
0.07,1.28,0.11
0.05,1.28,0.12
0.03,1.28,0.12
0.02,1.28,0.12
-0.0,1.28,0.12
-0.02,1.28,0.12
-0.03,1.28,0.12
-0.06,1.28,0.15
-0.1,1.28,0.17
-0.13,1.28,0.17
-0.16,1.28,0.16
-0.19,1.28,0.14
-0.21,1.28,0.12
-0.23,1.28,0.09
-0.25,1.28,0.07
-0.26,1.28,0.03
-0.27,1.28,-0.0
-0.27,1.28,-0.04
-0.26,1.28,-0.07
-0.24,1.28,-0.1
-0.21,1.28,-0.12
-0.19,1.28,-0.14
-0.15,1.28,-0.15
-0.12,1.28,-0.16
-0.09,1.28,-0.15
-0.06,1.28,-0.14
-0.04,1.28,-0.14
-0.02,1.28,-0.14
0.0,1.28,-0.14
0.02,1.28,-0.13
0.03,1.28,-0.12
0.04,1.28,-0.1
0.05,1.28,-0.09
0.06,1.28,-0.08
0.06,1.28,-0.06
0.06,1.28,-0.05
0.06,1.28,-0.04
0.06,1.28,-0.03
0.06,1.28,-0.02
0.06,1.28,-0.01
0.44,1.26,0.0
0.4,1.26,0.05
0.29,1.26,0.08
0.26,1.26,0.11
0.2,1.26,0.12
0.16,1.26,0.12
0.13,1.26,0.13
0.1,1.26,0.13
0.07,1.26,0.12
0.05,1.26,0.12
0.03,1.26,0.12
0.02,1.26,0.12
-0.0,1.26,0.12
-0.02,1.26,0.15
-0.05,1.26,0.17
-0.08,1.26,0.19
-0.11,1.26,0.2
-0.15,1.26,0.2
-0.18,1.26,0.18
-0.21,1.26,0.16
-0.23,1.26,0.13
-0.25,1.26,0.1
-0.25,1.26,0.07
-0.25,1.26,0.03
-0.26,1.26,-0.0
-0.26,1.26,-0.03
-0.25,1.26,-0.07
-0.23,1.26,-0.1
-0.21,1.26,-0.12
-0.18,1.26,-0.14
-0.15,1.26,-0.15
-0.11,1.26,-0.15
-0.09,1.26,-0.16
-0.07,1.26,-0.17
-0.05,1.26,-0.17
-0.02,1.26,-0.17
0.0,1.26,-0.17
0.02,1.26,-0.16
0.04,1.26,-0.15
0.06,1.26,-0.13
0.07,1.26,-0.12
0.08,1.26,-0.1
0.09,1.26,-0.09
0.09,1.26,-0.07
0.09,1.26,-0.05
0.09,1.26,-0.04
0.09,1.26,-0.02
0.26,1.26,-0.03
0.43,1.24,0.0
0.29,1.24,0.04
0.28,1.24,0.08
0.25,1.24,0.1
0.19,1.24,0.11
0.15,1.24,0.12
0.12,1.24,0.12
0.1,1.24,0.13
0.06,1.24,0.11
0.04,1.24,0.11
0.03,1.24,0.12
0.02,1.24,0.14
-0.0,1.24,0.16
-0.02,1.24,0.19
-0.06,1.24,0.2
-0.09,1.24,0.22
-0.13,1.24,0.22
-0.16,1.24,0.21
-0.2,1.24,0.2
-0.23,1.24,0.18
-0.25,1.24,0.14
-0.27,1.24,0.11
-0.27,1.24,0.07
-0.27,1.24,0.04
-0.26,1.24,-0.0
-0.25,1.24,-0.03
-0.24,1.24,-0.06
-0.22,1.24,-0.09
-0.19,1.24,-0.11
-0.17,1.24,-0.13
-0.15,1.24,-0.15
-0.13,1.24,-0.17
-0.1,1.24,-0.18
-0.08,1.24,-0.19
-0.05,1.24,-0.19
-0.02,1.24,-0.19
0.0,1.24,-0.19
0.02,1.24,-0.18
0.05,1.24,-0.17
0.07,1.24,-0.16
0.08,1.24,-0.14
0.09,1.24,-0.12
0.1,1.24,-0.1
0.11,1.24,-0.08
0.11,1.24,-0.06
0.11,1.24,-0.05
0.11,1.24,-0.03
0.28,1.24,-0.04
0.31,1.22,0.0
0.28,1.22,0.04
0.11,1.22,0.03
0.2,1.22,0.08
0.17,1.22,0.1
0.14,1.22,0.11
0.11,1.22,0.11
0.07,1.22,0.09
0.06,1.22,0.11
0.05,1.22,0.12
0.04,1.22,0.14
0.02,1.22,0.16
-0.0,1.22,0.19
-0.03,1.22,0.21
-0.06,1.22,0.23
-0.1,1.22,0.24
-0.14,1.22,0.24
-0.18,1.22,0.23
-0.21,1.22,0.21
-0.24,1.22,0.19
-0.27,1.22,0.15
-0.28,1.22,0.12
-0.29,1.22,0.08
-0.29,1.22,0.04
-0.28,1.22,-0.0
-0.26,1.22,-0.03
-0.23,1.22,-0.06
-0.22,1.22,-0.09
-0.2,1.22,-0.11
-0.18,1.22,-0.14
-0.16,1.22,-0.16
-0.14,1.22,-0.18
-0.11,1.22,-0.2
-0.08,1.22,-0.21
-0.06,1.22,-0.21
-0.03,1.22,-0.21
0.0,1.22,-0.21
0.03,1.22,-0.2
0.05,1.22,-0.19
0.07,1.22,-0.17
0.09,1.22,-0.15
0.1,1.22,-0.13
0.12,1.22,-0.11
0.12,1.22,-0.09
0.13,1.22,-0.07
0.13,1.22,-0.05
0.24,1.22,-0.06
0.28,1.22,-0.04
0.29,1.2,0.0
0.14,1.2,0.02
0.13,1.2,0.03
0.12,1.2,0.05
0.11,1.2,0.06
0.1,1.2,0.08
0.09,1.2,0.09
0.08,1.2,0.1
0.07,1.2,0.12
0.06,1.2,0.14
0.04,1.2,0.16
0.02,1.2,0.18
-0.0,1.2,0.2
-0.03,1.2,0.23
-0.06,1.2,0.24
-0.1,1.2,0.25
-0.14,1.2,0.25
-0.18,1.2,0.24
-0.22,1.2,0.22
-0.25,1.2,0.19
-0.28,1.2,0.16
-0.3,1.2,0.12
-0.3,1.2,0.08
-0.3,1.2,0.04
-0.29,1.2,-0.0
-0.27,1.2,-0.04
-0.25,1.2,-0.07
-0.23,1.2,-0.1
-0.21,1.2,-0.12
-0.19,1.2,-0.15
-0.17,1.2,-0.17
-0.15,1.2,-0.19
-0.12,1.2,-0.21
-0.09,1.2,-0.22
-0.06,1.2,-0.22
-0.03,1.2,-0.23
0.0,1.2,-0.22
0.03,1.2,-0.21
0.05,1.2,-0.2
0.08,1.2,-0.18
0.1,1.2,-0.17
0.11,1.2,-0.15
0.13,1.2,-0.12
0.14,1.2,-0.1
0.16,1.2,-0.09
0.2,1.2,-0.08
0.24,1.2,-0.06
0.27,1.2,-0.03
0.25,1.18,0.0
0.15,1.18,0.02
0.14,1.18,0.04
0.13,1.18,0.05
0.12,1.18,0.07
0.11,1.18,0.08
0.1,1.18,0.1
0.09,1.18,0.11
0.07,1.18,0.13
0.06,1.18,0.15
0.04,1.18,0.17
0.03,1.18,0.19
-0.0,1.18,0.22
-0.03,1.18,0.24
-0.07,1.18,0.25
-0.11,1.18,0.26
-0.15,1.18,0.26
-0.19,1.18,0.25
-0.23,1.18,0.23
-0.26,1.18,0.2
-0.29,1.18,0.17
-0.31,1.18,0.13
-0.31,1.18,0.08
-0.31,1.18,0.04
-0.3,1.18,-0.0
-0.28,1.18,-0.04
-0.26,1.18,-0.07
-0.24,1.18,-0.1
-0.22,1.18,-0.13
-0.2,1.18,-0.15
-0.18,1.18,-0.18
-0.15,1.18,-0.2
-0.12,1.18,-0.22
-0.09,1.18,-0.23
-0.06,1.18,-0.23
-0.03,1.18,-0.24
0.0,1.18,-0.23
0.03,1.18,-0.22
0.06,1.18,-0.21
0.08,1.18,-0.19
0.1,1.18,-0.18
0.12,1.18,-0.15
0.13,1.18,-0.13
0.15,1.18,-0.11
0.18,1.18,-0.1
0.21,1.18,-0.08
0.23,1.18,-0.06
0.26,1.18,-0.03
0.16,1.17,0.0
0.15,1.17,0.02
0.15,1.17,0.04
0.14,1.17,0.06
0.13,1.17,0.07
0.12,1.17,0.09
0.1,1.17,0.1
0.09,1.17,0.12
0.08,1.17,0.14
0.06,1.17,0.16
0.05,1.17,0.18
0.03,1.17,0.21
-0.0,1.17,0.23
-0.03,1.17,0.25
-0.07,1.17,0.26
-0.11,1.17,0.27
-0.15,1.17,0.27
-0.2,1.17,0.26
-0.24,1.17,0.23
-0.27,1.17,0.21
-0.3,1.17,0.17
-0.31,1.17,0.13
-0.32,1.17,0.09
-0.32,1.17,0.04
-0.31,1.17,-0.0
-0.29,1.17,-0.04
-0.27,1.17,-0.07
-0.25,1.17,-0.1
-0.23,1.17,-0.13
-0.2,1.17,-0.16
-0.18,1.17,-0.18
-0.16,1.17,-0.21
-0.13,1.17,-0.22
-0.1,1.17,-0.24
-0.06,1.17,-0.24
-0.03,1.17,-0.24
0.0,1.17,-0.24
0.03,1.17,-0.23
0.06,1.17,-0.22
0.09,1.17,-0.2
0.11,1.17,-0.18
0.13,1.17,-0.16
0.14,1.17,-0.14
0.15,1.17,-0.12
0.19,1.17,-0.11
0.21,1.17,-0.09
0.22,1.17,-0.06
0.23,1.17,-0.03
0.17,1.15,0.0
0.16,1.15,0.02
0.15,1.15,0.04
0.14,1.15,0.06
0.13,1.15,0.08
0.12,1.15,0.09
0.11,1.15,0.11
0.1,1.15,0.13
0.08,1.15,0.14
0.07,1.15,0.16
0.05,1.15,0.19
0.03,1.15,0.21
-0.0,1.15,0.24
-0.03,1.15,0.26
-0.07,1.15,0.27
-0.11,1.15,0.28
-0.16,1.15,0.27
-0.2,1.15,0.26
-0.24,1.15,0.24
-0.27,1.15,0.21
-0.3,1.15,0.17
-0.32,1.15,0.13
-0.33,1.15,0.09
-0.33,1.15,0.04
-0.32,1.15,-0.0
-0.3,1.15,-0.04
-0.28,1.15,-0.07
-0.25,1.15,-0.11
-0.23,1.15,-0.13
-0.21,1.15,-0.16
-0.19,1.15,-0.19
-0.16,1.15,-0.21
-0.13,1.15,-0.23
-0.1,1.15,-0.24
-0.07,1.15,-0.25
-0.03,1.15,-0.25
0.0,1.15,-0.25
0.03,1.15,-0.24
0.06,1.15,-0.23
0.09,1.15,-0.21
0.11,1.15,-0.19
0.13,1.15,-0.17
0.14,1.15,-0.14
0.16,1.15,-0.12
0.19,1.15,-0.11
0.21,1.15,-0.09
0.21,1.15,-0.05
0.17,1.15,-0.02
0.17,1.13,-0.0
0.17,1.13,0.02
0.16,1.13,0.04
0.15,1.13,0.06
0.14,1.13,0.08
0.13,1.13,0.1
0.11,1.13,0.11
0.1,1.13,0.13
0.09,1.13,0.15
0.07,1.13,0.17
0.05,1.13,0.19
0.03,1.13,0.22
-0.0,1.13,0.24
-0.04,1.13,0.26
-0.07,1.13,0.28
-0.12,1.13,0.28
-0.16,1.13,0.28
-0.2,1.13,0.26
-0.24,1.13,0.24
-0.28,1.13,0.21
-0.31,1.13,0.18
-0.33,1.13,0.13
-0.33,1.13,0.09
-0.33,1.13,0.04
-0.32,1.13,-0.0
-0.31,1.13,-0.04
-0.28,1.13,-0.08
-0.26,1.13,-0.11
-0.24,1.13,-0.14
-0.21,1.13,-0.17
-0.19,1.13,-0.19
-0.16,1.13,-0.22
-0.13,1.13,-0.23
-0.1,1.13,-0.25
-0.07,1.13,-0.25
-0.03,1.13,-0.26
0.0,1.13,-0.25
0.03,1.13,-0.24
0.06,1.13,-0.23
0.09,1.13,-0.21
0.11,1.13,-0.19
0.13,1.13,-0.17
0.15,1.13,-0.15
0.16,1.13,-0.12
0.18,1.13,-0.1
0.2,1.13,-0.08
0.19,1.13,-0.05
0.18,1.13,-0.02
0.18,1.11,0.0
0.17,1.11,0.02
0.16,1.11,0.04
0.15,1.11,0.06
0.14,1.11,0.08
0.13,1.11,0.1
0.12,1.11,0.12
0.1,1.11,0.13
0.09,1.11,0.15
0.07,1.11,0.17
0.05,1.11,0.2
0.03,1.11,0.22
-0.0,1.11,0.25
-0.04,1.11,0.27
-0.08,1.11,0.28
-0.12,1.11,0.28
-0.16,1.11,0.28
-0.21,1.11,0.27
-0.25,1.11,0.25
-0.28,1.11,0.21
-0.31,1.11,0.18
-0.33,1.11,0.14
-0.34,1.11,0.09
-0.34,1.11,0.04
-0.33,1.11,-0.0
-0.31,1.11,-0.04
-0.29,1.11,-0.08
-0.26,1.11,-0.11
-0.24,1.11,-0.14
-0.22,1.11,-0.17
-0.19,1.11,-0.19
-0.17,1.11,-0.22
-0.14,1.11,-0.24
-0.1,1.11,-0.25
-0.07,1.11,-0.26
-0.03,1.11,-0.26
0.0,1.11,-0.26
0.03,1.11,-0.25
0.06,1.11,-0.23
0.09,1.11,-0.22
0.11,1.11,-0.2
0.13,1.11,-0.17
0.15,1.11,-0.15
0.16,1.11,-0.12
0.17,1.11,-0.1
0.18,1.11,-0.07
0.18,1.11,-0.05
0.18,1.11,-0.02
0.18,1.09,0.0
0.17,1.09,0.02
0.16,1.09,0.04
0.15,1.09,0.06
0.14,1.09,0.08
0.13,1.09,0.1
0.12,1.09,0.12
0.1,1.09,0.13
0.09,1.09,0.15
0.07,1.09,0.18
0.05,1.09,0.2
0.03,1.09,0.23
-0.0,1.09,0.25
-0.04,1.09,0.27
-0.08,1.09,0.28
-0.12,1.09,0.29
-0.16,1.09,0.28
-0.21,1.09,0.27
-0.25,1.09,0.25
-0.28,1.09,0.22
-0.31,1.09,0.18
-0.33,1.09,0.14
-0.34,1.09,0.09
-0.34,1.09,0.04
-0.33,1.09,-0.0
-0.31,1.09,-0.04
-0.29,1.09,-0.08
-0.26,1.09,-0.11
-0.24,1.09,-0.14
-0.22,1.09,-0.17
-0.19,1.09,-0.2
-0.17,1.09,-0.22
-0.14,1.09,-0.24
-0.1,1.09,-0.25
-0.07,1.09,-0.26
-0.03,1.09,-0.26
0.0,1.09,-0.26
0.03,1.09,-0.25
0.06,1.09,-0.24
0.09,1.09,-0.22
0.12,1.09,-0.2
0.14,1.09,-0.18
0.15,1.09,-0.15
0.16,1.09,-0.13
0.17,1.09,-0.1
0.18,1.09,-0.07
0.18,1.09,-0.05
0.18,1.09,-0.02
0.18,1.08,0.0
0.17,1.08,0.02
0.16,1.08,0.04
0.15,1.08,0.06
0.14,1.08,0.08
0.13,1.08,0.1
0.12,1.08,0.12
0.1,1.08,0.13
0.09,1.08,0.15
0.07,1.08,0.18
0.05,1.08,0.2
0.03,1.08,0.23
-0.0,1.08,0.25
-0.04,1.08,0.27
-0.08,1.08,0.28
-0.12,1.08,0.29
-0.16,1.08,0.28
-0.21,1.08,0.27
-0.25,1.08,0.25
-0.28,1.08,0.22
-0.31,1.08,0.18
-0.33,1.08,0.14
-0.34,1.08,0.09
-0.34,1.08,0.04
-0.33,1.08,-0.0
-0.31,1.08,-0.04
-0.29,1.08,-0.08
-0.26,1.08,-0.11
-0.24,1.08,-0.14
-0.22,1.08,-0.17
-0.2,1.08,-0.2
-0.17,1.08,-0.22
-0.14,1.08,-0.24
-0.1,1.08,-0.25
-0.07,1.08,-0.26
-0.03,1.08,-0.26
0.0,1.08,-0.26
0.03,1.08,-0.25
0.06,1.08,-0.24
0.09,1.08,-0.22
0.12,1.08,-0.2
0.14,1.08,-0.18
0.15,1.08,-0.15
0.17,1.08,-0.13
0.17,1.08,-0.1
0.18,1.08,-0.07
0.18,1.08,-0.05
0.18,1.08,-0.02
0.18,1.06,0.0
0.17,1.06,0.02
0.16,1.06,0.04
0.15,1.06,0.06
0.14,1.06,0.08
0.13,1.06,0.1
0.12,1.06,0.12
0.1,1.06,0.13
0.09,1.06,0.15
0.07,1.06,0.17
0.05,1.06,0.2
0.03,1.06,0.23
-0.0,1.06,0.25
-0.04,1.06,0.27
-0.08,1.06,0.28
-0.12,1.06,0.29
-0.16,1.06,0.28
-0.21,1.06,0.27
-0.25,1.06,0.25
-0.28,1.06,0.22
-0.31,1.06,0.18
-0.33,1.06,0.14
-0.34,1.06,0.09
-0.34,1.06,0.04
-0.33,1.06,-0.0
-0.31,1.06,-0.04
-0.29,1.06,-0.08
-0.26,1.06,-0.11
-0.24,1.06,-0.14
-0.22,1.06,-0.17
-0.19,1.06,-0.2
-0.17,1.06,-0.22
-0.14,1.06,-0.24
-0.1,1.06,-0.25
-0.07,1.06,-0.26
-0.03,1.06,-0.26
0.0,1.06,-0.26
0.03,1.06,-0.25
0.06,1.06,-0.24
0.09,1.06,-0.22
0.12,1.06,-0.2
0.14,1.06,-0.17
0.15,1.06,-0.15
0.16,1.06,-0.12
0.17,1.06,-0.1
0.18,1.06,-0.07
0.18,1.06,-0.05
0.18,1.06,-0.02
0.17,1.04,-0.0
0.17,1.04,0.02
0.17,1.04,0.05
0.17,1.04,0.07
0.16,1.04,0.09
0.15,1.04,0.11
0.13,1.04,0.13
0.11,1.04,0.14
0.09,1.04,0.15
0.07,1.04,0.17
0.05,1.04,0.2
0.03,1.04,0.22
-0.0,1.04,0.25
-0.04,1.04,0.26
-0.07,1.04,0.28
-0.12,1.04,0.28
-0.16,1.04,0.28
-0.2,1.04,0.27
-0.24,1.04,0.24
-0.28,1.04,0.21
-0.31,1.04,0.18
-0.33,1.04,0.13
-0.34,1.04,0.09
-0.34,1.04,0.04
-0.33,1.04,-0.0
-0.31,1.04,-0.04
-0.28,1.04,-0.08
-0.26,1.04,-0.11
-0.24,1.04,-0.14
-0.22,1.04,-0.17
-0.19,1.04,-0.19
-0.17,1.04,-0.22
-0.13,1.04,-0.24
-0.1,1.04,-0.25
-0.07,1.04,-0.26
-0.03,1.04,-0.26
0.0,1.04,-0.25
0.03,1.04,-0.25
0.06,1.04,-0.23
0.09,1.04,-0.22
0.11,1.04,-0.2
0.13,1.04,-0.17
0.15,1.04,-0.15
0.16,1.04,-0.12
0.17,1.04,-0.1
0.18,1.04,-0.07
0.18,1.04,-0.05
0.18,1.04,-0.02
0.19,1.02,0.0
0.2,1.02,0.03
0.2,1.02,0.05
0.19,1.02,0.08
0.18,1.02,0.11
0.17,1.02,0.13
0.15,1.02,0.15
0.13,1.02,0.16
0.1,1.02,0.17
0.07,1.02,0.18
0.05,1.02,0.19
0.03,1.02,0.22
-0.0,1.02,0.24
-0.03,1.02,0.26
-0.07,1.02,0.27
-0.12,1.02,0.28
-0.16,1.02,0.28
-0.2,1.02,0.26
-0.24,1.02,0.24
-0.28,1.02,0.21
-0.3,1.02,0.17
-0.32,1.02,0.13
-0.33,1.02,0.09
-0.33,1.02,0.04
-0.32,1.02,-0.0
-0.3,1.02,-0.04
-0.28,1.02,-0.08
-0.26,1.02,-0.11
-0.23,1.02,-0.14
-0.21,1.02,-0.16
-0.19,1.02,-0.19
-0.16,1.02,-0.21
-0.13,1.02,-0.23
-0.1,1.02,-0.24
-0.07,1.02,-0.25
-0.03,1.02,-0.25
0.0,1.02,-0.25
0.03,1.02,-0.24
0.06,1.02,-0.23
0.09,1.02,-0.21
0.11,1.02,-0.19
0.13,1.02,-0.17
0.15,1.02,-0.15
0.16,1.02,-0.12
0.17,1.02,-0.1
0.17,1.02,-0.07
0.17,1.02,-0.05
0.18,1.02,-0.02
0.21,1.0,0.0
0.22,1.0,0.03
0.22,1.0,0.06
0.21,1.0,0.09
0.2,1.0,0.12
0.18,1.0,0.14
0.16,1.0,0.16
0.14,1.0,0.18
0.11,1.0,0.19
0.08,1.0,0.2
0.05,1.0,0.2
0.03,1.0,0.21
-0.0,1.0,0.23
-0.03,1.0,0.25
-0.07,1.0,0.27
-0.11,1.0,0.27
-0.16,1.0,0.27
-0.2,1.0,0.26
-0.24,1.0,0.24
-0.27,1.0,0.21
-0.3,1.0,0.17
-0.32,1.0,0.13
-0.33,1.0,0.09
-0.33,1.0,0.04
-0.32,1.0,-0.0
-0.3,1.0,-0.04
-0.27,1.0,-0.07
-0.25,1.0,-0.1
-0.23,1.0,-0.13
-0.21,1.0,-0.16
-0.18,1.0,-0.19
-0.16,1.0,-0.21
-0.13,1.0,-0.23
-0.1,1.0,-0.24
-0.06,1.0,-0.25
-0.03,1.0,-0.25
0.0,1.0,-0.24
0.03,1.0,-0.23
0.06,1.0,-0.22
0.09,1.0,-0.21
0.11,1.0,-0.19
0.13,1.0,-0.16
0.14,1.0,-0.14
0.15,1.0,-0.12
0.16,1.0,-0.09
0.17,1.0,-0.07
0.18,1.0,-0.05
0.2,1.0,-0.03
0.23,0.98,-0.0
0.23,0.98,0.03
0.23,0.98,0.06
0.23,0.98,0.09
0.21,0.98,0.12
0.2,0.98,0.15
0.17,0.98,0.17
0.15,0.98,0.19
0.12,0.98,0.2
0.09,0.98,0.21
0.06,0.98,0.22
0.03,0.98,0.22
-0.0,0.98,0.23
-0.03,0.98,0.24
-0.07,0.98,0.26
-0.11,0.98,0.26
-0.15,0.98,0.26
-0.19,0.98,0.25
-0.23,0.98,0.23
-0.26,0.98,0.2
-0.29,0.98,0.17
-0.31,0.98,0.13
-0.32,0.98,0.08
-0.32,0.98,0.04
-0.31,0.98,-0.0
-0.29,0.98,-0.04
-0.26,0.98,-0.07
-0.24,0.98,-0.1
-0.22,0.98,-0.13
-0.2,0.98,-0.15
-0.18,0.98,-0.18
-0.15,0.98,-0.2
-0.13,0.98,-0.22
-0.09,0.98,-0.23
-0.06,0.98,-0.24
-0.03,0.98,-0.24
0.0,0.98,-0.24
0.03,0.98,-0.23
0.06,0.98,-0.21
0.08,0.98,-0.2
0.1,0.98,-0.18
0.12,0.98,-0.16
0.12,0.98,-0.12
0.14,0.98,-0.11
0.15,0.98,-0.09
0.16,0.98,-0.07
0.2,0.98,-0.05
0.21,0.98,-0.03
0.24,0.97,-0.0
0.26,0.97,0.03
0.25,0.97,0.07
0.24,0.97,0.1
0.22,0.97,0.13
0.2,0.97,0.16
0.18,0.97,0.18
0.16,0.97,0.2
0.13,0.97,0.22
0.09,0.97,0.22
0.06,0.97,0.23
0.03,0.97,0.23
-0.0,0.97,0.24
-0.03,0.97,0.26
-0.07,0.97,0.25
-0.11,0.97,0.26
-0.15,0.97,0.25
-0.19,0.97,0.24
-0.22,0.97,0.22
-0.26,0.97,0.2
-0.28,0.97,0.16
-0.3,0.97,0.12
-0.31,0.97,0.08
-0.31,0.97,0.04
-0.3,0.97,-0.0
-0.28,0.97,-0.04
-0.25,0.97,-0.07
-0.24,0.97,-0.1
-0.22,0.97,-0.13
-0.2,0.97,-0.16
-0.18,0.97,-0.18
-0.16,0.97,-0.21
-0.13,0.97,-0.22
-0.09,0.97,-0.22
-0.06,0.97,-0.23
-0.03,0.97,-0.23
0.0,0.97,-0.23
0.03,0.97,-0.22
0.06,0.97,-0.2
0.08,0.97,-0.19
0.1,0.97,-0.17
0.12,0.97,-0.15
0.13,0.97,-0.13
0.14,0.97,-0.11
0.17,0.97,-0.1
0.19,0.97,-0.08
0.21,0.97,-0.06
0.23,0.97,-0.03
0.25,0.95,0.0
0.25,0.95,0.03
0.25,0.95,0.07
0.25,0.95,0.1
0.23,0.95,0.13
0.21,0.95,0.16
0.19,0.95,0.19
0.16,0.95,0.21
0.13,0.95,0.22
0.09,0.95,0.23
0.06,0.95,0.24
0.03,0.95,0.24
-0.0,0.95,0.25
-0.03,0.95,0.25
-0.07,0.95,0.26
-0.11,0.95,0.27
-0.15,0.95,0.26
-0.19,0.95,0.25
-0.23,0.95,0.22
-0.25,0.95,0.19
-0.28,0.95,0.16
-0.29,0.95,0.12
-0.31,0.95,0.08
-0.29,0.95,0.04
-0.28,0.95,-0.0
-0.26,0.95,-0.04
-0.24,0.95,-0.07
-0.22,0.95,-0.09
-0.2,0.95,-0.12
-0.18,0.95,-0.14
-0.16,0.95,-0.16
-0.14,0.95,-0.18
-0.11,0.95,-0.2
-0.09,0.95,-0.21
-0.06,0.95,-0.22
-0.03,0.95,-0.22
0.0,0.95,-0.21
0.03,0.95,-0.2
0.05,0.95,-0.19
0.07,0.95,-0.18
0.09,0.95,-0.16
0.11,0.95,-0.14
0.13,0.95,-0.13
0.15,0.95,-0.12
0.18,0.95,-0.1
0.2,0.95,-0.08
0.22,0.95,-0.06
0.24,0.95,-0.03
0.25,0.93,-0.0
0.26,0.93,0.03
0.26,0.93,0.07
0.25,0.93,0.1
0.24,0.93,0.14
0.22,0.93,0.17
0.19,0.93,0.19
0.16,0.93,0.21
0.13,0.93,0.23
0.1,0.93,0.24
0.06,0.93,0.24
0.03,0.93,0.25
-0.0,0.93,0.26
-0.03,0.93,0.26
-0.07,0.93,0.27
-0.11,0.93,0.27
-0.15,0.93,0.27
-0.19,0.93,0.25
-0.23,0.93,0.23
-0.26,0.93,0.2
-0.28,0.93,0.16
-0.29,0.93,0.12
-0.29,0.93,0.08
-0.29,0.93,0.04
-0.27,0.93,-0.0
-0.25,0.93,-0.03
-0.23,0.93,-0.06
-0.21,0.93,-0.09
-0.19,0.93,-0.11
-0.17,0.93,-0.13
-0.15,0.93,-0.15
-0.13,0.93,-0.17
-0.11,0.93,-0.19
-0.08,0.93,-0.2
-0.05,0.93,-0.2
-0.03,0.93,-0.2
0.0,0.93,-0.2
0.03,0.93,-0.19
0.05,0.93,-0.18
0.07,0.93,-0.16
0.08,0.93,-0.14
0.11,0.93,-0.14
0.13,0.93,-0.13
0.16,0.93,-0.12
0.18,0.93,-0.1
0.21,0.93,-0.08
0.23,0.93,-0.06
0.24,0.93,-0.03
0.26,0.91,0.0
0.26,0.91,0.03
0.26,0.91,0.07
0.26,0.91,0.11
0.24,0.91,0.14
0.22,0.91,0.17
0.2,0.91,0.2
0.17,0.91,0.22
0.13,0.91,0.23
0.1,0.91,0.24
0.07,0.91,0.25
0.03,0.91,0.25
-0.0,0.91,0.26
-0.04,0.91,0.27
-0.07,0.91,0.28
-0.12,0.91,0.28
-0.16,0.91,0.27
-0.2,0.91,0.26
-0.23,0.91,0.23
-0.26,0.91,0.2
-0.28,0.91,0.16
-0.3,0.91,0.12
-0.3,0.91,0.08
-0.29,0.91,0.04
-0.28,0.91,-0.0
-0.26,0.91,-0.03
-0.23,0.91,-0.06
-0.2,0.91,-0.08
-0.17,0.91,-0.1
-0.15,0.91,-0.12
-0.14,0.91,-0.14
-0.12,0.91,-0.16
-0.1,0.91,-0.17
-0.07,0.91,-0.18
-0.05,0.91,-0.18
-0.02,0.91,-0.18
0.0,0.91,-0.18
0.02,0.91,-0.17
0.04,0.91,-0.16
0.06,0.91,-0.15
0.09,0.91,-0.15
0.11,0.91,-0.14
0.14,0.91,-0.14
0.16,0.91,-0.12
0.19,0.91,-0.11
0.21,0.91,-0.09
0.23,0.91,-0.06
0.25,0.91,-0.03
0.26,0.89,-0.0
0.27,0.89,0.04
0.27,0.89,0.07
0.26,0.89,0.11
0.24,0.89,0.14
0.22,0.89,0.17
0.2,0.89,0.2
0.17,0.89,0.22
0.14,0.89,0.23
0.1,0.89,0.24
0.07,0.89,0.25
0.03,0.89,0.26
-0.0,0.89,0.26
-0.04,0.89,0.27
-0.08,0.89,0.28
-0.12,0.89,0.28
-0.16,0.89,0.27
-0.2,0.89,0.26
-0.23,0.89,0.23
-0.26,0.89,0.2
-0.29,0.89,0.16
-0.3,0.89,0.12
-0.3,0.89,0.08
-0.3,0.89,0.04
-0.28,0.89,-0.0
-0.26,0.89,-0.04
-0.24,0.89,-0.06
-0.21,0.89,-0.09
-0.18,0.89,-0.11
-0.15,0.89,-0.12
-0.12,0.89,-0.12
-0.1,0.89,-0.14
-0.08,0.89,-0.15
-0.06,0.89,-0.15
-0.04,0.89,-0.16
-0.02,0.89,-0.15
0.0,0.89,-0.15
0.02,0.89,-0.14
0.04,0.89,-0.15
0.06,0.89,-0.15
0.09,0.89,-0.15
0.11,0.89,-0.15
0.14,0.89,-0.14
0.17,0.89,-0.13
0.19,0.89,-0.11
0.22,0.89,-0.09
0.24,0.89,-0.06
0.25,0.89,-0.03
0.26,0.88,-0.0
0.27,0.88,0.04
0.27,0.88,0.07
0.26,0.88,0.11
0.25,0.88,0.14
0.23,0.88,0.17
0.2,0.88,0.2
0.17,0.88,0.22
0.14,0.88,0.24
0.1,0.88,0.25
0.07,0.88,0.25
0.03,0.88,0.26
-0.0,0.88,0.27
-0.04,0.88,0.27
-0.08,0.88,0.28
-0.12,0.88,0.28
-0.16,0.88,0.28
-0.2,0.88,0.26
-0.24,0.88,0.24
-0.27,0.88,0.2
-0.29,0.88,0.17
-0.3,0.88,0.12
-0.31,0.88,0.08
-0.3,0.88,0.04
-0.29,0.88,-0.0
-0.27,0.88,-0.04
-0.25,0.88,-0.07
-0.22,0.88,-0.09
-0.19,0.88,-0.11
-0.16,0.88,-0.13
-0.13,0.88,-0.13
-0.1,0.88,-0.14
-0.08,0.88,-0.13
-0.05,0.88,-0.13
-0.04,0.88,-0.13
-0.02,0.88,-0.14
0.0,0.88,-0.14
0.02,0.88,-0.15
0.04,0.88,-0.15
0.06,0.88,-0.15
0.09,0.88,-0.15
0.11,0.88,-0.15
0.14,0.88,-0.14
0.17,0.88,-0.13
0.19,0.88,-0.11
0.22,0.88,-0.09
0.24,0.88,-0.06
0.25,0.88,-0.03
0.26,0.86,-0.0
0.27,0.86,0.04
0.27,0.86,0.07
0.26,0.86,0.11
0.25,0.86,0.14
0.23,0.86,0.17
0.2,0.86,0.2
0.17,0.86,0.22
0.14,0.86,0.24
0.1,0.86,0.25
0.07,0.86,0.25
0.03,0.86,0.26
-0.0,0.86,0.27
-0.04,0.86,0.27
-0.08,0.86,0.28
-0.12,0.86,0.28
-0.16,0.86,0.28
-0.2,0.86,0.26
-0.24,0.86,0.24
-0.27,0.86,0.2
-0.29,0.86,0.17
-0.3,0.86,0.12
-0.31,0.86,0.08
-0.3,0.86,0.04
-0.29,0.86,-0.0
-0.27,0.86,-0.04
-0.25,0.86,-0.07
-0.23,0.86,-0.1
-0.2,0.86,-0.12
-0.17,0.86,-0.13
-0.14,0.86,-0.14
-0.11,0.86,-0.14
-0.08,0.86,-0.14
-0.06,0.86,-0.14
-0.04,0.86,-0.13
-0.02,0.86,-0.14
0.0,0.86,-0.14
0.02,0.86,-0.15
0.04,0.86,-0.15
0.06,0.86,-0.15
0.09,0.86,-0.15
0.11,0.86,-0.15
0.14,0.86,-0.14
0.17,0.86,-0.13
0.19,0.86,-0.11
0.22,0.86,-0.09
0.24,0.86,-0.06
0.25,0.86,-0.03
0.27,0.84,0.0
0.28,0.84,0.04
0.28,0.84,0.07
0.27,0.84,0.11
0.25,0.84,0.15
0.23,0.84,0.18
0.2,0.84,0.2
0.17,0.84,0.22
0.14,0.84,0.24
0.1,0.84,0.24
0.07,0.84,0.25
0.03,0.84,0.26
-0.0,0.84,0.27
-0.04,0.84,0.27
-0.08,0.84,0.28
-0.12,0.84,0.28
-0.16,0.84,0.28
-0.2,0.84,0.26
-0.24,0.84,0.23
-0.27,0.84,0.2
-0.29,0.84,0.17
-0.3,0.84,0.12
-0.3,0.84,0.08
-0.3,0.84,0.04
-0.29,0.84,-0.0
-0.28,0.84,-0.04
-0.26,0.84,-0.07
-0.24,0.84,-0.1
-0.21,0.84,-0.12
-0.18,0.84,-0.14
-0.15,0.84,-0.15
-0.12,0.84,-0.15
-0.09,0.84,-0.15
-0.06,0.84,-0.15
-0.04,0.84,-0.14
-0.02,0.84,-0.14
0.0,0.84,-0.14
0.02,0.84,-0.14
0.04,0.84,-0.15
0.06,0.84,-0.15
0.09,0.84,-0.15
0.11,0.84,-0.15
0.14,0.84,-0.14
0.17,0.84,-0.13
0.19,0.84,-0.11
0.22,0.84,-0.09
0.24,0.84,-0.06
0.26,0.84,-0.03
0.28,0.82,0.0
0.28,0.82,0.04
0.28,0.82,0.08
0.27,0.82,0.11
0.26,0.82,0.15
0.23,0.82,0.18
0.21,0.82,0.21
0.17,0.82,0.23
0.14,0.82,0.24
0.1,0.82,0.25
0.07,0.82,0.25
0.03,0.82,0.25
-0.0,0.82,0.26
-0.04,0.82,0.27
-0.07,0.82,0.28
-0.12,0.82,0.28
-0.16,0.82,0.27
-0.2,0.82,0.26
-0.23,0.82,0.23
-0.26,0.82,0.2
-0.28,0.82,0.16
-0.3,0.82,0.12
-0.3,0.82,0.08
-0.3,0.82,0.04
-0.3,0.82,-0.0
-0.29,0.82,-0.04
-0.27,0.82,-0.07
-0.24,0.82,-0.1
-0.22,0.82,-0.13
-0.19,0.82,-0.14
-0.15,0.82,-0.15
-0.12,0.82,-0.16
-0.09,0.82,-0.16
-0.06,0.82,-0.15
-0.04,0.82,-0.14
-0.02,0.82,-0.13
0.0,0.82,-0.14
0.02,0.82,-0.14
0.04,0.82,-0.14
0.06,0.82,-0.15
0.09,0.82,-0.15
0.11,0.82,-0.14
0.14,0.82,-0.14
0.17,0.82,-0.13
0.19,0.82,-0.11
0.22,0.82,-0.09
0.24,0.82,-0.06
0.26,0.82,-0.03
0.28,0.8,0.0
0.29,0.8,0.04
0.29,0.8,0.08
0.28,0.8,0.11
0.26,0.8,0.15
0.24,0.8,0.18
0.21,0.8,0.21
0.18,0.8,0.23
0.14,0.8,0.24
0.1,0.8,0.25
0.07,0.8,0.25
0.03,0.8,0.25
-0.0,0.8,0.26
-0.04,0.8,0.26
-0.07,0.8,0.27
-0.11,0.8,0.28
-0.16,0.8,0.27
-0.19,0.8,0.25
-0.23,0.8,0.23
-0.26,0.8,0.2
-0.28,0.8,0.16
-0.29,0.8,0.12
-0.3,0.8,0.08
-0.31,0.8,0.04
-0.3,0.8,-0.0
-0.29,0.8,-0.04
-0.27,0.8,-0.07
-0.25,0.8,-0.1
-0.22,0.8,-0.13
-0.19,0.8,-0.15
-0.16,0.8,-0.16
-0.13,0.8,-0.16
-0.09,0.8,-0.16
-0.07,0.8,-0.16
-0.04,0.8,-0.15
-0.02,0.8,-0.14
0.0,0.8,-0.13
0.02,0.8,-0.14
0.04,0.8,-0.14
0.06,0.8,-0.15
0.09,0.8,-0.15
0.11,0.8,-0.15
0.14,0.8,-0.14
0.17,0.8,-0.13
0.2,0.8,-0.11
0.22,0.8,-0.09
0.25,0.8,-0.07
0.27,0.8,-0.03
0.29,0.78,0.0
0.29,0.78,0.04
0.29,0.78,0.08
0.28,0.78,0.12
0.26,0.78,0.15
0.24,0.78,0.18
0.21,0.78,0.21
0.18,0.78,0.23
0.14,0.78,0.24
0.1,0.78,0.25
0.07,0.78,0.25
0.03,0.78,0.24
-0.0,0.78,0.25
-0.03,0.78,0.26
-0.07,0.78,0.27
-0.11,0.78,0.27
-0.15,0.78,0.26
-0.19,0.78,0.25
-0.23,0.78,0.22
-0.25,0.78,0.19
-0.27,0.78,0.16
-0.29,0.78,0.12
-0.3,0.78,0.08
-0.31,0.78,0.04
-0.31,0.78,-0.0
-0.3,0.78,-0.04
-0.28,0.78,-0.08
-0.26,0.78,-0.11
-0.23,0.78,-0.13
-0.2,0.78,-0.15
-0.16,0.78,-0.17
-0.13,0.78,-0.17
-0.1,0.78,-0.17
-0.07,0.78,-0.17
-0.04,0.78,-0.16
-0.02,0.78,-0.15
0.0,0.78,-0.13
0.02,0.78,-0.14
0.04,0.78,-0.14
0.06,0.78,-0.15
0.09,0.78,-0.15
0.11,0.78,-0.15
0.14,0.78,-0.14
0.17,0.78,-0.13
0.2,0.78,-0.11
0.23,0.78,-0.09
0.25,0.78,-0.07
0.27,0.78,-0.03
0.29,0.77,-0.0
0.3,0.77,0.04
0.3,0.77,0.08
0.29,0.77,0.12
0.27,0.77,0.16
0.24,0.77,0.19
0.21,0.77,0.21
0.18,0.77,0.23
0.14,0.77,0.25
0.1,0.77,0.25
0.07,0.77,0.25
0.03,0.77,0.24
-0.0,0.77,0.24
-0.03,0.77,0.25
-0.07,0.77,0.26
-0.11,0.77,0.26
-0.15,0.77,0.25
-0.19,0.77,0.24
-0.22,0.77,0.22
-0.25,0.77,0.19
-0.27,0.77,0.15
-0.29,0.77,0.12
-0.3,0.77,0.08
-0.31,0.77,0.04
-0.31,0.77,-0.0
-0.3,0.77,-0.04
-0.29,0.77,-0.08
-0.26,0.77,-0.11
-0.24,0.77,-0.14
-0.2,0.77,-0.16
-0.17,0.77,-0.17
-0.14,0.77,-0.18
-0.1,0.77,-0.18
-0.07,0.77,-0.17
-0.04,0.77,-0.16
-0.02,0.77,-0.15
0.0,0.77,-0.14
0.02,0.77,-0.14
0.04,0.77,-0.14
0.06,0.77,-0.15
0.09,0.77,-0.15
0.11,0.77,-0.15
0.14,0.77,-0.14
0.17,0.77,-0.13
0.2,0.77,-0.12
0.23,0.77,-0.09
0.26,0.77,-0.07
0.28,0.77,-0.04
0.3,0.75,-0.0
0.3,0.75,0.04
0.3,0.75,0.08
0.29,0.75,0.12
0.27,0.75,0.16
0.25,0.75,0.19
0.22,0.75,0.22
0.18,0.75,0.23
0.14,0.75,0.25
0.1,0.75,0.25
0.07,0.75,0.25
0.03,0.75,0.24
-0.0,0.75,0.23
-0.03,0.75,0.24
-0.07,0.75,0.24
-0.1,0.75,0.25
-0.14,0.75,0.24
-0.18,0.75,0.23
-0.21,0.75,0.21
-0.24,0.75,0.18
-0.27,0.75,0.15
-0.29,0.75,0.12
-0.3,0.75,0.08
-0.31,0.75,0.04
-0.31,0.75,-0.0
-0.31,0.75,-0.04
-0.29,0.75,-0.08
-0.27,0.75,-0.11
-0.24,0.75,-0.14
-0.21,0.75,-0.16
-0.18,0.75,-0.18
-0.14,0.75,-0.18
-0.11,0.75,-0.18
-0.07,0.75,-0.18
-0.04,0.75,-0.17
-0.02,0.75,-0.16
0.0,0.75,-0.14
0.02,0.75,-0.13
0.04,0.75,-0.14
0.06,0.75,-0.15
0.09,0.75,-0.15
0.11,0.75,-0.15
0.14,0.75,-0.14
0.18,0.75,-0.13
0.21,0.75,-0.12
0.24,0.75,-0.1
0.26,0.75,-0.07
0.28,0.75,-0.04
0.3,0.73,0.0
0.31,0.73,0.04
0.31,0.73,0.08
0.3,0.73,0.12
0.28,0.73,0.16
0.25,0.73,0.19
0.22,0.73,0.22
0.18,0.73,0.24
0.14,0.73,0.25
0.1,0.73,0.25
0.07,0.73,0.25
0.03,0.73,0.24
-0.0,0.73,0.23
-0.03,0.73,0.22
-0.06,0.73,0.23
-0.1,0.73,0.23
-0.13,0.73,0.23
-0.17,0.73,0.22
-0.21,0.73,0.21
-0.24,0.73,0.18
-0.27,0.73,0.15
-0.29,0.73,0.12
-0.3,0.73,0.08
-0.31,0.73,0.04
-0.32,0.73,-0.0
-0.31,0.73,-0.04
-0.3,0.73,-0.08
-0.28,0.73,-0.12
-0.25,0.73,-0.14
-0.22,0.73,-0.17
-0.18,0.73,-0.18
-0.15,0.73,-0.19
-0.11,0.73,-0.19
-0.08,0.73,-0.19
-0.05,0.73,-0.18
-0.02,0.73,-0.16
0.0,0.73,-0.15
0.02,0.73,-0.13
0.04,0.73,-0.14
0.06,0.73,-0.14
0.09,0.73,-0.15
0.11,0.73,-0.15
0.14,0.73,-0.14
0.18,0.73,-0.13
0.21,0.73,-0.12
0.24,0.73,-0.1
0.27,0.73,-0.07
0.29,0.73,-0.04
0.31,0.71,-0.0
0.31,0.71,0.04
0.31,0.71,0.08
0.3,0.71,0.12
0.28,0.71,0.16
0.25,0.71,0.19
0.22,0.71,0.22
0.18,0.71,0.24
0.14,0.71,0.25
0.1,0.71,0.25
0.07,0.71,0.25
0.03,0.71,0.24
-0.0,0.71,0.22
-0.03,0.71,0.21
-0.06,0.71,0.22
-0.09,0.71,0.23
-0.13,0.71,0.23
-0.17,0.71,0.22
-0.2,0.71,0.2
-0.24,0.71,0.18
-0.26,0.71,0.15
-0.29,0.71,0.12
-0.31,0.71,0.08
-0.32,0.71,0.04
-0.32,0.71,-0.0
-0.31,0.71,-0.04
-0.3,0.71,-0.08
-0.28,0.71,-0.12
-0.26,0.71,-0.15
-0.22,0.71,-0.17
-0.19,0.71,-0.19
-0.15,0.71,-0.2
-0.11,0.71,-0.2
-0.08,0.71,-0.19
-0.05,0.71,-0.18
-0.02,0.71,-0.17
0.0,0.71,-0.15
0.02,0.71,-0.14
0.04,0.71,-0.14
0.06,0.71,-0.14
0.09,0.71,-0.15
0.11,0.71,-0.15
0.15,0.71,-0.14
0.18,0.71,-0.14
0.21,0.71,-0.12
0.24,0.71,-0.1
0.27,0.71,-0.07
0.29,0.71,-0.04
0.31,0.69,0.0
0.32,0.69,0.04
0.32,0.69,0.08
0.3,0.69,0.13
0.28,0.69,0.16
0.26,0.69,0.2
0.22,0.69,0.22
0.18,0.69,0.24
0.14,0.69,0.25
0.1,0.69,0.25
0.07,0.69,0.25
0.03,0.69,0.24
-0.0,0.69,0.22
-0.03,0.69,0.2
-0.06,0.69,0.21
-0.09,0.69,0.22
-0.13,0.69,0.22
-0.16,0.69,0.21
-0.2,0.69,0.2
-0.23,0.69,0.18
-0.26,0.69,0.15
-0.29,0.69,0.12
-0.31,0.69,0.08
-0.32,0.69,0.04
-0.32,0.69,-0.0
-0.32,0.69,-0.04
-0.31,0.69,-0.08
-0.29,0.69,-0.12
-0.26,0.69,-0.15
-0.23,0.69,-0.18
-0.19,0.69,-0.2
-0.16,0.69,-0.2
-0.12,0.69,-0.21
-0.08,0.69,-0.2
-0.05,0.69,-0.19
-0.02,0.69,-0.17
0.0,0.69,-0.16
0.02,0.69,-0.14
0.04,0.69,-0.14
0.06,0.69,-0.14
0.09,0.69,-0.15
0.11,0.69,-0.15
0.15,0.69,-0.15
0.18,0.69,-0.14
0.21,0.69,-0.12
0.25,0.69,-0.1
0.27,0.69,-0.07
0.3,0.69,-0.04
0.32,0.67,-0.0
0.33,0.67,0.04
0.32,0.67,0.09
0.31,0.67,0.13
0.29,0.67,0.17
0.26,0.67,0.2
0.22,0.67,0.22
0.18,0.67,0.24
0.14,0.67,0.25
0.1,0.67,0.25
0.07,0.67,0.25
0.03,0.67,0.23
-0.0,0.67,0.22
-0.03,0.67,0.2
-0.06,0.67,0.21
-0.09,0.67,0.21
-0.12,0.67,0.21
-0.16,0.67,0.21
-0.2,0.67,0.2
-0.23,0.67,0.18
-0.26,0.67,0.15
-0.29,0.67,0.12
-0.31,0.67,0.08
-0.32,0.67,0.04
-0.32,0.67,-0.0
-0.32,0.67,-0.04
-0.31,0.67,-0.08
-0.29,0.67,-0.12
-0.27,0.67,-0.16
-0.24,0.67,-0.18
-0.2,0.67,-0.2
-0.16,0.67,-0.21
-0.12,0.67,-0.21
-0.08,0.67,-0.21
-0.05,0.67,-0.19
-0.02,0.67,-0.18
0.0,0.67,-0.16
0.02,0.67,-0.14
0.04,0.67,-0.13
0.06,0.67,-0.14
0.08,0.67,-0.15
0.11,0.67,-0.15
0.15,0.67,-0.15
0.18,0.67,-0.14
0.22,0.67,-0.12
0.25,0.67,-0.1
0.28,0.67,-0.07
0.3,0.67,-0.04
0.32,0.66,-0.0
0.33,0.66,0.04
0.33,0.66,0.09
0.31,0.66,0.13
0.29,0.66,0.17
0.26,0.66,0.2
0.23,0.66,0.23
0.19,0.66,0.24
0.14,0.66,0.25
0.1,0.66,0.25
0.07,0.66,0.24
0.03,0.66,0.23
-0.0,0.66,0.21
-0.03,0.66,0.19
-0.05,0.66,0.2
-0.09,0.66,0.21
-0.12,0.66,0.21
-0.16,0.66,0.2
-0.19,0.66,0.19
-0.23,0.66,0.17
-0.26,0.66,0.15
-0.28,0.66,0.12
-0.31,0.66,0.08
-0.32,0.66,0.04
-0.33,0.66,-0.0
-0.33,0.66,-0.04
-0.32,0.66,-0.09
-0.3,0.66,-0.13
-0.27,0.66,-0.16
-0.24,0.66,-0.19
-0.21,0.66,-0.21
-0.17,0.66,-0.22
-0.13,0.66,-0.22
-0.09,0.66,-0.21
-0.05,0.66,-0.2
-0.02,0.66,-0.18
0.0,0.66,-0.17
0.02,0.66,-0.15
0.04,0.66,-0.13
0.06,0.66,-0.14
0.08,0.66,-0.14
0.11,0.66,-0.15
0.15,0.66,-0.15
0.18,0.66,-0.14
0.22,0.66,-0.13
0.25,0.66,-0.1
0.28,0.66,-0.07
0.31,0.66,-0.04
0.33,0.64,0.0
0.34,0.64,0.04
0.33,0.64,0.09
0.32,0.64,0.13
0.3,0.64,0.17
0.26,0.64,0.2
0.23,0.64,0.23
0.19,0.64,0.24
0.14,0.64,0.25
0.1,0.64,0.25
0.06,0.64,0.24
0.03,0.64,0.23
-0.0,0.64,0.21
-0.03,0.64,0.19
-0.05,0.64,0.19
-0.08,0.64,0.2
-0.12,0.64,0.2
-0.15,0.64,0.2
-0.19,0.64,0.19
-0.22,0.64,0.17
-0.25,0.64,0.15
-0.28,0.64,0.12
-0.3,0.64,0.08
-0.32,0.64,0.04
-0.33,0.64,-0.0
-0.33,0.64,-0.04
-0.32,0.64,-0.09
-0.3,0.64,-0.13
-0.28,0.64,-0.16
-0.25,0.64,-0.19
-0.21,0.64,-0.21
-0.17,0.64,-0.22
-0.13,0.64,-0.23
-0.09,0.64,-0.22
-0.05,0.64,-0.21
-0.02,0.64,-0.19
0.0,0.64,-0.17
0.02,0.64,-0.15
0.04,0.64,-0.13
0.06,0.64,-0.14
0.08,0.64,-0.14
0.11,0.64,-0.15
0.15,0.64,-0.15
0.18,0.64,-0.14
0.22,0.64,-0.13
0.26,0.64,-0.1
0.29,0.64,-0.08
0.31,0.64,-0.04
0.33,0.62,-0.0
0.34,0.62,0.04
0.34,0.62,0.09
0.32,0.62,0.13
0.3,0.62,0.17
0.27,0.62,0.21
0.23,0.62,0.23
0.19,0.62,0.25
0.15,0.62,0.25
0.1,0.62,0.25
0.06,0.62,0.24
0.03,0.62,0.23
-0.0,0.62,0.21
-0.02,0.62,0.18
-0.05,0.62,0.18
-0.08,0.62,0.19
-0.11,0.62,0.19
-0.15,0.62,0.19
-0.18,0.62,0.18
-0.22,0.62,0.17
-0.25,0.62,0.14
-0.28,0.62,0.12
-0.3,0.62,0.08
-0.32,0.62,0.04
-0.33,0.62,-0.0
-0.33,0.62,-0.04
-0.33,0.62,-0.09
-0.31,0.62,-0.13
-0.29,0.62,-0.17
-0.25,0.62,-0.2
-0.22,0.62,-0.22
-0.18,0.62,-0.23
-0.13,0.62,-0.23
-0.09,0.62,-0.23
-0.06,0.62,-0.21
-0.03,0.62,-0.2
0.0,0.62,-0.17
0.02,0.62,-0.15
0.04,0.62,-0.13
0.06,0.62,-0.13
0.08,0.62,-0.14
0.11,0.62,-0.15
0.15,0.62,-0.15
0.19,0.62,-0.14
0.22,0.62,-0.13
0.26,0.62,-0.11
0.29,0.62,-0.08
0.32,0.62,-0.04
0.34,0.6,-0.0
0.35,0.6,0.05
0.34,0.6,0.09
0.33,0.6,0.14
0.3,0.6,0.18
0.27,0.6,0.21
0.23,0.6,0.23
0.19,0.6,0.25
0.15,0.6,0.25
0.1,0.6,0.25
0.06,0.6,0.24
0.03,0.6,0.22
-0.0,0.6,0.2
-0.02,0.6,0.18
-0.05,0.6,0.17
-0.08,0.6,0.18
-0.11,0.6,0.19
-0.14,0.6,0.19
-0.18,0.6,0.18
-0.21,0.6,0.16
-0.25,0.6,0.14
-0.28,0.6,0.11
-0.3,0.6,0.08
-0.32,0.6,0.04
-0.33,0.6,-0.0
-0.34,0.6,-0.05
-0.34,0.6,-0.09
-0.32,0.6,-0.13
-0.3,0.6,-0.17
-0.26,0.6,-0.2
-0.22,0.6,-0.22
-0.18,0.6,-0.24
-0.14,0.6,-0.24
-0.1,0.6,-0.23
-0.06,0.6,-0.22
-0.03,0.6,-0.2
0.0,0.6,-0.18
0.02,0.6,-0.16
0.04,0.6,-0.13
0.05,0.6,-0.13
0.08,0.6,-0.14
0.11,0.6,-0.15
0.15,0.6,-0.15
0.19,0.6,-0.14
0.23,0.6,-0.13
0.26,0.6,-0.11
0.3,0.6,-0.08
0.32,0.6,-0.04
0.34,0.58,-0.0
0.35,0.58,0.05
0.35,0.58,0.09
0.33,0.58,0.14
0.31,0.58,0.18
0.27,0.58,0.21
0.23,0.58,0.23
0.19,0.58,0.25
0.15,0.58,0.25
0.1,0.58,0.25
0.06,0.58,0.24
0.03,0.58,0.22
-0.0,0.58,0.2
-0.02,0.58,0.17
-0.04,0.58,0.16
-0.07,0.58,0.17
-0.1,0.58,0.18
-0.14,0.58,0.18
-0.17,0.58,0.17
-0.21,0.58,0.16
-0.24,0.58,0.14
-0.28,0.58,0.11
-0.3,0.58,0.08
-0.32,0.58,0.04
-0.34,0.58,-0.0
-0.35,0.58,-0.05
-0.34,0.58,-0.09
-0.33,0.58,-0.14
-0.3,0.58,-0.18
-0.27,0.58,-0.21
-0.23,0.58,-0.23
-0.19,0.58,-0.24
-0.14,0.58,-0.25
-0.1,0.58,-0.24
-0.06,0.58,-0.23
-0.03,0.58,-0.21
0.0,0.58,-0.18
0.02,0.58,-0.16
0.04,0.58,-0.13
0.05,0.58,-0.13
0.08,0.58,-0.14
0.11,0.58,-0.15
0.15,0.58,-0.15
0.19,0.58,-0.14
0.23,0.58,-0.13
0.27,0.58,-0.11
0.3,0.58,-0.08
0.33,0.58,-0.04
0.35,0.57,-0.0
0.36,0.57,0.05
0.35,0.57,0.09
0.34,0.57,0.14
0.31,0.57,0.18
0.28,0.57,0.21
0.23,0.57,0.23
0.19,0.57,0.25
0.15,0.57,0.25
0.1,0.57,0.25
0.06,0.57,0.23
0.03,0.57,0.22
-0.0,0.57,0.19
-0.02,0.57,0.17
-0.04,0.57,0.15
-0.07,0.57,0.16
-0.1,0.57,0.17
-0.13,0.57,0.17
-0.17,0.57,0.17
-0.21,0.57,0.16
-0.24,0.57,0.14
-0.27,0.57,0.11
-0.3,0.57,0.08
-0.33,0.57,0.04
-0.35,0.57,-0.0
-0.35,0.57,-0.05
-0.35,0.57,-0.09
-0.34,0.57,-0.14
-0.31,0.57,-0.18
-0.28,0.57,-0.21
-0.23,0.57,-0.23
-0.19,0.57,-0.25
-0.14,0.57,-0.25
-0.1,0.57,-0.25
-0.06,0.57,-0.23
-0.03,0.57,-0.21
0.0,0.57,-0.19
0.02,0.57,-0.16
0.04,0.57,-0.14
0.05,0.57,-0.12
0.08,0.57,-0.14
0.11,0.57,-0.14
0.15,0.57,-0.15
0.19,0.57,-0.14
0.23,0.57,-0.13
0.27,0.57,-0.11
0.31,0.57,-0.08
0.33,0.57,-0.04
0.35,0.55,-0.0
0.36,0.55,0.05
0.36,0.55,0.1
0.34,0.55,0.14
0.31,0.55,0.18
0.28,0.55,0.21
0.24,0.55,0.24
0.19,0.55,0.25
0.15,0.55,0.25
0.1,0.55,0.25
0.06,0.55,0.23
0.03,0.55,0.21
-0.0,0.55,0.19
-0.02,0.55,0.16
-0.04,0.55,0.14
-0.06,0.55,0.15
-0.09,0.55,0.16
-0.13,0.55,0.17
-0.16,0.55,0.16
-0.2,0.55,0.15
-0.24,0.55,0.14
-0.27,0.55,0.11
-0.3,0.55,0.08
-0.33,0.55,0.04
-0.35,0.55,-0.0
-0.36,0.55,-0.05
-0.36,0.55,-0.1
-0.34,0.55,-0.14
-0.31,0.55,-0.18
-0.28,0.55,-0.22
-0.24,0.55,-0.24
-0.19,0.55,-0.25
-0.15,0.55,-0.26
-0.1,0.55,-0.25
-0.06,0.55,-0.24
-0.03,0.55,-0.22
0.0,0.55,-0.19
0.02,0.55,-0.16
0.04,0.55,-0.14
0.05,0.55,-0.12
0.08,0.55,-0.13
0.11,0.55,-0.14
0.15,0.55,-0.15
0.19,0.55,-0.15
0.24,0.55,-0.14
0.28,0.55,-0.11
0.31,0.55,-0.08
0.34,0.55,-0.04
0.36,0.53,-0.0
0.36,0.53,0.05
0.36,0.53,0.1
0.34,0.53,0.14
0.32,0.53,0.18
0.28,0.53,0.21
0.24,0.53,0.24
0.19,0.53,0.25
0.15,0.53,0.25
0.1,0.53,0.24
0.06,0.53,0.23
0.03,0.53,0.21
-0.0,0.53,0.18
-0.02,0.53,0.15
-0.04,0.53,0.13
-0.06,0.53,0.14
-0.09,0.53,0.15
-0.12,0.53,0.16
-0.16,0.53,0.16
-0.2,0.53,0.15
-0.23,0.53,0.13
-0.27,0.53,0.11
-0.31,0.53,0.08
-0.34,0.53,0.04
-0.35,0.53,-0.0
-0.36,0.53,-0.05
-0.36,0.53,-0.1
-0.34,0.53,-0.14
-0.32,0.53,-0.19
-0.28,0.53,-0.22
-0.24,0.53,-0.24
-0.2,0.53,-0.26
-0.15,0.53,-0.26
-0.1,0.53,-0.25
-0.06,0.53,-0.24
-0.03,0.53,-0.22
0.0,0.53,-0.19
0.02,0.53,-0.16
0.04,0.53,-0.14
0.05,0.53,-0.12
0.08,0.53,-0.13
0.11,0.53,-0.15
0.15,0.53,-0.15
0.2,0.53,-0.15
0.24,0.53,-0.14
0.28,0.53,-0.12
0.32,0.53,-0.08
0.34,0.53,-0.04
0.36,0.51,-0.0
0.37,0.51,0.05
0.36,0.51,0.1
0.34,0.51,0.14
0.32,0.51,0.18
0.28,0.51,0.21
0.24,0.51,0.24
0.19,0.51,0.25
0.15,0.51,0.25
0.1,0.51,0.24
0.06,0.51,0.23
0.03,0.51,0.2
-0.0,0.51,0.17
-0.02,0.51,0.15
-0.03,0.51,0.12
-0.06,0.51,0.13
-0.08,0.51,0.15
-0.12,0.51,0.15
-0.15,0.51,0.15
-0.19,0.51,0.15
-0.23,0.51,0.13
-0.27,0.51,0.11
-0.31,0.51,0.08
-0.34,0.51,0.04
-0.36,0.51,-0.0
-0.36,0.51,-0.05
-0.36,0.51,-0.1
-0.35,0.51,-0.15
-0.32,0.51,-0.19
-0.29,0.51,-0.22
-0.25,0.51,-0.25
-0.2,0.51,-0.26
-0.15,0.51,-0.26
-0.1,0.51,-0.25
-0.06,0.51,-0.24
-0.03,0.51,-0.22
0.0,0.51,-0.19
0.02,0.51,-0.16
0.04,0.51,-0.14
0.05,0.51,-0.12
0.08,0.51,-0.14
0.11,0.51,-0.15
0.16,0.51,-0.15
0.2,0.51,-0.15
0.24,0.51,-0.14
0.29,0.51,-0.12
0.32,0.51,-0.08
0.35,0.51,-0.04
0.37,0.49,-0.0
0.37,0.49,0.05
0.36,0.49,0.1
0.34,0.49,0.14
0.31,0.49,0.18
0.28,0.49,0.21
0.24,0.49,0.24
0.19,0.49,0.25
0.14,0.49,0.25
0.1,0.49,0.24
0.06,0.49,0.22
0.03,0.49,0.2
-0.0,0.49,0.17
-0.02,0.49,0.14
-0.03,0.49,0.11
-0.05,0.49,0.12
-0.08,0.49,0.14
-0.11,0.49,0.14
-0.15,0.49,0.15
-0.19,0.49,0.14
-0.23,0.49,0.13
-0.27,0.49,0.11
-0.31,0.49,0.08
-0.34,0.49,0.04
-0.36,0.49,-0.0
-0.37,0.49,-0.05
-0.36,0.49,-0.1
-0.35,0.49,-0.15
-0.33,0.49,-0.19
-0.29,0.49,-0.23
-0.25,0.49,-0.25
-0.2,0.49,-0.27
-0.15,0.49,-0.27
-0.11,0.49,-0.26
-0.06,0.49,-0.24
-0.03,0.49,-0.22
0.0,0.49,-0.19
0.02,0.49,-0.16
0.04,0.49,-0.13
0.05,0.49,-0.12
0.08,0.49,-0.14
0.12,0.49,-0.15
0.16,0.49,-0.16
0.2,0.49,-0.15
0.25,0.49,-0.14
0.29,0.49,-0.12
0.33,0.49,-0.09
0.35,0.49,-0.04
0.37,0.47,-0.0
0.38,0.47,0.05
0.37,0.47,0.1
0.35,0.47,0.14
0.32,0.47,0.18
0.28,0.47,0.21
0.23,0.47,0.23
0.19,0.47,0.25
0.14,0.47,0.25
0.1,0.47,0.24
0.06,0.47,0.22
0.02,0.47,0.19
-0.0,0.47,0.16
-0.02,0.47,0.13
-0.03,0.47,0.1
-0.05,0.47,0.11
-0.07,0.47,0.13
-0.1,0.47,0.13
-0.14,0.47,0.14
-0.18,0.47,0.14
-0.23,0.47,0.13
-0.27,0.47,0.11
-0.3,0.47,0.08
-0.33,0.47,0.04
-0.36,0.47,-0.0
-0.37,0.47,-0.05
-0.37,0.47,-0.1
-0.36,0.47,-0.15
-0.33,0.47,-0.19
-0.3,0.47,-0.23
-0.26,0.47,-0.26
-0.21,0.47,-0.27
-0.16,0.47,-0.28
-0.11,0.47,-0.26
-0.06,0.47,-0.24
-0.03,0.47,-0.21
0.0,0.47,-0.18
0.02,0.47,-0.16
0.03,0.47,-0.13
0.05,0.47,-0.12
0.08,0.47,-0.13
0.12,0.47,-0.15
0.16,0.47,-0.16
0.2,0.47,-0.16
0.25,0.47,-0.14
0.29,0.47,-0.12
0.33,0.47,-0.09
0.36,0.47,-0.05
0.38,0.46,-0.0
0.38,0.46,0.05
0.37,0.46,0.1
0.35,0.46,0.14
0.32,0.46,0.18
0.28,0.46,0.21
0.23,0.46,0.23
0.19,0.46,0.24
0.14,0.46,0.24
0.1,0.46,0.23
0.06,0.46,0.21
0.02,0.46,0.18
-0.0,0.46,0.15
-0.02,0.46,0.12
-0.02,0.46,0.09
-0.04,0.46,0.1
-0.07,0.46,0.11
-0.1,0.46,0.13
-0.13,0.46,0.13
-0.18,0.46,0.14
-0.22,0.46,0.13
-0.26,0.46,0.11
-0.3,0.46,0.08
-0.33,0.46,0.04
-0.36,0.46,-0.0
-0.37,0.46,-0.05
-0.37,0.46,-0.1
-0.36,0.46,-0.15
-0.34,0.46,-0.2
-0.3,0.46,-0.23
-0.26,0.46,-0.26
-0.21,0.46,-0.28
-0.16,0.46,-0.28
-0.11,0.46,-0.27
-0.07,0.46,-0.25
-0.03,0.46,-0.22
0.0,0.46,-0.18
0.02,0.46,-0.15
0.03,0.46,-0.12
0.05,0.46,-0.11
0.08,0.46,-0.13
0.12,0.46,-0.15
0.16,0.46,-0.16
0.21,0.46,-0.16
0.25,0.46,-0.15
0.3,0.46,-0.12
0.33,0.46,-0.09
0.36,0.46,-0.05
0.38,0.44,0.0
0.38,0.44,0.05
0.37,0.44,0.1
0.35,0.44,0.15
0.32,0.44,0.18
0.28,0.44,0.21
0.23,0.44,0.23
0.18,0.44,0.24
0.14,0.44,0.24
0.09,0.44,0.22
0.05,0.44,0.2
0.02,0.44,0.17
-0.0,0.44,0.14
-0.01,0.44,0.11
-0.02,0.44,0.08
-0.04,0.44,0.09
-0.06,0.44,0.1
-0.09,0.44,0.12
-0.13,0.44,0.13
-0.17,0.44,0.13
-0.22,0.44,0.12
-0.26,0.44,0.11
-0.3,0.44,0.08
-0.33,0.44,0.04
-0.36,0.44,-0.0
-0.37,0.44,-0.05
-0.37,0.44,-0.1
-0.36,0.44,-0.15
-0.34,0.44,-0.2
-0.31,0.44,-0.24
-0.27,0.44,-0.27
-0.22,0.44,-0.28
-0.16,0.44,-0.29
-0.11,0.44,-0.28
-0.07,0.44,-0.25
-0.03,0.44,-0.22
0.0,0.44,-0.18
0.02,0.44,-0.14
0.03,0.44,-0.11
0.05,0.44,-0.11
0.08,0.44,-0.13
0.12,0.44,-0.15
0.16,0.44,-0.16
0.21,0.44,-0.16
0.26,0.44,-0.15
0.3,0.44,-0.12
0.34,0.44,-0.09
0.37,0.44,-0.05
0.39,0.42,-0.0
0.39,0.42,0.05
0.38,0.42,0.1
0.35,0.42,0.15
0.32,0.42,0.19
0.28,0.42,0.21
0.23,0.42,0.23
0.18,0.42,0.24
0.13,0.42,0.23
0.09,0.42,0.22
0.05,0.42,0.19
0.02,0.42,0.16
-0.0,0.42,0.13
-0.01,0.42,0.1
-0.02,0.42,0.07
-0.03,0.42,0.07
-0.05,0.42,0.09
-0.08,0.42,0.11
-0.12,0.42,0.12
-0.16,0.42,0.13
-0.21,0.42,0.12
-0.25,0.42,0.1
-0.3,0.42,0.08
-0.33,0.42,0.04
-0.36,0.42,-0.0
-0.37,0.42,-0.05
-0.38,0.42,-0.1
-0.37,0.42,-0.15
-0.35,0.42,-0.2
-0.31,0.42,-0.24
-0.27,0.42,-0.27
-0.22,0.42,-0.29
-0.17,0.42,-0.29
-0.12,0.42,-0.28
-0.07,0.42,-0.26
-0.03,0.42,-0.22
0.0,0.42,-0.18
0.02,0.42,-0.14
0.03,0.42,-0.1
0.04,0.42,-0.11
0.08,0.42,-0.13
0.12,0.42,-0.15
0.16,0.42,-0.16
0.21,0.42,-0.16
0.26,0.42,-0.15
0.31,0.42,-0.13
0.34,0.42,-0.09
0.37,0.42,-0.05
0.39,0.4,-0.0
0.39,0.4,0.05
0.38,0.4,0.1
0.36,0.4,0.15
0.32,0.4,0.19
0.28,0.4,0.21
0.23,0.4,0.23
0.18,0.4,0.24
0.13,0.4,0.23
0.09,0.4,0.21
0.05,0.4,0.19
0.02,0.4,0.16
-0.0,0.4,0.12
-0.01,0.4,0.09
-0.02,0.4,0.06
-0.02,0.4,0.05
-0.04,0.4,0.07
-0.07,0.4,0.09
-0.11,0.4,0.11
-0.16,0.4,0.12
-0.2,0.4,0.12
-0.25,0.4,0.1
-0.29,0.4,0.08
-0.33,0.4,0.04
-0.36,0.4,-0.0
-0.37,0.4,-0.05
-0.38,0.4,-0.1
-0.37,0.4,-0.15
-0.35,0.4,-0.2
-0.32,0.4,-0.24
-0.27,0.4,-0.28
-0.22,0.4,-0.29
-0.17,0.4,-0.3
-0.12,0.4,-0.29
-0.07,0.4,-0.26
-0.03,0.4,-0.23
0.0,0.4,-0.18
0.02,0.4,-0.14
0.02,0.4,-0.09
0.04,0.4,-0.1
0.07,0.4,-0.13
0.12,0.4,-0.15
0.16,0.4,-0.16
0.21,0.4,-0.16
0.26,0.4,-0.15
0.31,0.4,-0.13
0.35,0.4,-0.09
0.38,0.4,-0.05
0.39,0.38,-0.0
0.4,0.38,0.05
0.38,0.38,0.1
0.36,0.38,0.15
0.32,0.38,0.19
0.28,0.38,0.22
0.23,0.38,0.23
0.18,0.38,0.24
0.13,0.38,0.23
0.09,0.38,0.21
0.05,0.38,0.18
0.02,0.38,0.15
-0.0,0.38,0.11
-0.01,0.38,0.07
-0.01,0.38,0.05
-0.01,0.38,0.03
-0.03,0.38,0.05
-0.06,0.38,0.08
-0.1,0.38,0.1
-0.15,0.38,0.11
-0.2,0.38,0.11
-0.24,0.38,0.1
-0.29,0.38,0.08
-0.33,0.38,0.04
-0.36,0.38,-0.0
-0.37,0.38,-0.05
-0.38,0.38,-0.1
-0.37,0.38,-0.16
-0.35,0.38,-0.21
-0.32,0.38,-0.25
-0.28,0.38,-0.28
-0.23,0.38,-0.3
-0.17,0.38,-0.3
-0.12,0.38,-0.29
-0.07,0.38,-0.27
-0.03,0.38,-0.23
0.0,0.38,-0.18
0.02,0.38,-0.13
0.02,0.38,-0.08
0.04,0.38,-0.1
0.07,0.38,-0.13
0.12,0.38,-0.15
0.16,0.38,-0.16
0.22,0.38,-0.16
0.27,0.38,-0.15
0.31,0.38,-0.13
0.35,0.38,-0.09
0.38,0.38,-0.05
0.4,0.36,-0.0
0.4,0.36,0.05
0.39,0.36,0.1
0.36,0.36,0.15
0.33,0.36,0.19
0.28,0.36,0.22
0.23,0.36,0.23
0.18,0.36,0.23
0.13,0.36,0.22
0.08,0.36,0.2
0.05,0.36,0.17
0.02,0.36,0.14
-0.0,0.36,0.09
-0.01,0.36,0.06
-0.01,0.36,0.03
-0.01,0.36,0.02
-0.01,0.36,0.01
-0.05,0.36,0.06
-0.09,0.36,0.09
-0.14,0.36,0.11
-0.19,0.36,0.11
-0.24,0.36,0.1
-0.28,0.36,0.08
-0.32,0.36,0.04
-0.35,0.36,-0.0
-0.37,0.36,-0.05
-0.38,0.36,-0.1
-0.38,0.36,-0.16
-0.36,0.36,-0.21
-0.33,0.36,-0.25
-0.28,0.36,-0.28
-0.23,0.36,-0.3
-0.18,0.36,-0.31
-0.12,0.36,-0.3
-0.07,0.36,-0.27
-0.03,0.36,-0.23
0.0,0.36,-0.18
0.02,0.36,-0.13
0.02,0.36,-0.07
0.04,0.36,-0.09
0.07,0.36,-0.12
0.11,0.36,-0.15
0.16,0.36,-0.16
0.22,0.36,-0.17
0.27,0.36,-0.15
0.32,0.36,-0.13
0.36,0.36,-0.09
0.39,0.36,-0.05
0.4,0.35,0.0
0.4,0.35,0.05
0.39,0.35,0.1
0.36,0.35,0.15
0.33,0.35,0.19
0.28,0.35,0.22
0.23,0.35,0.23
0.18,0.35,0.23
0.13,0.35,0.22
0.08,0.35,0.2
0.04,0.35,0.16
0.02,0.35,0.12
-0.0,0.35,0.08
-0.0,0.35,0.03
-0.0,0.35,0.01
-0.0,0.35,0.0
-0.0,0.35,0.0
-0.0,0.35,0.0
-0.07,0.35,0.07
-0.13,0.35,0.1
-0.18,0.35,0.1
-0.23,0.35,0.1
-0.28,0.35,0.07
-0.32,0.35,0.04
-0.35,0.35,-0.0
-0.38,0.35,-0.05
-0.38,0.35,-0.1
-0.38,0.35,-0.16
-0.36,0.35,-0.21
-0.33,0.35,-0.25
-0.29,0.35,-0.29
-0.24,0.35,-0.31
-0.18,0.35,-0.31
-0.12,0.35,-0.3
-0.07,0.35,-0.28
-0.03,0.35,-0.24
0.0,0.35,-0.18
0.02,0.35,-0.12
0.01,0.35,-0.04
0.03,0.35,-0.08
0.07,0.35,-0.12
0.11,0.35,-0.15
0.17,0.35,-0.16
0.22,0.35,-0.17
0.27,0.35,-0.16
0.32,0.35,-0.13
0.36,0.35,-0.1
0.39,0.35,-0.05
0.41,0.33,0.0
0.41,0.33,0.05
0.39,0.33,0.11
0.37,0.33,0.15
0.33,0.33,0.19
0.28,0.33,0.22
0.23,0.33,0.23
0.18,0.33,0.23
0.13,0.33,0.22
0.08,0.33,0.19
0.04,0.33,0.16
0.01,0.33,0.11
-0.0,0.33,0.04
0.0,0.33,-0.04
1.3,0.33,-4.83
0.01,0.33,-0.02
0.0,0.33,-0.01
0.0,0.33,-0.01
0.0,0.33,-0.0
-0.11,0.33,0.09
-0.17,0.33,0.1
-0.22,0.33,0.09
-0.27,0.33,0.07
-0.32,0.33,0.04
-0.35,0.33,-0.0
-0.38,0.33,-0.05
-0.39,0.33,-0.1
-0.38,0.33,-0.16
-0.37,0.33,-0.21
-0.33,0.33,-0.26
-0.29,0.33,-0.29
-0.24,0.33,-0.31
-0.18,0.33,-0.32
-0.13,0.33,-0.31
-0.07,0.33,-0.28
-0.03,0.33,-0.24
0.0,0.33,-0.18
0.02,0.33,-0.12
-1.31,0.33,4.82
0.03,0.33,-0.07
0.07,0.33,-0.11
0.11,0.33,-0.15
0.17,0.33,-0.17
0.22,0.33,-0.17
0.28,0.33,-0.16
0.33,0.33,-0.13
0.37,0.33,-0.1
0.39,0.33,-0.05
0.41,0.31,-0.0
0.41,0.31,0.05
0.4,0.31,0.11
0.37,0.31,0.15
0.33,0.31,0.19
0.28,0.31,0.22
0.23,0.31,0.23
0.17,0.31,0.23
0.12,0.31,0.21
0.08,0.31,0.18
0.04,0.31,0.14
0.01,0.31,0.09
0.0,0.31,-0.03
0.01,0.31,-0.06
1.3,0.31,-4.83
1.92,0.31,-4.62
0.01,0.31,-0.02
0.01,0.31,-0.01
0.01,0.31,-0.01
-0.09,0.31,0.07
-0.16,0.31,0.09
-0.22,0.31,0.09
-0.27,0.31,0.07
-0.31,0.31,0.04
-0.35,0.31,-0.0
-0.38,0.31,-0.05
-0.39,0.31,-0.11
-0.39,0.31,-0.16
-0.37,0.31,-0.21
-0.34,0.31,-0.26
-0.3,0.31,-0.3
-0.24,0.31,-0.32
-0.19,0.31,-0.33
-0.13,0.31,-0.31
-0.08,0.31,-0.29
-0.03,0.31,-0.24
0.0,0.31,-0.18
0.01,0.31,-0.1
-1.31,0.31,4.82
-1.93,0.31,4.61
0.06,0.31,-0.11
0.11,0.31,-0.15
0.17,0.31,-0.17
0.22,0.31,-0.17
0.28,0.31,-0.16
0.33,0.31,-0.13
0.37,0.31,-0.1
0.4,0.31,-0.05
0.42,0.29,-0.0
0.42,0.29,0.05
0.4,0.29,0.11
0.37,0.29,0.15
0.33,0.29,0.19
0.28,0.29,0.22
0.23,0.29,0.23
0.17,0.29,0.23
0.12,0.29,0.21
0.07,0.29,0.18
0.03,0.29,0.13
-0.0,0.29,-0.03
0.0,0.29,-0.05
0.66,0.29,-4.96
1.3,0.29,-4.83
1.92,0.29,-4.62
0.02,0.29,-0.03
0.02,0.29,-0.02
0.01,0.29,-0.01
0.01,0.29,-0.01
-0.14,0.29,0.08
-0.21,0.29,0.09
-0.26,0.29,0.07
-0.31,0.29,0.04
-0.35,0.29,-0.0
-0.38,0.29,-0.05
-0.39,0.29,-0.11
-0.39,0.29,-0.16
-0.37,0.29,-0.22
-0.34,0.29,-0.26
-0.3,0.29,-0.3
-0.25,0.29,-0.32
-0.19,0.29,-0.33
-0.13,0.29,-0.32
-0.08,0.29,-0.29
-0.03,0.29,-0.25
0.0,0.29,-0.18
-0.67,0.29,4.95
-1.31,0.29,4.82
-1.93,0.29,4.61
0.06,0.29,-0.1
0.11,0.29,-0.14
0.17,0.29,-0.17
0.23,0.29,-0.17
0.28,0.29,-0.16
0.33,0.29,-0.14
0.37,0.29,-0.1
0.4,0.29,-0.05
0.42,0.27,-0.0
0.42,0.27,0.06
0.4,0.27,0.11
0.37,0.27,0.15
0.33,0.27,0.19
0.28,0.27,0.22
0.23,0.27,0.23
0.17,0.27,0.22
0.12,0.27,0.2
0.07,0.27,0.17
0.03,0.27,0.11
-0.01,0.27,-0.04
0.0,0.27,-0.06
0.66,0.27,-4.96
1.3,0.27,-4.83
1.92,0.27,-4.62
0.03,0.27,-0.05
0.02,0.27,-0.03
0.02,0.27,-0.02
0.02,0.27,-0.01
-0.12,0.27,0.07
-0.2,0.27,0.08
-0.26,0.27,0.07
-0.31,0.27,0.04
-0.35,0.27,-0.0
-0.38,0.27,-0.05
-0.39,0.27,-0.11
-0.39,0.27,-0.16
-0.38,0.27,-0.22
-0.35,0.27,-0.27
-0.3,0.27,-0.31
-0.25,0.27,-0.33
-0.19,0.27,-0.34
-0.13,0.27,-0.33
-0.08,0.27,-0.3
-0.03,0.27,-0.25
0.0,0.27,-0.18
-0.67,0.27,4.95
-1.31,0.27,4.82
-1.93,0.27,4.61
0.05,0.27,-0.09
0.11,0.27,-0.14
0.17,0.27,-0.17
0.23,0.27,-0.17
0.29,0.27,-0.16
0.34,0.27,-0.14
0.38,0.27,-0.1
0.41,0.27,-0.05
0.43,0.26,-0.0
0.42,0.26,0.06
0.41,0.26,0.11
0.38,0.26,0.16
0.33,0.26,0.19
0.28,0.26,0.22
0.23,0.26,0.23
0.17,0.26,0.22
0.11,0.26,0.2
0.07,0.26,0.16
-0.01,0.26,-0.04
-0.01,0.26,-0.05
0.0,0.26,-0.07
0.66,0.26,-4.96
1.3,0.26,-4.83
1.92,0.26,-4.62
2.51,0.26,-4.33
0.03,0.26,-0.04
0.02,0.26,-0.02
0.02,0.26,-0.02
0.02,0.26,-0.01
-0.18,0.26,0.08
-0.25,0.26,0.07
-0.3,0.26,0.04
-0.35,0.26,-0.0
-0.38,0.26,-0.05
-0.39,0.26,-0.11
-0.39,0.26,-0.16
-0.38,0.26,-0.22
-0.35,0.26,-0.27
-0.31,0.26,-0.31
-0.26,0.26,-0.33
-0.2,0.26,-0.34
-0.14,0.26,-0.33
-0.08,0.26,-0.3
-0.03,0.26,-0.25
0.0,0.26,-0.18
-0.67,0.26,4.95
-1.31,0.26,4.82
-1.93,0.26,4.61
-2.52,0.26,4.32
0.11,0.26,-0.14
0.17,0.26,-0.17
0.23,0.26,-0.18
0.29,0.26,-0.17
0.34,0.26,-0.14
0.38,0.26,-0.1
0.41,0.26,-0.05
0.43,0.24,-0.0
0.43,0.24,0.06
0.41,0.24,0.11
0.38,0.24,0.16
0.33,0.24,0.19
0.28,0.24,0.22
0.22,0.24,0.22
0.17,0.24,0.22
0.11,0.24,0.19
0.06,0.24,0.14
-0.01,0.24,-0.05
-0.01,0.24,-0.06
0.0,0.24,-0.09
0.66,0.24,-4.96
1.3,0.24,-4.83
1.92,0.24,-4.62
2.51,0.24,-4.33
0.03,0.24,-0.05
0.03,0.24,-0.03
0.03,0.24,-0.02
0.03,0.24,-0.01
-0.17,0.24,0.07
-0.24,0.24,0.06
-0.3,0.24,0.04
-0.34,0.24,-0.0
-0.38,0.24,-0.05
-0.39,0.24,-0.11
-0.4,0.24,-0.17
-0.38,0.24,-0.22
-0.36,0.24,-0.27
-0.31,0.24,-0.31
-0.26,0.24,-0.34
-0.2,0.24,-0.35
-0.14,0.24,-0.34
-0.08,0.24,-0.31
-0.03,0.24,-0.25
0.0,0.24,-0.17
-0.67,0.24,4.95
-1.31,0.24,4.82
-1.93,0.24,4.61
-2.52,0.24,4.32
0.11,0.24,-0.14
0.17,0.24,-0.17
0.23,0.24,-0.18
0.29,0.24,-0.17
0.35,0.24,-0.14
0.39,0.24,-0.1
0.42,0.24,-0.05
0.43,0.22,0.0
0.43,0.22,0.06
0.41,0.22,0.11
0.38,0.22,0.16
0.33,0.22,0.19
0.28,0.22,0.22
0.22,0.22,0.22
0.16,0.22,0.21
0.11,0.22,0.18
0.05,0.22,0.12
-0.01,0.22,-0.05
-0.01,0.22,-0.07
0.0,0.22,-0.11
0.66,0.22,-4.96
1.3,0.22,-4.83
1.92,0.22,-4.62
2.51,0.22,-4.33
0.04,0.22,-0.06
0.03,0.22,-0.03
0.03,0.22,-0.02
0.03,0.22,-0.02
-0.14,0.22,0.06
-0.23,0.22,0.06
-0.29,0.22,0.04
-0.34,0.22,-0.0
-0.38,0.22,-0.05
-0.4,0.22,-0.11
-0.4,0.22,-0.17
-0.39,0.22,-0.23
-0.36,0.22,-0.28
-0.32,0.22,-0.32
-0.26,0.22,-0.34
-0.2,0.22,-0.35
-0.14,0.22,-0.34
-0.08,0.22,-0.31
-0.03,0.22,-0.26
0.0,0.22,-0.16
-0.67,0.22,4.95
-1.31,0.22,4.82
-1.93,0.22,4.61
-2.52,0.22,4.32
0.1,0.22,-0.13
0.17,0.22,-0.17
0.23,0.22,-0.18
0.3,0.22,-0.17
0.35,0.22,-0.14
0.39,0.22,-0.1
0.42,0.22,-0.05
0.44,0.2,-0.0
0.44,0.2,0.06
0.42,0.2,0.11
0.38,0.2,0.16
0.34,0.2,0.19
0.28,0.2,0.22
0.22,0.2,0.22
0.16,0.2,0.21
0.1,0.2,0.18
-0.02,0.2,-0.05
-0.02,0.2,-0.06
-0.01,0.2,-0.08
0.01,0.2,-5.0
0.66,0.2,-4.96
1.3,0.2,-4.83
1.92,0.2,-4.62
2.51,0.2,-4.33
0.05,0.2,-0.07
0.04,0.2,-0.04
0.04,0.2,-0.03
0.03,0.2,-0.02
0.03,0.2,-0.01
-0.22,0.2,0.06
-0.29,0.2,0.04
-0.34,0.2,-0.0
-0.38,0.2,-0.05
-0.4,0.2,-0.11
-0.4,0.2,-0.17
-0.39,0.2,-0.23
-0.36,0.2,-0.28
-0.32,0.2,-0.32
-0.27,0.2,-0.35
-0.21,0.2,-0.36
-0.14,0.2,-0.35
-0.08,0.2,-0.31
-0.03,0.2,-0.26
-0.02,0.2,5.0
-0.67,0.2,4.95
-1.31,0.2,4.82
-1.93,0.2,4.61
-2.52,0.2,4.32
0.1,0.2,-0.13
0.17,0.2,-0.17
0.24,0.2,-0.18
0.3,0.2,-0.17
0.35,0.2,-0.14
0.4,0.2,-0.1
0.43,0.2,-0.05
0.44,0.18,-0.0
0.44,0.18,0.06
0.42,0.18,0.11
0.38,0.18,0.16
0.34,0.18,0.19
0.28,0.18,0.22
0.22,0.18,0.22
0.16,0.18,0.21
0.1,0.18,0.17
-0.02,0.18,-0.06
-0.02,0.18,-0.07
-0.01,0.18,-0.09
0.01,0.18,-5.0
0.66,0.18,-4.96
1.3,0.18,-4.83
1.92,0.18,-4.62
2.51,0.18,-4.33
0.07,0.18,-0.09
0.05,0.18,-0.05
0.04,0.18,-0.03
0.04,0.18,-0.02
0.04,0.18,-0.02
-0.2,0.18,0.05
-0.28,0.18,0.04
-0.33,0.18,-0.0
-0.37,0.18,-0.05
-0.4,0.18,-0.11
-0.41,0.18,-0.17
-0.39,0.18,-0.23
-0.37,0.18,-0.28
-0.32,0.18,-0.33
-0.27,0.18,-0.36
-0.21,0.18,-0.36
-0.14,0.18,-0.35
-0.08,0.18,-0.32
-0.03,0.18,-0.26
-0.02,0.18,5.0
-0.67,0.18,4.95
-1.31,0.18,4.82
-1.93,0.18,4.61
-2.52,0.18,4.32
0.09,0.18,-0.12
0.17,0.18,-0.17
0.24,0.18,-0.18
0.3,0.18,-0.17
0.36,0.18,-0.15
0.4,0.18,-0.11
0.43,0.18,-0.05
0.45,0.16,0.0
0.44,0.16,0.06
0.42,0.16,0.11
0.39,0.16,0.16
0.34,0.16,0.19
0.28,0.16,0.21
0.22,0.16,0.22
0.15,0.16,0.2
0.09,0.16,0.15
-0.03,0.16,-0.06
-0.02,0.16,-0.07
-0.01,0.16,-0.1
0.01,0.16,-5.0
0.66,0.16,-4.96
1.3,0.16,-4.83
1.92,0.16,-4.62
2.51,0.16,-4.33
3.05,0.16,-3.96
0.05,0.16,-0.05
0.05,0.16,-0.04
0.04,0.16,-0.02
0.04,0.16,-0.02
-0.18,0.16,0.05
-0.27,0.16,0.03
-0.33,0.16,-0.0
-0.37,0.16,-0.05
-0.4,0.16,-0.11
-0.41,0.16,-0.17
-0.4,0.16,-0.23
-0.37,0.16,-0.29
-0.33,0.16,-0.33
-0.27,0.16,-0.36
-0.21,0.16,-0.37
-0.15,0.16,-0.36
-0.09,0.16,-0.32
-0.03,0.16,-0.26
-0.02,0.16,5.0
-0.67,0.16,4.95
-1.31,0.16,4.82
-1.93,0.16,4.61
-2.52,0.16,4.32
-3.06,0.16,3.95
0.17,0.16,-0.17
0.24,0.16,-0.18
0.3,0.16,-0.17
0.36,0.16,-0.15
0.41,0.16,-0.11
0.44,0.16,-0.06
0.45,0.15,-0.0
0.45,0.15,0.06
0.42,0.15,0.11
0.39,0.15,0.16
0.34,0.15,0.2
0.28,0.15,0.21
0.22,0.15,0.22
0.15,0.15,0.19
-0.03,0.15,-0.06
-0.03,0.15,-0.07
-0.02,0.15,-0.08
-0.01,0.15,-0.1
0.01,0.15,-5.0
0.66,0.15,-4.96
1.3,0.15,-4.83
1.92,0.15,-4.62
2.51,0.15,-4.33
3.05,0.15,-3.96
0.06,0.15,-0.06
0.05,0.15,-0.04
0.05,0.15,-0.03
0.05,0.15,-0.02
0.04,0.15,-0.01
-0.26,0.15,0.03
-0.33,0.15,-0.0
-0.37,0.15,-0.05
-0.4,0.15,-0.11
-0.41,0.15,-0.17
-0.4,0.15,-0.23
-0.38,0.15,-0.29
-0.33,0.15,-0.34
-0.28,0.15,-0.37
-0.22,0.15,-0.38
-0.15,0.15,-0.36
-0.09,0.15,-0.33
-0.03,0.15,-0.26
-0.02,0.15,5.0
-0.67,0.15,4.95
-1.31,0.15,4.82
-1.93,0.15,4.61
-2.52,0.15,4.32
-3.06,0.15,3.95
0.17,0.15,-0.17
0.24,0.15,-0.18
0.31,0.15,-0.18
0.37,0.15,-0.15
0.41,0.15,-0.11
0.44,0.15,-0.06
0.46,0.13,-0.0
0.45,0.13,0.06
0.43,0.13,0.11
0.39,0.13,0.16
0.34,0.13,0.2
0.28,0.13,0.21
0.21,0.13,0.21
0.14,0.13,0.19
-0.04,0.13,-0.06
-0.03,0.13,-0.07
-0.02,0.13,-0.09
-0.01,0.13,-0.11
0.01,0.13,-5.0
0.66,0.13,-4.96
1.3,0.13,-4.83
1.92,0.13,-4.62
2.51,0.13,-4.33
3.05,0.13,-3.96
0.06,0.13,-0.06
0.06,0.13,-0.04
0.05,0.13,-0.03
0.05,0.13,-0.02
0.05,0.13,-0.01
-0.25,0.13,0.03
-0.32,0.13,-0.0
-0.37,0.13,-0.05
-0.4,0.13,-0.11
-0.41,0.13,-0.17
-0.4,0.13,-0.24
-0.38,0.13,-0.29
-0.34,0.13,-0.34
-0.28,0.13,-0.37
-0.22,0.13,-0.38
-0.15,0.13,-0.37
-0.09,0.13,-0.33
-0.03,0.13,-0.27
-0.02,0.13,5.0
-0.67,0.13,4.95
-1.31,0.13,4.82
-1.93,0.13,4.61
-2.52,0.13,4.32
-3.06,0.13,3.95
0.17,0.13,-0.17
0.24,0.13,-0.19
0.31,0.13,-0.18
0.37,0.13,-0.15
0.41,0.13,-0.11
0.44,0.13,-0.06
0.46,0.11,0.0
0.45,0.11,0.06
0.43,0.11,0.12
0.39,0.11,0.16
0.34,0.11,0.2
0.28,0.11,0.21
0.21,0.11,0.21
0.14,0.11,0.18
-0.04,0.11,-0.07
-0.03,0.11,-0.08
-0.03,0.11,-0.09
-0.02,0.11,-0.12
0.01,0.11,-5.0
0.66,0.11,-4.96
1.3,0.11,-4.83
1.92,0.11,-4.62
2.51,0.11,-4.33
3.05,0.11,-3.96
0.07,0.11,-0.07
0.06,0.11,-0.05
0.06,0.11,-0.03
0.05,0.11,-0.02
0.05,0.11,-0.01
-0.23,0.11,0.03
-0.31,0.11,-0.0
-0.37,0.11,-0.05
-0.4,0.11,-0.11
-0.41,0.11,-0.17
-0.41,0.11,-0.24
-0.38,0.11,-0.29
-0.34,0.11,-0.34
-0.28,0.11,-0.37
-0.22,0.11,-0.38
-0.15,0.11,-0.37
-0.09,0.11,-0.34
-0.03,0.11,-0.27
-0.02,0.11,5.0
-0.67,0.11,4.95
-1.31,0.11,4.82
-1.93,0.11,4.61
-2.52,0.11,4.32
-3.06,0.11,3.95
0.17,0.11,-0.17
0.25,0.11,-0.19
0.31,0.11,-0.18
0.37,0.11,-0.15
0.42,0.11,-0.11
0.45,0.11,-0.06
0.46,0.09,-0.0
0.46,0.09,0.06
0.43,0.09,0.12
0.39,0.09,0.16
0.34,0.09,0.2
0.28,0.09,0.21
0.21,0.09,0.21
0.13,0.09,0.17
-0.04,0.09,-0.07
-0.03,0.09,-0.08
-0.03,0.09,-0.1
-0.02,0.09,-0.13
0.01,0.09,-5.0
0.66,0.09,-4.96
1.3,0.09,-4.83
1.92,0.09,-4.62
2.51,0.09,-4.33
3.05,0.09,-3.96
0.08,0.09,-0.08
0.07,0.09,-0.05
0.06,0.09,-0.04
0.06,0.09,-0.02
0.06,0.09,-0.02
-0.2,0.09,0.03
-0.31,0.09,-0.0
-0.36,0.09,-0.05
-0.4,0.09,-0.11
-0.42,0.09,-0.17
-0.41,0.09,-0.24
-0.38,0.09,-0.3
-0.34,0.09,-0.34
-0.28,0.09,-0.37
-0.22,0.09,-0.39
-0.15,0.09,-0.38
-0.09,0.09,-0.34
-0.03,0.09,-0.27
-0.02,0.09,5.0
-0.67,0.09,4.95
-1.31,0.09,4.82
-1.93,0.09,4.61
-2.52,0.09,4.32
-3.06,0.09,3.95
0.17,0.09,-0.16
0.25,0.09,-0.19
0.32,0.09,-0.18
0.38,0.09,-0.15
0.42,0.09,-0.11
0.45,0.09,-0.06
0.46,0.07,-0.0
0.46,0.07,0.06
0.43,0.07,0.12
0.39,0.07,0.16
0.34,0.07,0.2
0.27,0.07,0.21
0.2,0.07,0.2
0.12,0.07,0.16
-0.04,0.07,-0.08
-0.04,0.07,-0.09
-0.03,0.07,-0.11
-0.02,0.07,-0.14
0.01,0.07,-5.0
0.66,0.07,-4.96
1.3,0.07,-4.83
1.92,0.07,-4.62
2.51,0.07,-4.33
3.05,0.07,-3.96
0.09,0.07,-0.09
0.07,0.07,-0.05
0.07,0.07,-0.04
0.06,0.07,-0.03
0.06,0.07,-0.02
0.06,0.07,-0.01
-0.3,0.07,-0.0
-0.36,0.07,-0.05
-0.4,0.07,-0.11
-0.42,0.07,-0.17
-0.41,0.07,-0.24
-0.38,0.07,-0.3
-0.34,0.07,-0.34
-0.28,0.07,-0.37
-0.22,0.07,-0.39
-0.15,0.07,-0.38
-0.09,0.07,-0.34
-0.03,0.07,-0.27
-0.02,0.07,5.0
-0.67,0.07,4.95
-1.31,0.07,4.82
-1.93,0.07,4.61
-2.52,0.07,4.32
-3.06,0.07,3.95
0.16,0.07,-0.16
0.25,0.07,-0.19
0.32,0.07,-0.18
0.38,0.07,-0.15
0.42,0.07,-0.11
0.45,0.07,-0.06
0.46,0.05,-0.0
0.46,0.05,0.06
0.43,0.05,0.12
0.39,0.05,0.16
0.34,0.05,0.2
0.27,0.05,0.21
0.2,0.05,0.2
-0.05,0.05,-0.07
-0.05,0.05,-0.08
-0.04,0.05,-0.09
-0.03,0.05,-0.11
-0.02,0.05,-0.16
0.01,0.05,-5.0
0.66,0.05,-4.96
1.3,0.05,-4.83
1.92,0.05,-4.62
2.51,0.05,-4.33
3.05,0.05,-3.96
0.09,0.05,-0.09
0.08,0.05,-0.06
0.07,0.05,-0.04
0.07,0.05,-0.03
0.07,0.05,-0.02
0.06,0.05,-0.01
-0.29,0.05,-0.0
-0.36,0.05,-0.05
-0.4,0.05,-0.11
-0.41,0.05,-0.17
-0.41,0.05,-0.24
-0.38,0.05,-0.29
-0.34,0.05,-0.34
-0.28,0.05,-0.37
-0.22,0.05,-0.38
-0.15,0.05,-0.37
-0.09,0.05,-0.34
-0.03,0.05,-0.26
-0.02,0.05,5.0
-0.67,0.05,4.95
-1.31,0.05,4.82
-1.93,0.05,4.61
-2.52,0.05,4.32
-3.06,0.05,3.95
0.16,0.05,-0.16
0.25,0.05,-0.19
0.32,0.05,-0.18
0.38,0.05,-0.15
0.42,0.05,-0.11
0.45,0.05,-0.06
0.46,0.04,0.0
0.45,0.04,0.06
0.43,0.04,0.12
0.39,0.04,0.16
0.34,0.04,0.19
0.27,0.04,0.21
0.19,0.04,0.19
-0.06,0.04,-0.07
-0.05,0.04,-0.09
-0.04,0.04,-0.1
-0.03,0.04,-0.12
-0.02,0.04,-0.17
0.01,0.04,-5.0
0.66,0.04,-4.96
1.3,0.04,-4.83
1.92,0.04,-4.62
2.51,0.04,-4.33
3.05,0.04,-3.96
0.1,0.04,-0.1
0.08,0.04,-0.06
0.07,0.04,-0.04
0.07,0.04,-0.03
0.07,0.04,-0.02
0.07,0.04,-0.01
-0.28,0.04,-0.0
-0.35,0.04,-0.05
-0.39,0.04,-0.11
-0.41,0.04,-0.17
-0.4,0.04,-0.23
-0.38,0.04,-0.29
-0.34,0.04,-0.34
-0.28,0.04,-0.37
-0.22,0.04,-0.38
-0.15,0.04,-0.37
-0.09,0.04,-0.33
-0.03,0.04,-0.25
-0.02,0.04,5.0
-0.67,0.04,4.95
-1.31,0.04,4.82
-1.93,0.04,4.61
-2.52,0.04,4.32
-3.06,0.04,3.95
0.15,0.04,-0.15
0.24,0.04,-0.18
0.31,0.04,-0.18
0.37,0.04,-0.15
0.42,0.04,-0.11
0.45,0.04,-0.06
0.46,0.02,0.0
0.45,0.02,0.06
0.43,0.02,0.11
0.39,0.02,0.16
0.33,0.02,0.19
0.26,0.02,0.2
0.19,0.02,0.19
-0.06,0.02,-0.08
-0.05,0.02,-0.09
-0.04,0.02,-0.11
-0.03,0.02,-0.13
-0.65,0.02,-4.96
0.01,0.02,-5.0
0.66,0.02,-4.96
1.3,0.02,-4.83
1.92,0.02,-4.62
2.51,0.02,-4.33
3.05,0.02,-3.96
3.54,0.02,-3.53
0.09,0.02,-0.07
0.08,0.02,-0.05
0.08,0.02,-0.03
0.07,0.02,-0.02
0.07,0.02,-0.01
-0.26,0.02,-0.0
-0.34,0.02,-0.05
-0.39,0.02,-0.1
-0.4,0.02,-0.17
-0.4,0.02,-0.23
-0.37,0.02,-0.29
-0.33,0.02,-0.33
-0.28,0.02,-0.36
-0.21,0.02,-0.37
-0.15,0.02,-0.36
-0.09,0.02,-0.32
0.64,0.02,4.96
-0.02,0.02,5.0
-0.67,0.02,4.95
-1.31,0.02,4.82
-1.93,0.02,4.61
-2.52,0.02,4.32
-3.06,0.02,3.95
-3.55,0.02,3.52
0.24,0.02,-0.18
0.31,0.02,-0.18
0.37,0.02,-0.15
