-4.96,1.88,-0.65
-4.83,1.88,-1.3
-4.62,1.88,-1.91
-4.33,1.88,-2.5
-3.97,1.88,-3.05
-3.53,1.88,-3.54
-3.04,1.88,-3.97
-2.5,1.88,-4.33
-1.91,1.88,-4.62
-1.29,1.88,-4.83
-0.65,1.88,-4.96
0.01,1.88,-5.0
0.66,1.88,-4.96
1.3,1.88,-4.83
1.92,1.88,-4.62
2.51,1.88,-4.33
3.05,1.88,-3.96
3.54,1.88,-3.53
3.97,1.88,-3.04
4.34,1.88,-2.49
4.62,1.88,-1.9
4.83,1.88,-1.28
4.96,1.88,-0.64
5.0,1.88,0.01
4.96,1.88,0.67
4.83,1.88,1.31
4.61,1.88,1.93
4.32,1.88,2.51
3.96,1.88,3.06
3.52,1.88,3.55
3.03,1.88,3.98
2.49,1.88,4.34
1.9,1.88,4.63
1.28,1.88,4.83
0.64,1.88,4.96
-0.02,1.88,5.0
-0.67,1.88,4.95
-1.31,1.88,4.82
-1.93,1.88,4.61
-2.52,1.88,4.32
-3.06,1.88,3.95
-3.55,1.88,3.52
-3.98,1.88,3.03
-4.34,1.88,2.48
-4.63,1.88,1.89
-4.84,1.88,1.27
-4.96,1.88,0.63
-5.0,1.86,0.0
-4.96,1.86,-0.65
-4.83,1.86,-1.3
-4.62,1.86,-1.91
-4.33,1.86,-2.5
-3.97,1.86,-3.05
-3.53,1.86,-3.54
-3.04,1.86,-3.97
-2.5,1.86,-4.33
-1.91,1.86,-4.62
-1.29,1.86,-4.83
-0.65,1.86,-4.96
0.01,1.86,-5.0
0.66,1.86,-4.96
1.3,1.86,-4.83
1.92,1.86,-4.62
2.51,1.86,-4.33
3.05,1.86,-3.96
3.54,1.86,-3.53
3.97,1.86,-3.04
4.34,1.86,-2.49
4.62,1.86,-1.9
4.83,1.86,-1.28
4.96,1.86,-0.64
5.0,1.86,0.01
4.96,1.86,0.67
4.83,1.86,1.31
4.61,1.86,1.93
4.32,1.86,2.51
3.96,1.86,3.06
3.52,1.86,3.55
3.03,1.86,3.98
2.49,1.86,4.34
1.9,1.86,4.63
1.28,1.86,4.83
0.64,1.86,4.96
-0.02,1.86,5.0
-0.67,1.86,4.95
-1.31,1.86,4.82
-1.93,1.86,4.61
-2.52,1.86,4.32
-3.06,1.86,3.95
-3.55,1.86,3.52
-3.98,1.86,3.03
-4.34,1.86,2.48
-4.63,1.86,1.89
-4.84,1.86,1.27
-4.96,1.86,0.63
-5.0,1.84,0.0
-4.96,1.84,-0.65
-4.83,1.84,-1.3
-4.62,1.84,-1.91
-4.33,1.84,-2.5
-3.97,1.84,-3.05
-3.53,1.84,-3.54
-3.04,1.84,-3.97
-2.5,1.84,-4.33
-1.91,1.84,-4.62
-1.29,1.84,-4.83
-0.65,1.84,-4.96
0.01,1.84,-5.0
0.66,1.84,-4.96
1.3,1.84,-4.83
1.92,1.84,-4.62
2.51,1.84,-4.33
3.05,1.84,-3.96
3.54,1.84,-3.53
3.97,1.84,-3.04
4.34,1.84,-2.49
4.62,1.84,-1.9
4.83,1.84,-1.28
4.96,1.84,-0.64
5.0,1.84,0.01
4.96,1.84,0.67
4.83,1.84,1.31
4.61,1.84,1.93
4.32,1.84,2.51
3.96,1.84,3.06
3.52,1.84,3.55
3.03,1.84,3.98
2.49,1.84,4.34
1.9,1.84,4.63
1.28,1.84,4.83
0.64,1.84,4.96
-0.02,1.84,5.0
-0.67,1.84,4.95
-1.31,1.84,4.82
-1.93,1.84,4.61
-2.52,1.84,4.32
-3.06,1.84,3.95
-3.55,1.84,3.52
-3.98,1.84,3.03
-4.34,1.84,2.48
-4.63,1.84,1.89
-4.84,1.84,1.27
-4.96,1.84,0.63
-5.0,1.82,0.0
-4.96,1.82,-0.65
-4.83,1.82,-1.3
-4.62,1.82,-1.91
-4.33,1.82,-2.5
-3.97,1.82,-3.05
-3.53,1.82,-3.54
-3.04,1.82,-3.97
-2.5,1.82,-4.33
-1.91,1.82,-4.62
-1.29,1.82,-4.83
-0.65,1.82,-4.96
0.01,1.82,-5.0
0.66,1.82,-4.96
1.3,1.82,-4.83
1.92,1.82,-4.62
2.51,1.82,-4.33
3.05,1.82,-3.96
3.54,1.82,-3.53
3.97,1.82,-3.04
4.34,1.82,-2.49
4.62,1.82,-1.9
4.83,1.82,-1.28
4.96,1.82,-0.64
5.0,1.82,0.01
4.96,1.82,0.67
4.83,1.82,1.31
4.61,1.82,1.93
4.32,1.82,2.51
3.96,1.82,3.06
3.52,1.82,3.55
3.03,1.82,3.98
2.49,1.82,4.34
1.9,1.82,4.63
1.28,1.82,4.83
0.64,1.82,4.96
-0.02,1.82,5.0
-0.67,1.82,4.95
-1.31,1.82,4.82
-1.93,1.82,4.61
-2.52,1.82,4.32
-3.06,1.82,3.95
-3.55,1.82,3.52
-3.98,1.82,3.03
-4.34,1.82,2.48
-4.63,1.82,1.89
-4.84,1.82,1.27
-4.96,1.82,0.63
-5.0,1.81,0.0
-4.96,1.81,-0.65
-4.83,1.81,-1.3
-4.62,1.81,-1.91
-4.33,1.81,-2.5
-3.97,1.81,-3.05
-3.53,1.81,-3.54
-3.04,1.81,-3.97
-2.5,1.81,-4.33
-1.91,1.81,-4.62
-1.29,1.81,-4.83
-0.65,1.81,-4.96
0.01,1.81,-5.0
0.66,1.81,-4.96
1.3,1.81,-4.83
1.92,1.81,-4.62
2.51,1.81,-4.33
3.05,1.81,-3.96
3.54,1.81,-3.53
3.97,1.81,-3.04
4.34,1.81,-2.49
4.62,1.81,-1.9
4.83,1.81,-1.28
4.96,1.81,-0.64
5.0,1.81,0.01
4.96,1.81,0.67
4.83,1.81,1.31
4.61,1.81,1.93
4.32,1.81,2.51
3.96,1.81,3.06
3.52,1.81,3.55
3.03,1.81,3.98
2.49,1.81,4.34
1.9,1.81,4.63
1.28,1.81,4.83
0.64,1.81,4.96
-0.02,1.81,5.0
-0.67,1.81,4.95
-1.31,1.81,4.82
-1.93,1.81,4.61
-2.52,1.81,4.32
-3.06,1.81,3.95
-3.55,1.81,3.52
-3.98,1.81,3.03
-4.34,1.81,2.48
-4.63,1.81,1.89
-4.84,1.81,1.27
-4.96,1.81,0.63
-5.0,1.79,0.0
-4.96,1.79,-0.65
-4.83,1.79,-1.3
-4.62,1.79,-1.91
-4.33,1.79,-2.5
-3.97,1.79,-3.05
-3.53,1.79,-3.54
-3.04,1.79,-3.97
-2.5,1.79,-4.33
-1.91,1.79,-4.62
-1.29,1.79,-4.83
-0.65,1.79,-4.96
0.01,1.79,-5.0
0.66,1.79,-4.96
1.3,1.79,-4.83
1.92,1.79,-4.62
2.51,1.79,-4.33
3.05,1.79,-3.96
3.54,1.79,-3.53
3.97,1.79,-3.04
4.34,1.79,-2.49
4.62,1.79,-1.9
4.83,1.79,-1.28
4.96,1.79,-0.64
5.0,1.79,0.01
4.96,1.79,0.67
4.83,1.79,1.31
4.61,1.79,1.93
4.32,1.79,2.51
3.96,1.79,3.06
3.52,1.79,3.55
3.03,1.79,3.98
2.49,1.79,4.34
1.9,1.79,4.63
1.28,1.79,4.83
0.64,1.79,4.96
-0.02,1.79,5.0
-0.67,1.79,4.95
-1.31,1.79,4.82
-1.93,1.79,4.61
-2.52,1.79,4.32
-3.06,1.79,3.95
-3.55,1.79,3.52
-3.98,1.79,3.03
-4.34,1.79,2.48
-4.63,1.79,1.89
-4.84,1.79,1.27
-4.96,1.79,0.63
-5.0,1.77,0.0
-4.96,1.77,-0.65
-4.83,1.77,-1.3
-4.62,1.77,-1.91
-4.33,1.77,-2.5
-3.97,1.77,-3.05
-3.53,1.77,-3.54
-3.04,1.77,-3.97
-2.5,1.77,-4.33
-1.91,1.77,-4.62
-1.29,1.77,-4.83
-0.65,1.77,-4.96
0.01,1.77,-5.0
0.66,1.77,-4.96
1.3,1.77,-4.83
1.92,1.77,-4.62
2.51,1.77,-4.33
3.05,1.77,-3.96
3.54,1.77,-3.53
3.97,1.77,-3.04
4.34,1.77,-2.49
4.62,1.77,-1.9
4.83,1.77,-1.28
4.96,1.77,-0.64
5.0,1.77,0.01
4.96,1.77,0.67
4.83,1.77,1.31
4.61,1.77,1.93
4.32,1.77,2.51
3.96,1.77,3.06
3.52,1.77,3.55
3.03,1.77,3.98
2.49,1.77,4.34
1.9,1.77,4.63
1.28,1.77,4.83
0.64,1.77,4.96
-0.02,1.77,5.0
-0.67,1.77,4.95
-1.31,1.77,4.82
-1.93,1.77,4.61
-2.52,1.77,4.32
-3.06,1.77,3.95
-3.55,1.77,3.52
-3.98,1.77,3.03
-4.34,1.77,2.48
-4.63,1.77,1.89
-4.84,1.77,1.27
-4.96,1.77,0.63
0.06,1.75,0.0
0.07,1.75,0.01
0.07,1.75,0.02
0.07,1.75,0.03
0.07,1.75,0.04
0.07,1.75,0.05
0.06,1.75,0.06
0.06,1.75,0.07
0.05,1.75,0.08
0.04,1.75,0.09
0.02,1.75,0.09
0.01,1.75,0.09
-0.0,1.75,0.09
-0.01,1.75,0.09
-0.02,1.75,0.08
-0.03,1.75,0.07
-0.04,1.75,0.06
-0.04,1.75,0.06
-0.05,1.75,0.05
-0.05,1.75,0.04
-0.05,1.75,0.03
-0.05,1.75,0.02
-0.04,1.75,0.01
-0.04,1.75,0.01
-0.04,1.75,-0.0
-0.03,1.75,-0.0
-0.03,1.75,-0.01
-0.03,1.75,-0.01
-0.02,1.75,-0.01
-0.02,1.75,-0.02
-0.02,1.75,-0.02
-0.02,1.75,-0.02
-0.01,1.75,-0.02
-0.01,1.75,-0.02
-0.01,1.75,-0.02
-0.0,1.75,-0.03
0.0,1.75,-0.03
0.0,1.75,-0.03
0.01,1.75,-0.03
0.01,1.75,-0.03
0.02,1.75,-0.03
0.02,1.75,-0.03
0.03,1.75,-0.03
0.03,1.75,-0.02
0.04,1.75,-0.02
0.04,1.75,-0.02
0.05,1.75,-0.01
0.06,1.75,-0.01
0.1,1.73,0.0
0.1,1.73,0.01
0.1,1.73,0.03
0.1,1.73,0.04
0.1,1.73,0.06
0.09,1.73,0.07
0.09,1.73,0.09
0.08,1.73,0.1
0.06,1.73,0.11
0.05,1.73,0.12
0.03,1.73,0.12
0.02,1.73,0.12
-0.0,1.73,0.12
-0.02,1.73,0.12
-0.03,1.73,0.11
-0.04,1.73,0.1
-0.05,1.73,0.09
-0.06,1.73,0.08
-0.07,1.73,0.07
-0.07,1.73,0.06
-0.08,1.73,0.04
-0.08,1.73,0.03
-0.08,1.73,0.02
-0.08,1.73,0.01
-0.07,1.73,-0.0
-0.07,1.73,-0.01
-0.06,1.73,-0.02
-0.06,1.73,-0.02
-0.05,1.73,-0.03
-0.05,1.73,-0.04
-0.04,1.73,-0.04
-0.03,1.73,-0.05
-0.03,1.73,-0.05
-0.02,1.73,-0.05
-0.01,1.73,-0.05
-0.01,1.73,-0.06
0.0,1.73,-0.06
0.01,1.73,-0.06
0.02,1.73,-0.06
0.02,1.73,-0.06
0.03,1.73,-0.06
0.04,1.73,-0.05
0.05,1.73,-0.05
0.06,1.73,-0.05
0.07,1.73,-0.04
0.08,1.73,-0.03
0.09,1.73,-0.02
0.09,1.73,-0.01
0.12,1.71,0.0
0.12,1.71,0.02
0.12,1.71,0.03
0.12,1.71,0.05
0.12,1.71,0.07
0.11,1.71,0.08
0.1,1.71,0.1
0.09,1.71,0.11
0.07,1.71,0.13
0.06,1.71,0.13
0.04,1.71,0.14
0.02,1.71,0.14
-0.0,1.71,0.14
-0.02,1.71,0.14
-0.04,1.71,0.13
-0.05,1.71,0.12
-0.06,1.71,0.11
-0.08,1.71,0.1
-0.09,1.71,0.08
-0.09,1.71,0.07
-0.1,1.71,0.05
-0.1,1.71,0.04
-0.1,1.71,0.03
-0.09,1.71,0.01
-0.09,1.71,-0.0
-0.09,1.71,-0.01
-0.08,1.71,-0.02
-0.07,1.71,-0.03
-0.07,1.71,-0.04
-0.06,1.71,-0.05
-0.05,1.71,-0.05
-0.04,1.71,-0.06
-0.04,1.71,-0.06
-0.03,1.71,-0.07
-0.02,1.71,-0.07
-0.01,1.71,-0.07
0.0,1.71,-0.07
0.01,1.71,-0.07
0.02,1.71,-0.07
0.03,1.71,-0.07
0.04,1.71,-0.07
0.05,1.71,-0.07
0.07,1.71,-0.07
0.08,1.71,-0.06
0.09,1.71,-0.05
0.1,1.71,-0.04
0.11,1.71,-0.03
0.11,1.71,-0.01
0.14,1.69,0.0
0.14,1.69,0.02
0.14,1.69,0.04
0.14,1.69,0.06
0.13,1.69,0.08
0.12,1.69,0.09
0.11,1.69,0.11
0.1,1.69,0.12
0.08,1.69,0.14
0.06,1.69,0.15
0.04,1.69,0.15
0.02,1.69,0.15
-0.0,1.69,0.15
-0.02,1.69,0.14
-0.04,1.69,0.14
-0.05,1.69,0.13
-0.07,1.69,0.11
-0.08,1.69,0.1
-0.09,1.69,0.09
-0.1,1.69,0.07
-0.1,1.69,0.06
-0.1,1.69,0.04
-0.1,1.69,0.03
-0.1,1.69,0.01
-0.1,1.69,-0.0
-0.1,1.69,-0.01
-0.09,1.69,-0.03
-0.09,1.69,-0.04
-0.08,1.69,-0.05
-0.07,1.69,-0.06
-0.07,1.69,-0.07
-0.06,1.69,-0.07
-0.05,1.69,-0.08
-0.04,1.69,-0.09
-0.02,1.69,-0.09
-0.01,1.69,-0.1
0.0,1.69,-0.1
0.01,1.69,-0.1
0.03,1.69,-0.1
0.04,1.69,-0.1
0.06,1.69,-0.1
0.07,1.69,-0.09
0.08,1.69,-0.08
0.1,1.69,-0.07
0.11,1.69,-0.06
0.12,1.69,-0.05
0.13,1.69,-0.03
0.14,1.69,-0.02
0.15,1.67,0.0
0.15,1.67,0.02
0.15,1.67,0.04
0.15,1.67,0.06
0.14,1.67,0.08
0.13,1.67,0.1
0.12,1.67,0.12
0.1,1.67,0.13
0.08,1.67,0.14
0.06,1.67,0.15
0.04,1.67,0.15
0.02,1.67,0.15
-0.0,1.67,0.15
-0.02,1.67,0.15
-0.04,1.67,0.14
-0.05,1.67,0.13
-0.07,1.67,0.12
-0.08,1.67,0.11
-0.09,1.67,0.09
-0.1,1.67,0.08
-0.11,1.67,0.06
-0.11,1.67,0.05
-0.11,1.67,0.03
-0.11,1.67,0.01
-0.11,1.67,-0.0
-0.11,1.67,-0.01
-0.11,1.67,-0.03
-0.1,1.67,-0.04
-0.09,1.67,-0.05
-0.09,1.67,-0.07
-0.08,1.67,-0.08
-0.07,1.67,-0.09
-0.05,1.67,-0.09
-0.04,1.67,-0.1
-0.03,1.67,-0.11
-0.01,1.67,-0.11
0.0,1.67,-0.12
0.02,1.67,-0.12
0.03,1.67,-0.12
0.05,1.67,-0.11
0.06,1.67,-0.11
0.08,1.67,-0.1
0.1,1.67,-0.09
0.11,1.67,-0.08
0.12,1.67,-0.07
0.13,1.67,-0.05
0.14,1.67,-0.04
0.15,1.67,-0.02
0.16,1.66,-0.0
0.16,1.66,0.02
0.16,1.66,0.04
0.15,1.66,0.06
0.14,1.66,0.08
0.13,1.66,0.1
0.12,1.66,0.12
0.1,1.66,0.14
0.09,1.66,0.15
0.07,1.66,0.16
0.04,1.66,0.16
0.02,1.66,0.17
-0.0,1.66,0.17
-0.02,1.66,0.16
-0.04,1.66,0.16
-0.06,1.66,0.15
-0.08,1.66,0.14
-0.1,1.66,0.12
-0.11,1.66,0.11
-0.12,1.66,0.09
-0.12,1.66,0.07
-0.13,1.66,0.05
-0.13,1.66,0.03
-0.13,1.66,0.02
-0.13,1.66,-0.0
-0.12,1.66,-0.02
-0.12,1.66,-0.03
-0.11,1.66,-0.05
-0.1,1.66,-0.06
-0.09,1.66,-0.07
-0.08,1.66,-0.08
-0.07,1.66,-0.09
-0.07,1.66,-0.11
-0.05,1.66,-0.12
-0.03,1.66,-0.13
-0.02,1.66,-0.13
0.0,1.66,-0.14
0.02,1.66,-0.14
0.04,1.66,-0.13
0.05,1.66,-0.13
0.07,1.66,-0.12
0.1,1.66,-0.13
0.12,1.66,-0.12
0.13,1.66,-0.1
0.14,1.66,-0.08
0.15,1.66,-0.06
0.16,1.66,-0.04
0.16,1.66,-0.02
0.16,1.64,0.0
0.16,1.64,0.02
0.16,1.64,0.04
0.15,1.64,0.06
0.14,1.64,0.08
0.12,1.64,0.09
0.11,1.64,0.11
0.09,1.64,0.12
0.07,1.64,0.12
0.05,1.64,0.13
0.04,1.64,0.13
0.02,1.64,0.15
-0.0,1.64,0.15
-0.02,1.64,0.14
-0.04,1.64,0.14
-0.05,1.64,0.13
-0.07,1.64,0.12
-0.08,1.64,0.1
-0.09,1.64,0.09
-0.1,1.64,0.08
-0.11,1.64,0.06
-0.12,1.64,0.05
-0.12,1.64,0.03
-0.12,1.64,0.02
-0.12,1.64,-0.0
-0.12,1.64,-0.02
-0.11,1.64,-0.03
-0.11,1.64,-0.04
-0.1,1.64,-0.06
-0.09,1.64,-0.07
-0.08,1.64,-0.08
-0.07,1.64,-0.09
-0.06,1.64,-0.1
-0.04,1.64,-0.11
-0.03,1.64,-0.11
-0.02,1.64,-0.12
0.0,1.64,-0.12
0.02,1.64,-0.12
0.03,1.64,-0.12
0.05,1.64,-0.11
0.06,1.64,-0.11
0.08,1.64,-0.1
0.09,1.64,-0.09
0.11,1.64,-0.08
0.12,1.64,-0.07
0.13,1.64,-0.05
0.14,1.64,-0.04
0.15,1.64,-0.02
0.16,1.62,0.0
0.16,1.62,0.02
0.16,1.62,0.04
0.16,1.62,0.06
0.15,1.62,0.09
0.14,1.62,0.11
0.13,1.62,0.13
0.11,1.62,0.14
0.09,1.62,0.16
0.07,1.62,0.17
0.05,1.62,0.17
0.02,1.62,0.18
-0.0,1.62,0.18
-0.02,1.62,0.17
-0.04,1.62,0.17
-0.06,1.62,0.16
-0.08,1.62,0.14
-0.1,1.62,0.13
-0.11,1.62,0.11
-0.12,1.62,0.09
-0.13,1.62,0.07
-0.13,1.62,0.05
-0.14,1.62,0.04
-0.13,1.62,0.02
-0.13,1.62,-0.0
-0.13,1.62,-0.02
-0.12,1.62,-0.03
-0.11,1.62,-0.05
-0.1,1.62,-0.06
-0.09,1.62,-0.07
-0.08,1.62,-0.08
-0.07,1.62,-0.09
-0.06,1.62,-0.1
-0.04,1.62,-0.1
-0.03,1.62,-0.11
-0.01,1.62,-0.11
0.0,1.62,-0.11
0.02,1.62,-0.11
0.03,1.62,-0.11
0.05,1.62,-0.11
0.06,1.62,-0.11
0.08,1.62,-0.1
0.09,1.62,-0.09
0.11,1.62,-0.08
0.12,1.62,-0.07
0.13,1.62,-0.05
0.14,1.62,-0.04
0.15,1.62,-0.02
0.16,1.6,0.0
0.16,1.6,0.02
0.16,1.6,0.04
0.16,1.6,0.06
0.15,1.6,0.09
0.14,1.6,0.11
0.13,1.6,0.13
0.11,1.6,0.14
0.09,1.6,0.16
0.07,1.6,0.17
0.05,1.6,0.17
0.02,1.6,0.18
-0.0,1.6,0.18
-0.02,1.6,0.17
-0.05,1.6,0.17
-0.07,1.6,0.16
-0.08,1.6,0.14
-0.1,1.6,0.13
-0.11,1.6,0.11
-0.12,1.6,0.09
-0.13,1.6,0.08
-0.14,1.6,0.06
-0.14,1.6,0.04
-0.14,1.6,0.02
-0.14,1.6,-0.0
-0.13,1.6,-0.02
-0.12,1.6,-0.03
-0.12,1.6,-0.05
-0.11,1.6,-0.06
-0.1,1.6,-0.07
-0.08,1.6,-0.08
-0.07,1.6,-0.09
-0.06,1.6,-0.1
-0.04,1.6,-0.11
-0.03,1.6,-0.11
-0.01,1.6,-0.11
0.0,1.6,-0.12
0.02,1.6,-0.12
0.03,1.6,-0.11
0.05,1.6,-0.11
0.06,1.6,-0.11
0.08,1.6,-0.1
0.09,1.6,-0.09
0.11,1.6,-0.08
0.12,1.6,-0.07
0.13,1.6,-0.05
0.14,1.6,-0.04
0.15,1.6,-0.02
0.15,1.58,-0.0
0.16,1.58,0.02
0.16,1.58,0.04
0.15,1.58,0.06
0.15,1.58,0.08
0.14,1.58,0.1
0.12,1.58,0.12
0.11,1.58,0.14
0.09,1.58,0.15
0.07,1.58,0.17
0.05,1.58,0.17
0.02,1.58,0.18
-0.0,1.58,0.18
-0.02,1.58,0.17
-0.05,1.58,0.17
-0.07,1.58,0.16
-0.08,1.58,0.15
-0.1,1.58,0.13
-0.11,1.58,0.11
-0.13,1.58,0.1
-0.13,1.58,0.08
-0.14,1.58,0.06
-0.14,1.58,0.04
-0.14,1.58,0.02
-0.14,1.58,-0.0
-0.13,1.58,-0.02
-0.13,1.58,-0.03
-0.12,1.58,-0.05
-0.11,1.58,-0.06
-0.1,1.58,-0.08
-0.09,1.58,-0.09
-0.07,1.58,-0.1
-0.06,1.58,-0.1
-0.04,1.58,-0.11
-0.03,1.58,-0.11
-0.01,1.58,-0.12
0.0,1.58,-0.12
0.02,1.58,-0.12
0.03,1.58,-0.12
0.05,1.58,-0.11
0.06,1.58,-0.11
0.08,1.58,-0.1
0.09,1.58,-0.09
0.11,1.58,-0.08
0.12,1.58,-0.07
0.13,1.58,-0.05
0.14,1.58,-0.04
0.15,1.58,-0.02
0.15,1.56,0.0
0.15,1.56,0.02
0.15,1.56,0.04
0.15,1.56,0.06
0.14,1.56,0.08
0.13,1.56,0.1
0.12,1.56,0.12
0.11,1.56,0.14
0.09,1.56,0.15
0.07,1.56,0.16
0.05,1.56,0.17
0.02,1.56,0.17
-0.0,1.56,0.18
-0.02,1.56,0.17
-0.04,1.56,0.17
-0.07,1.56,0.16
-0.08,1.56,0.15
-0.1,1.56,0.13
-0.12,1.56,0.11
-0.13,1.56,0.1
-0.14,1.56,0.08
-0.14,1.56,0.06
-0.14,1.56,0.04
-0.14,1.56,0.02
-0.14,1.56,-0.0
-0.14,1.56,-0.02
-0.13,1.56,-0.04
-0.12,1.56,-0.05
-0.11,1.56,-0.07
-0.1,1.56,-0.08
-0.09,1.56,-0.09
-0.07,1.56,-0.1
-0.06,1.56,-0.11
-0.05,1.56,-0.11
-0.03,1.56,-0.12
-0.02,1.56,-0.12
0.0,1.56,-0.12
0.02,1.56,-0.12
0.03,1.56,-0.12
0.07,1.56,-0.18
0.12,1.56,-0.2
0.15,1.56,-0.2
0.18,1.56,-0.17
0.19,1.56,-0.14
0.16,1.56,-0.09
0.13,1.56,-0.05
0.14,1.56,-0.04
0.14,1.56,-0.02
0.15,1.54,-0.0
0.15,1.54,0.02
0.15,1.54,0.04
0.15,1.54,0.06
0.14,1.54,0.08
0.13,1.54,0.1
0.12,1.54,0.12
0.1,1.54,0.14
0.09,1.54,0.15
0.07,1.54,0.16
0.04,1.54,0.17
0.02,1.54,0.17
-0.0,1.54,0.17
-0.02,1.54,0.17
-0.04,1.54,0.17
-0.07,1.54,0.16
-0.08,1.54,0.15
-0.1,1.54,0.13
-0.12,1.54,0.12
-0.13,1.54,0.1
-0.14,1.54,0.08
-0.14,1.54,0.06
-0.15,1.54,0.04
-0.15,1.54,0.02
-0.15,1.54,-0.0
-0.14,1.54,-0.02
-0.13,1.54,-0.04
-0.13,1.54,-0.05
-0.11,1.54,-0.07
-0.1,1.54,-0.08
-0.09,1.54,-0.09
-0.08,1.54,-0.1
-0.06,1.54,-0.11
-0.05,1.54,-0.11
-0.03,1.54,-0.12
-0.02,1.54,-0.12
0.0,1.54,-0.12
0.02,1.54,-0.12
0.06,1.54,-0.22
0.1,1.54,-0.24
0.14,1.54,-0.24
0.18,1.54,-0.23
0.2,1.54,-0.2
0.22,1.54,-0.17
0.22,1.54,-0.13
0.21,1.54,-0.09
0.14,1.54,-0.04
0.14,1.54,-0.02
0.14,1.52,0.0
0.15,1.52,0.02
0.15,1.52,0.04
0.14,1.52,0.06
0.14,1.52,0.08
0.13,1.52,0.1
0.12,1.52,0.12
0.1,1.52,0.13
0.08,1.52,0.15
0.07,1.52,0.16
0.04,1.52,0.17
0.02,1.52,0.17
-0.0,1.52,0.17
-0.02,1.52,0.17
-0.04,1.52,0.17
-0.07,1.52,0.16
-0.08,1.52,0.15
-0.1,1.52,0.13
-0.12,1.52,0.12
-0.21,1.52,0.16
-0.25,1.52,0.14
-0.26,1.52,0.11
-0.24,1.52,0.06
-0.15,1.52,0.02
-0.15,1.52,-0.0
-0.14,1.52,-0.02
-0.17,1.52,-0.05
-0.19,1.52,-0.08
-0.19,1.52,-0.11
-0.19,1.52,-0.14
-0.17,1.52,-0.17
-0.14,1.52,-0.18
-0.11,1.52,-0.19
-0.07,1.52,-0.18
-0.03,1.52,-0.12
-0.02,1.52,-0.12
0.0,1.52,-0.17
0.03,1.52,-0.22
0.07,1.52,-0.25
0.11,1.52,-0.27
0.15,1.52,-0.26
0.19,1.52,-0.25
0.22,1.52,-0.22
0.24,1.52,-0.18
0.25,1.52,-0.14
0.24,1.52,-0.1
0.22,1.52,-0.06
0.16,1.52,-0.02
0.16,1.5,0.0
0.14,1.5,0.02
0.14,1.5,0.04
0.14,1.5,0.06
0.13,1.5,0.08
0.13,1.5,0.1
0.11,1.5,0.11
0.1,1.5,0.13
0.08,1.5,0.14
0.06,1.5,0.16
0.04,1.5,0.16
0.02,1.5,0.17
-0.0,1.5,0.17
-0.02,1.5,0.17
-0.04,1.5,0.17
-0.07,1.5,0.16
-0.08,1.5,0.15
-0.1,1.5,0.13
-0.17,1.5,0.17
-0.24,1.5,0.18
-0.27,1.5,0.16
-0.29,1.5,0.12
-0.28,1.5,0.08
-0.15,1.5,0.02
-0.17,1.5,-0.0
-0.2,1.5,-0.03
-0.22,1.5,-0.06
-0.23,1.5,-0.1
-0.23,1.5,-0.13
-0.22,1.5,-0.17
-0.19,1.5,-0.19
-0.16,1.5,-0.21
-0.13,1.5,-0.22
-0.09,1.5,-0.22
-0.06,1.5,-0.21
-0.02,1.5,-0.18
0.0,1.5,-0.22
0.03,1.5,-0.25
0.07,1.5,-0.28
0.12,1.5,-0.28
0.16,1.5,-0.28
0.2,1.5,-0.26
0.23,1.5,-0.23
0.26,1.5,-0.2
0.27,1.5,-0.15
0.26,1.5,-0.11
0.25,1.5,-0.06
0.21,1.5,-0.03
0.2,1.49,0.0
0.14,1.49,0.02
0.14,1.49,0.04
0.14,1.49,0.06
0.13,1.49,0.08
0.12,1.49,0.09
0.11,1.49,0.11
0.1,1.49,0.13
0.08,1.49,0.14
0.06,1.49,0.15
0.04,1.49,0.16
0.02,1.49,0.17
-0.0,1.49,0.17
-0.02,1.49,0.17
-0.04,1.49,0.16
-0.06,1.49,0.15
-0.08,1.49,0.14
-0.1,1.49,0.13
-0.2,1.49,0.2
-0.25,1.49,0.19
-0.29,1.49,0.17
-0.31,1.49,0.13
-0.3,1.49,0.08
-0.27,1.49,0.04
-0.21,1.49,-0.0
-0.24,1.49,-0.03
-0.25,1.49,-0.07
-0.26,1.49,-0.11
-0.25,1.49,-0.15
-0.24,1.49,-0.18
-0.21,1.49,-0.21
-0.18,1.49,-0.23
-0.14,1.49,-0.25
-0.1,1.49,-0.25
-0.06,1.49,-0.24
-0.03,1.49,-0.22
0.0,1.49,-0.24
0.04,1.49,-0.27
0.08,1.49,-0.29
0.12,1.49,-0.3
0.17,1.49,-0.29
0.21,1.49,-0.27
0.24,1.49,-0.24
0.27,1.49,-0.2
0.28,1.49,-0.16
0.28,1.49,-0.11
0.27,1.49,-0.07
0.24,1.49,-0.03
0.22,1.47,-0.0
0.17,1.47,0.02
0.14,1.47,0.04
0.13,1.47,0.05
0.13,1.47,0.07
0.12,1.47,0.09
0.11,1.47,0.11
0.09,1.47,0.12
0.08,1.47,0.14
0.06,1.47,0.15
0.04,1.47,0.16
0.02,1.47,0.16
-0.0,1.47,0.16
-0.02,1.47,0.16
-0.04,1.47,0.16
-0.06,1.47,0.15
-0.08,1.47,0.14
-0.1,1.47,0.13
-0.21,1.47,0.21
-0.26,1.47,0.2
-0.3,1.47,0.17
-0.32,1.47,0.13
-0.31,1.47,0.08
-0.29,1.47,0.04
-0.24,1.47,-0.0
-0.26,1.47,-0.03
-0.27,1.47,-0.07
-0.28,1.47,-0.12
-0.27,1.47,-0.16
-0.25,1.47,-0.19
-0.22,1.47,-0.23
-0.19,1.47,-0.25
-0.15,1.47,-0.26
-0.11,1.47,-0.27
-0.07,1.47,-0.26
-0.03,1.47,-0.25
0.0,1.47,-0.26
0.04,1.47,-0.29
0.08,1.47,-0.3
0.13,1.47,-0.31
0.18,1.47,-0.3
0.22,1.47,-0.28
0.25,1.47,-0.25
0.28,1.47,-0.21
0.29,1.47,-0.17
0.29,1.47,-0.12
0.28,1.47,-0.07
0.25,1.47,-0.03
0.23,1.45,0.0
0.19,1.45,0.02
0.14,1.45,0.04
0.12,1.45,0.05
0.12,1.45,0.07
0.11,1.45,0.09
0.1,1.45,0.1
0.09,1.45,0.12
0.07,1.45,0.13
0.06,1.45,0.14
0.04,1.45,0.15
0.02,1.45,0.15
-0.0,1.45,0.15
-0.02,1.45,0.15
-0.04,1.45,0.16
-0.07,1.45,0.16
-0.09,1.45,0.16
-0.15,1.45,0.2
-0.22,1.45,0.22
-0.27,1.45,0.2
-0.3,1.45,0.17
-0.32,1.45,0.13
-0.32,1.45,0.09
-0.3,1.45,0.04
-0.26,1.45,-0.0
-0.28,1.45,-0.04
-0.29,1.45,-0.08
-0.29,1.45,-0.12
-0.28,1.45,-0.16
-0.26,1.45,-0.2
-0.23,1.45,-0.24
-0.2,1.45,-0.26
-0.16,1.45,-0.28
-0.12,1.45,-0.28
-0.07,1.45,-0.28
-0.03,1.45,-0.26
0.0,1.45,-0.27
0.04,1.45,-0.3
0.09,1.45,-0.31
0.13,1.45,-0.32
0.18,1.45,-0.31
0.22,1.45,-0.29
0.26,1.45,-0.26
0.28,1.45,-0.22
0.3,1.45,-0.17
0.3,1.45,-0.12
0.29,1.45,-0.08
0.27,1.45,-0.03
0.24,1.43,-0.0
0.2,1.43,0.03
0.15,1.43,0.04
0.13,1.43,0.05
0.12,1.43,0.07
0.11,1.43,0.08
0.1,1.43,0.1
0.08,1.43,0.11
0.07,1.43,0.12
0.06,1.43,0.14
0.04,1.43,0.15
0.02,1.43,0.16
-0.0,1.43,0.17
-0.02,1.43,0.18
-0.05,1.43,0.18
-0.08,1.43,0.18
-0.1,1.43,0.18
-0.16,1.43,0.2
-0.22,1.43,0.22
-0.27,1.43,0.21
-0.3,1.43,0.17
-0.32,1.43,0.13
-0.32,1.43,0.09
-0.3,1.43,0.04
-0.27,1.43,-0.0
-0.29,1.43,-0.04
-0.3,1.43,-0.08
-0.3,1.43,-0.13
-0.29,1.43,-0.17
-0.27,1.43,-0.21
-0.24,1.43,-0.24
-0.21,1.43,-0.27
-0.16,1.43,-0.29
-0.12,1.43,-0.29
-0.08,1.43,-0.29
-0.04,1.43,-0.28
0.0,1.43,-0.27
0.04,1.43,-0.3
0.09,1.43,-0.32
0.13,1.43,-0.32
0.18,1.43,-0.31
0.22,1.43,-0.29
0.26,1.43,-0.26
0.29,1.43,-0.22
0.3,1.43,-0.17
0.31,1.43,-0.13
0.3,1.43,-0.08
0.28,1.43,-0.04
0.25,1.41,-0.0
0.22,1.41,0.03
0.18,1.41,0.05
0.14,1.41,0.06
0.14,1.41,0.08
0.12,1.41,0.1
0.11,1.41,0.11
0.1,1.41,0.13
0.08,1.41,0.14
0.06,1.41,0.16
0.05,1.41,0.17
0.02,1.41,0.18
-0.0,1.41,0.19
-0.03,1.41,0.2
-0.05,1.41,0.2
-0.08,1.41,0.2
-0.11,1.41,0.2
-0.14,1.41,0.19
-0.21,1.41,0.21
-0.27,1.41,0.2
-0.3,1.41,0.17
-0.33,1.41,0.13
-0.33,1.41,0.09
-0.31,1.41,0.04
-0.28,1.41,-0.0
-0.3,1.41,-0.04
-0.31,1.41,-0.08
-0.31,1.41,-0.13
-0.3,1.41,-0.17
-0.28,1.41,-0.21
-0.25,1.41,-0.25
-0.21,1.41,-0.28
-0.17,1.41,-0.3
-0.12,1.41,-0.3
-0.08,1.41,-0.3
-0.04,1.41,-0.29
0.0,1.41,-0.27
0.04,1.41,-0.29
0.09,1.41,-0.31
0.13,1.41,-0.32
0.18,1.41,-0.31
0.23,1.41,-0.29
0.26,1.41,-0.26
0.29,1.41,-0.22
0.31,1.41,-0.18
0.32,1.41,-0.13
0.31,1.41,-0.08
0.29,1.41,-0.04
0.26,1.39,0.0
0.23,1.39,0.03
0.18,1.39,0.05
0.16,1.39,0.07
0.15,1.39,0.09
0.14,1.39,0.11
0.12,1.39,0.12
0.11,1.39,0.14
0.09,1.39,0.16
0.07,1.39,0.17
0.05,1.39,0.19
0.03,1.39,0.2
-0.0,1.39,0.21
-0.03,1.39,0.22
-0.06,1.39,0.22
-0.09,1.39,0.22
-0.12,1.39,0.21
-0.15,1.39,0.2
-0.21,1.39,0.21
-0.26,1.39,0.2
-0.3,1.39,0.17
-0.32,1.39,0.13
-0.32,1.39,0.09
-0.31,1.39,0.04
-0.29,1.39,-0.0
-0.31,1.39,-0.04
-0.32,1.39,-0.09
-0.31,1.39,-0.13
-0.3,1.39,-0.18
-0.28,1.39,-0.22
-0.25,1.39,-0.25
-0.22,1.39,-0.28
-0.17,1.39,-0.3
-0.13,1.39,-0.31
-0.08,1.39,-0.31
-0.04,1.39,-0.3
0.0,1.39,-0.28
0.04,1.39,-0.3
0.09,1.39,-0.32
0.13,1.39,-0.32
0.18,1.39,-0.31
0.23,1.39,-0.29
0.27,1.39,-0.26
0.3,1.39,-0.22
0.31,1.39,-0.18
0.32,1.39,-0.13
0.31,1.39,-0.08
0.29,1.39,-0.04
0.26,1.37,0.0
0.23,1.37,0.03
0.18,1.37,0.05
0.17,1.37,0.07
0.16,1.37,0.09
0.15,1.37,0.11
0.13,1.37,0.13
0.12,1.37,0.15
0.1,1.37,0.17
0.08,1.37,0.18
0.05,1.37,0.2
0.03,1.37,0.21
-0.0,1.37,0.22
-0.03,1.37,0.23
-0.06,1.37,0.24
-0.1,1.37,0.23
-0.13,1.37,0.23
-0.17,1.37,0.21
-0.2,1.37,0.2
-0.26,1.37,0.2
-0.3,1.37,0.17
-0.33,1.37,0.13
-0.34,1.37,0.09
-0.34,1.37,0.04
-0.3,1.37,-0.0
-0.31,1.37,-0.04
-0.32,1.37,-0.09
-0.32,1.37,-0.13
-0.31,1.37,-0.18
-0.29,1.37,-0.22
-0.26,1.37,-0.26
-0.22,1.37,-0.29
-0.18,1.37,-0.31
-0.13,1.37,-0.33
-0.09,1.37,-0.33
-0.04,1.37,-0.32
0.0,1.37,-0.3
0.04,1.37,-0.3
0.09,1.37,-0.31
0.13,1.37,-0.32
0.18,1.37,-0.31
0.24,1.37,-0.31
0.28,1.37,-0.28
0.31,1.37,-0.23
0.32,1.37,-0.18
0.32,1.37,-0.13
0.31,1.37,-0.08
0.28,1.37,-0.04
0.24,1.35,0.0
0.2,1.35,0.03
0.19,1.35,0.05
0.18,1.35,0.07
0.16,1.35,0.09
0.15,1.35,0.11
0.13,1.35,0.13
0.11,1.35,0.15
0.1,1.35,0.17
0.08,1.35,0.18
0.05,1.35,0.2
0.03,1.35,0.21
-0.0,1.35,0.22
-0.03,1.35,0.23
-0.06,1.35,0.23
-0.09,1.35,0.23
-0.13,1.35,0.22
-0.16,1.35,0.21
-0.19,1.35,0.19
-0.22,1.35,0.17
-0.28,1.35,0.16
-0.34,1.35,0.14
-0.36,1.35,0.1
-0.33,1.35,0.04
-0.31,1.35,-0.0
-0.33,1.35,-0.04
-0.33,1.35,-0.09
-0.33,1.35,-0.14
-0.32,1.35,-0.19
-0.29,1.35,-0.23
-0.26,1.35,-0.26
-0.22,1.35,-0.29
-0.18,1.35,-0.31
-0.13,1.35,-0.32
-0.08,1.35,-0.32
-0.04,1.35,-0.3
0.0,1.35,-0.28
0.04,1.35,-0.31
0.09,1.35,-0.32
0.14,1.35,-0.32
0.18,1.35,-0.32
0.23,1.35,-0.29
0.26,1.35,-0.26
0.29,1.35,-0.22
0.31,1.35,-0.18
0.31,1.35,-0.13
0.3,1.35,-0.08
0.28,1.35,-0.04
0.24,1.34,0.0
0.21,1.34,0.03
0.2,1.34,0.05
0.19,1.34,0.08
0.18,1.34,0.1
0.16,1.34,0.13
0.15,1.34,0.15
0.13,1.34,0.17
0.11,1.34,0.18
0.08,1.34,0.2
0.06,1.34,0.22
0.03,1.34,0.23
-0.0,1.34,0.24
-0.03,1.34,0.25
-0.07,1.34,0.25
-0.1,1.34,0.25
-0.14,1.34,0.24
-0.17,1.34,0.22
-0.21,1.34,0.2
-0.23,1.34,0.18
-0.29,1.34,0.17
-0.36,1.34,0.15
-0.4,1.34,0.11
-0.39,1.34,0.05
-0.31,1.34,-0.0
-0.32,1.34,-0.04
-0.33,1.34,-0.09
-0.33,1.34,-0.14
-0.32,1.34,-0.19
-0.3,1.34,-0.23
-0.26,1.34,-0.27
-0.23,1.34,-0.3
-0.18,1.34,-0.31
-0.13,1.34,-0.32
-0.09,1.34,-0.32
-0.04,1.34,-0.31
0.0,1.34,-0.29
0.04,1.34,-0.33
0.09,1.34,-0.34
0.14,1.34,-0.32
0.18,1.34,-0.31
0.23,1.34,-0.29
0.26,1.34,-0.26
0.29,1.34,-0.22
0.3,1.34,-0.17
0.31,1.34,-0.13
0.3,1.34,-0.08
0.27,1.34,-0.03
0.23,1.32,0.0
0.22,1.32,0.03
0.21,1.32,0.06
0.2,1.32,0.08
0.19,1.32,0.11
0.17,1.32,0.13
0.15,1.32,0.15
0.13,1.32,0.17
0.11,1.32,0.19
0.09,1.32,0.21
0.06,1.32,0.22
0.03,1.32,0.24
-0.0,1.32,0.25
-0.03,1.32,0.26
-0.07,1.32,0.26
-0.11,1.32,0.25
-0.14,1.32,0.24
-0.18,1.32,0.23
-0.21,1.32,0.21
-0.24,1.32,0.18
-0.29,1.32,0.17
-0.38,1.32,0.15
-0.43,1.32,0.11
-0.43,1.32,0.06
-0.32,1.32,-0.0
-0.33,1.32,-0.04
-0.34,1.32,-0.09
-0.34,1.32,-0.14
-0.32,1.32,-0.19
-0.3,1.32,-0.23
-0.27,1.32,-0.27
-0.23,1.32,-0.3
-0.18,1.32,-0.32
-0.13,1.32,-0.33
-0.09,1.32,-0.32
-0.04,1.32,-0.31
0.0,1.32,-0.29
0.05,1.32,-0.36
0.1,1.32,-0.37
0.14,1.32,-0.33
0.18,1.32,-0.31
0.22,1.32,-0.29
0.26,1.32,-0.26
0.28,1.32,-0.22
0.3,1.32,-0.17
0.3,1.32,-0.12
0.29,1.32,-0.08
0.27,1.32,-0.03
0.23,1.3,0.0
0.22,1.3,0.03
0.21,1.3,0.06
0.2,1.3,0.08
0.19,1.3,0.11
0.17,1.3,0.13
0.16,1.3,0.16
0.14,1.3,0.18
0.11,1.3,0.19
0.09,1.3,0.21
0.06,1.3,0.23
0.03,1.3,0.24
-0.0,1.3,0.25
-0.03,1.3,0.26
-0.07,1.3,0.26
-0.11,1.3,0.26
-0.14,1.3,0.25
-0.18,1.3,0.23
-0.21,1.3,0.21
-0.25,1.3,0.19
-0.3,1.3,0.17
-0.39,1.3,0.16
-0.45,1.3,0.12
-0.45,1.3,0.06
-0.32,1.3,-0.0
-0.33,1.3,-0.04
-0.34,1.3,-0.09
-0.34,1.3,-0.14
-0.32,1.3,-0.19
-0.3,1.3,-0.23
-0.27,1.3,-0.27
-0.23,1.3,-0.3
-0.18,1.3,-0.32
-0.13,1.3,-0.33
-0.09,1.3,-0.33
-0.04,1.3,-0.31
0.0,1.3,-0.31
0.05,1.3,-0.4
0.11,1.3,-0.4
0.15,1.3,-0.35
0.18,1.3,-0.3
0.22,1.3,-0.28
0.25,1.3,-0.25
0.28,1.3,-0.21
0.29,1.3,-0.17
0.29,1.3,-0.12
0.28,1.3,-0.07
0.25,1.3,-0.03
0.23,1.28,-0.0
0.23,1.28,0.03
0.22,1.28,0.06
0.21,1.28,0.09
0.19,1.28,0.11
0.18,1.28,0.14
0.16,1.28,0.16
0.14,1.28,0.18
0.11,1.28,0.2
0.09,1.28,0.22
0.06,1.28,0.23
0.03,1.28,0.25
-0.0,1.28,0.26
-0.04,1.28,0.27
-0.07,1.28,0.27
-0.11,1.28,0.26
-0.15,1.28,0.25
-0.18,1.28,0.24
-0.22,1.28,0.22
-0.25,1.28,0.19
-0.29,1.28,0.17
-0.41,1.28,0.17
-0.46,1.28,0.12
-0.46,1.28,0.06
-0.33,1.28,-0.0
-0.33,1.28,-0.04
-0.34,1.28,-0.09
-0.34,1.28,-0.14
-0.33,1.28,-0.19
-0.3,1.28,-0.23
-0.27,1.28,-0.27
-0.23,1.28,-0.3
-0.18,1.28,-0.32
-0.13,1.28,-0.33
-0.09,1.28,-0.33
-0.04,1.28,-0.31
0.0,1.28,-0.33
0.06,1.28,-0.42
0.12,1.28,-0.42
0.16,1.28,-0.37
0.17,1.28,-0.29
0.21,1.28,-0.27
0.24,1.28,-0.24
0.27,1.28,-0.2
0.28,1.28,-0.16
0.28,1.28,-0.11
0.27,1.28,-0.07
0.24,1.28,-0.03
0.23,1.26,0.0
0.23,1.26,0.03
0.22,1.26,0.06
0.21,1.26,0.09
0.2,1.26,0.11
0.18,1.26,0.14
0.16,1.26,0.16
0.14,1.26,0.18
0.12,1.26,0.2
0.09,1.26,0.22
0.06,1.26,0.24
0.03,1.26,0.25
-0.0,1.26,0.26
-0.04,1.26,0.27
-0.07,1.26,0.27
-0.11,1.26,0.27
-0.15,1.26,0.26
-0.19,1.26,0.24
-0.22,1.26,0.22
-0.25,1.26,0.19
-0.28,1.26,0.16
-0.43,1.26,0.18
-0.47,1.26,0.12
-0.46,1.26,0.06
-0.33,1.26,-0.0
-0.33,1.26,-0.04
-0.34,1.26,-0.09
-0.34,1.26,-0.14
-0.32,1.26,-0.19
-0.3,1.26,-0.23
-0.27,1.26,-0.27
-0.23,1.26,-0.3
-0.18,1.26,-0.32
-0.13,1.26,-0.33
-0.09,1.26,-0.33
-0.04,1.26,-0.31
0.0,1.26,-0.35
0.06,1.26,-0.43
0.12,1.26,-0.43
0.16,1.26,-0.39
0.17,1.26,-0.28
0.2,1.26,-0.26
0.23,1.26,-0.23
0.26,1.26,-0.2
0.27,1.26,-0.15
0.26,1.26,-0.11
0.25,1.26,-0.06
0.23,1.26,-0.03
0.24,1.24,-0.0
0.23,1.24,0.03
0.22,1.24,0.06
0.21,1.24,0.09
0.2,1.24,0.11
0.18,1.24,0.14
0.16,1.24,0.16
0.14,1.24,0.18
0.12,1.24,0.2
0.09,1.24,0.22
0.06,1.24,0.24
0.03,1.24,0.25
-0.0,1.24,0.26
-0.04,1.24,0.27
-0.07,1.24,0.27
-0.11,1.24,0.27
-0.15,1.24,0.26
-0.19,1.24,0.24
-0.22,1.24,0.22
-0.25,1.24,0.19
-0.28,1.24,0.16
-0.45,1.24,0.18
-0.48,1.24,0.13
-0.46,1.24,0.06
-0.33,1.24,-0.0
-0.33,1.24,-0.04
-0.34,1.24,-0.09
-0.33,1.24,-0.14
-0.32,1.24,-0.19
-0.3,1.24,-0.23
-0.27,1.24,-0.27
-0.23,1.24,-0.3
-0.18,1.24,-0.32
-0.13,1.24,-0.33
-0.09,1.24,-0.32
-0.04,1.24,-0.31
0.0,1.24,-0.36
0.06,1.24,-0.44
0.12,1.24,-0.44
0.17,1.24,-0.4
0.16,1.24,-0.28
0.19,1.24,-0.25
0.22,1.24,-0.22
0.24,1.24,-0.18
0.25,1.24,-0.14
0.24,1.24,-0.1
0.23,1.24,-0.06
0.24,1.24,-0.03
0.24,1.22,0.0
0.23,1.22,0.03
0.22,1.22,0.06
0.21,1.22,0.09
0.2,1.22,0.12
0.18,1.22,0.14
0.16,1.22,0.16
0.14,1.22,0.18
0.12,1.22,0.2
0.09,1.22,0.22
0.06,1.22,0.24
0.03,1.22,0.25
-0.0,1.22,0.26
-0.04,1.22,0.27
-0.07,1.22,0.27
-0.11,1.22,0.27
-0.15,1.22,0.26
-0.19,1.22,0.24
-0.22,1.22,0.22
-0.25,1.22,0.19
-0.28,1.22,0.16
-0.47,1.22,0.19
-0.5,1.22,0.13
-0.46,1.22,0.06
-0.33,1.22,-0.0
-0.33,1.22,-0.04
-0.33,1.22,-0.09
-0.33,1.22,-0.14
-0.32,1.22,-0.18
-0.3,1.22,-0.23
-0.26,1.22,-0.27
-0.22,1.22,-0.29
-0.18,1.22,-0.31
-0.13,1.22,-0.32
-0.08,1.22,-0.32
-0.04,1.22,-0.3
0.0,1.22,-0.36
0.06,1.22,-0.44
0.12,1.22,-0.44
0.17,1.22,-0.4
0.19,1.22,-0.33
0.18,1.22,-0.23
0.2,1.22,-0.2
0.22,1.22,-0.17
0.22,1.22,-0.13
0.23,1.22,-0.09
0.23,1.22,-0.06
0.24,1.22,-0.03
0.23,1.2,0.0
0.23,1.2,0.03
0.22,1.2,0.06
0.21,1.2,0.09
0.2,1.2,0.11
0.18,1.2,0.14
0.16,1.2,0.16
0.14,1.2,0.18
0.12,1.2,0.2
0.09,1.2,0.22
0.06,1.2,0.24
0.03,1.2,0.25
-0.0,1.2,0.26
-0.04,1.2,0.27
-0.07,1.2,0.27
-0.11,1.2,0.27
-0.15,1.2,0.26
-0.19,1.2,0.24
-0.22,1.2,0.22
-0.25,1.2,0.19
-0.28,1.2,0.16
-0.49,1.2,0.2
-0.51,1.2,0.14
-0.46,1.2,0.06
-0.33,1.2,-0.0
-0.33,1.2,-0.04
-0.32,1.2,-0.09
-0.32,1.2,-0.14
-0.31,1.2,-0.18
-0.29,1.2,-0.22
-0.26,1.2,-0.26
-0.22,1.2,-0.29
-0.18,1.2,-0.31
-0.13,1.2,-0.31
-0.08,1.2,-0.31
-0.04,1.2,-0.3
0.0,1.2,-0.29
0.06,1.2,-0.44
0.12,1.2,-0.44
0.16,1.2,-0.39
0.2,1.2,-0.34
0.16,1.2,-0.21
0.18,1.2,-0.18
0.2,1.2,-0.15
0.21,1.2,-0.12
0.23,1.2,-0.09
0.23,1.2,-0.06
0.24,1.2,-0.03
0.23,1.19,0.0
0.23,1.19,0.03
0.22,1.19,0.06
0.21,1.19,0.09
0.2,1.19,0.11
0.18,1.19,0.14
0.16,1.19,0.16
0.14,1.19,0.18
0.12,1.19,0.2
0.09,1.19,0.22
0.06,1.19,0.24
0.03,1.19,0.25
-0.0,1.19,0.26
-0.04,1.19,0.27
-0.07,1.19,0.27
-0.11,1.19,0.26
-0.15,1.19,0.25
-0.18,1.19,0.24
-0.22,1.19,0.22
-0.25,1.19,0.19
-0.28,1.19,0.16
-0.52,1.19,0.21
-0.53,1.19,0.14
-0.45,1.19,0.06
-0.33,1.19,-0.0
-0.32,1.19,-0.04
-0.32,1.19,-0.09
-0.32,1.19,-0.13
-0.31,1.19,-0.18
-0.28,1.19,-0.22
-0.25,1.19,-0.25
-0.22,1.19,-0.28
-0.17,1.19,-0.3
-0.13,1.19,-0.31
-0.08,1.19,-0.3
-0.04,1.19,-0.29
0.0,1.19,-0.28
0.06,1.19,-0.43
0.12,1.19,-0.43
0.16,1.19,-0.38
0.2,1.19,-0.35
0.24,1.19,-0.31
0.18,1.19,-0.18
0.2,1.19,-0.15
0.21,1.19,-0.12
0.22,1.19,-0.09
0.23,1.19,-0.06
0.23,1.19,-0.03
0.23,1.17,0.0
0.22,1.17,0.03
0.22,1.17,0.06
0.21,1.17,0.09
0.19,1.17,0.11
0.18,1.17,0.14
0.16,1.17,0.16
0.14,1.17,0.18
0.11,1.17,0.2
0.09,1.17,0.22
0.06,1.17,0.23
0.03,1.17,0.25
-0.0,1.17,0.26
-0.04,1.17,0.26
-0.07,1.17,0.27
-0.11,1.17,0.26
-0.15,1.17,0.25
-0.18,1.17,0.24
-0.22,1.17,0.22
-0.25,1.17,0.19
-0.28,1.17,0.16
-0.53,1.17,0.22
-0.55,1.17,0.14
-0.47,1.17,0.06
-0.33,1.17,-0.0
-0.32,1.17,-0.04
-0.31,1.17,-0.08
-0.3,1.17,-0.13
-0.29,1.17,-0.17
-0.27,1.17,-0.21
-0.24,1.17,-0.25
-0.21,1.17,-0.27
-0.17,1.17,-0.29
-0.12,1.17,-0.29
-0.08,1.17,-0.29
-0.04,1.17,-0.28
0.0,1.17,-0.27
0.05,1.17,-0.41
0.11,1.17,-0.41
0.15,1.17,-0.37
0.2,1.17,-0.35
0.24,1.17,-0.32
0.18,1.17,-0.17
0.19,1.17,-0.15
0.21,1.17,-0.12
0.22,1.17,-0.09
0.22,1.17,-0.06
0.23,1.17,-0.03
0.22,1.15,0.0
0.22,1.15,0.03
0.21,1.15,0.06
0.2,1.15,0.08
0.19,1.15,0.11
0.17,1.15,0.13
0.16,1.15,0.16
0.14,1.15,0.18
0.11,1.15,0.2
0.09,1.15,0.21
0.06,1.15,0.23
0.03,1.15,0.24
-0.0,1.15,0.25
-0.03,1.15,0.26
-0.07,1.15,0.26
-0.11,1.15,0.26
-0.14,1.15,0.25
-0.18,1.15,0.24
-0.22,1.15,0.21
-0.25,1.15,0.19
-0.27,1.15,0.16
-0.54,1.15,0.22
-0.57,1.15,0.15
-0.47,1.15,0.06
-0.32,1.15,-0.0
-0.32,1.15,-0.04
-0.31,1.15,-0.08
-0.29,1.15,-0.12
-0.28,1.15,-0.16
-0.26,1.15,-0.2
-0.24,1.15,-0.24
-0.2,1.15,-0.26
-0.16,1.15,-0.28
-0.12,1.15,-0.28
-0.07,1.15,-0.28
-0.03,1.15,-0.27
0.0,1.15,-0.27
0.04,1.15,-0.26
0.1,1.15,-0.39
0.15,1.15,-0.36
0.21,1.15,-0.35
0.25,1.15,-0.32
0.27,1.15,-0.27
0.19,1.15,-0.14
0.2,1.15,-0.12
0.21,1.15,-0.09
0.22,1.15,-0.06
0.22,1.15,-0.03
0.22,1.13,0.0
0.21,1.13,0.03
0.21,1.13,0.06
0.2,1.13,0.08
0.18,1.13,0.11
0.17,1.13,0.13
0.15,1.13,0.15
0.13,1.13,0.17
0.11,1.13,0.19
0.08,1.13,0.21
0.06,1.13,0.22
0.03,1.13,0.24
-0.0,1.13,0.25
-0.03,1.13,0.25
-0.07,1.13,0.26
-0.11,1.13,0.25
-0.14,1.13,0.24
-0.18,1.13,0.23
-0.21,1.13,0.21
-0.24,1.13,0.18
-0.27,1.13,0.15
-0.55,1.13,0.23
-0.57,1.13,0.15
-0.31,1.13,0.04
-0.31,1.13,-0.0
-0.31,1.13,-0.04
-0.3,1.13,-0.08
-0.28,1.13,-0.12
-0.27,1.13,-0.16
-0.25,1.13,-0.19
-0.22,1.13,-0.22
-0.19,1.13,-0.25
-0.15,1.13,-0.26
-0.11,1.13,-0.26
-0.07,1.13,-0.26
-0.03,1.13,-0.26
0.0,1.13,-0.26
0.03,1.13,-0.25
0.06,1.13,-0.24
0.15,1.13,-0.35
0.2,1.13,-0.35
0.25,1.13,-0.33
0.28,1.13,-0.27
0.18,1.13,-0.14
0.19,1.13,-0.11
0.2,1.13,-0.08
0.21,1.13,-0.06
0.21,1.13,-0.03
0.21,1.11,-0.0
0.2,1.11,0.03
0.2,1.11,0.05
0.19,1.11,0.08
0.18,1.11,0.1
0.16,1.11,0.13
0.15,1.11,0.15
0.13,1.11,0.17
0.1,1.11,0.18
0.08,1.11,0.19
0.06,1.11,0.21
0.03,1.11,0.22
-0.0,1.11,0.23
-0.03,1.11,0.24
-0.06,1.11,0.24
-0.1,1.11,0.24
-0.13,1.11,0.23
-0.16,1.11,0.21
-0.19,1.11,0.19
-0.22,1.11,0.17
-0.25,1.11,0.14
-0.58,1.11,0.24
-0.58,1.11,0.15
-0.29,1.11,0.04
-0.3,1.11,-0.0
-0.3,1.11,-0.04
-0.29,1.11,-0.08
-0.28,1.11,-0.11
-0.27,1.11,-0.15
-0.25,1.11,-0.19
-0.23,1.11,-0.23
-0.19,1.11,-0.25
-0.15,1.11,-0.27
-0.11,1.11,-0.27
-0.07,1.11,-0.28
-0.04,1.11,-0.27
0.0,1.11,-0.27
0.04,1.11,-0.27
0.07,1.11,-0.25
0.15,1.11,-0.35
0.21,1.11,-0.35
0.26,1.11,-0.34
0.3,1.11,-0.3
0.19,1.11,-0.14
0.19,1.11,-0.11
0.2,1.11,-0.08
0.21,1.11,-0.05
0.21,1.11,-0.03
0.2,1.09,-0.0
0.2,1.09,0.03
0.19,1.09,0.05
0.18,1.09,0.07
0.17,1.09,0.1
0.15,1.09,0.12
0.14,1.09,0.14
0.12,1.09,0.16
0.1,1.09,0.17
0.08,1.09,0.19
0.05,1.09,0.2
0.03,1.09,0.22
-0.0,1.09,0.23
-0.03,1.09,0.23
-0.06,1.09,0.23
-0.1,1.09,0.23
-0.13,1.09,0.22
-0.16,1.09,0.21
-0.19,1.09,0.19
-0.22,1.09,0.17
-0.25,1.09,0.14
-0.56,1.09,0.23
-0.57,1.09,0.15
-0.3,1.09,0.04
-0.3,1.09,-0.0
-0.29,1.09,-0.04
-0.28,1.09,-0.08
-0.26,1.09,-0.11
-0.24,1.09,-0.14
-0.22,1.09,-0.17
-0.19,1.09,-0.19
-0.16,1.09,-0.21
-0.13,1.09,-0.23
-0.1,1.09,-0.24
-0.07,1.09,-0.25
-0.03,1.09,-0.25
0.0,1.09,-0.25
0.03,1.09,-0.24
0.06,1.09,-0.23
0.09,1.09,-0.22
0.2,1.09,-0.34
0.26,1.09,-0.33
0.3,1.09,-0.3
0.17,1.09,-0.13
0.18,1.09,-0.11
0.19,1.09,-0.08
0.2,1.09,-0.05
0.2,1.09,-0.03
0.19,1.07,-0.0
0.18,1.07,0.02
0.18,1.07,0.05
0.17,1.07,0.07
0.16,1.07,0.09
0.14,1.07,0.11
0.13,1.07,0.13
0.11,1.07,0.15
0.09,1.07,0.16
0.07,1.07,0.17
0.05,1.07,0.19
0.03,1.07,0.2
-0.0,1.07,0.21
-0.03,1.07,0.22
-0.06,1.07,0.22
-0.09,1.07,0.22
-0.12,1.07,0.21
-0.15,1.07,0.2
-0.19,1.07,0.18
-0.23,1.07,0.17
-0.26,1.07,0.15
-0.57,1.07,0.24
-0.58,1.07,0.15
-0.32,1.07,0.04
-0.32,1.07,-0.0
-0.31,1.07,-0.04
-0.29,1.07,-0.08
-0.26,1.07,-0.11
-0.23,1.07,-0.13
-0.21,1.07,-0.16
-0.18,1.07,-0.18
-0.15,1.07,-0.2
-0.13,1.07,-0.22
-0.09,1.07,-0.23
-0.06,1.07,-0.24
-0.03,1.07,-0.24
0.0,1.07,-0.24
0.03,1.07,-0.23
0.06,1.07,-0.22
0.09,1.07,-0.21
0.19,1.07,-0.32
0.25,1.07,-0.32
0.31,1.07,-0.3
0.32,1.07,-0.24
0.17,1.07,-0.1
0.18,1.07,-0.07
0.19,1.07,-0.05
0.19,1.07,-0.02
0.17,1.05,0.0
0.17,1.05,0.02
0.16,1.05,0.04
0.15,1.05,0.06
0.14,1.05,0.08
0.13,1.05,0.1
0.12,1.05,0.12
0.1,1.05,0.13
0.09,1.05,0.15
0.07,1.05,0.16
0.05,1.05,0.17
0.02,1.05,0.19
-0.0,1.05,0.2
-0.03,1.05,0.2
-0.06,1.05,0.21
-0.09,1.05,0.21
-0.12,1.05,0.2
-0.16,1.05,0.2
-0.2,1.05,0.2
-0.24,1.05,0.18
-0.27,1.05,0.16
-0.58,1.05,0.24
-0.59,1.05,0.16
-0.34,1.05,0.04
-0.34,1.05,-0.0
-0.33,1.05,-0.04
-0.31,1.05,-0.08
-0.28,1.05,-0.12
-0.24,1.05,-0.14
-0.2,1.05,-0.16
-0.17,1.05,-0.17
-0.15,1.05,-0.19
-0.12,1.05,-0.21
-0.09,1.05,-0.22
-0.06,1.05,-0.22
-0.03,1.05,-0.23
0.0,1.05,-0.23
0.03,1.05,-0.23
0.06,1.05,-0.22
0.08,1.05,-0.2
0.11,1.05,-0.18
0.24,1.05,-0.31
0.31,1.05,-0.31
0.33,1.05,-0.25
0.16,1.05,-0.09
0.17,1.05,-0.07
0.17,1.05,-0.05
0.17,1.05,-0.02
0.16,1.03,0.0
0.15,1.03,0.02
0.15,1.03,0.04
0.14,1.03,0.06
0.13,1.03,0.07
0.12,1.03,0.09
0.11,1.03,0.11
0.09,1.03,0.12
0.08,1.03,0.13
0.06,1.03,0.14
0.04,1.03,0.16
0.02,1.03,0.17
-0.0,1.03,0.18
-0.02,1.03,0.18
-0.05,1.03,0.19
-0.08,1.03,0.2
-0.12,1.03,0.21
-0.16,1.03,0.21
-0.21,1.03,0.21
-0.25,1.03,0.19
-0.29,1.03,0.16
-0.58,1.03,0.24
-0.6,1.03,0.16
-0.35,1.03,0.04
-0.35,1.03,-0.0
-0.34,1.03,-0.05
-0.32,1.03,-0.09
-0.29,1.03,-0.12
-0.25,1.03,-0.15
-0.22,1.03,-0.17
-0.18,1.03,-0.18
-0.15,1.03,-0.2
-0.12,1.03,-0.21
-0.09,1.03,-0.23
-0.06,1.03,-0.24
-0.03,1.03,-0.24
0.0,1.03,-0.24
0.03,1.03,-0.24
0.06,1.03,-0.23
0.09,1.03,-0.21
0.11,1.03,-0.2
0.13,1.03,-0.17
0.31,1.03,-0.31
0.35,1.03,-0.26
0.17,1.03,-0.1
0.17,1.03,-0.07
0.17,1.03,-0.05
0.17,1.03,-0.02
0.17,1.02,-0.0
0.16,1.02,0.02
0.15,1.02,0.04
0.14,1.02,0.06
0.13,1.02,0.07
0.11,1.02,0.09
0.1,1.02,0.1
0.08,1.02,0.11
0.07,1.02,0.12
0.05,1.02,0.13
0.04,1.02,0.14
0.02,1.02,0.15
-0.0,1.02,0.16
-0.02,1.02,0.18
-0.05,1.02,0.19
-0.09,1.02,0.21
-0.13,1.02,0.22
-0.17,1.02,0.22
-0.21,1.02,0.21
-0.26,1.02,0.2
-0.29,1.02,0.17
-0.58,1.02,0.24
-0.59,1.02,0.16
-0.36,1.02,0.05
-0.36,1.02,-0.0
-0.35,1.02,-0.05
-0.33,1.02,-0.09
-0.3,1.02,-0.12
-0.26,1.02,-0.15
-0.22,1.02,-0.17
-0.19,1.02,-0.19
-0.16,1.02,-0.21
-0.13,1.02,-0.22
-0.1,1.02,-0.24
-0.07,1.02,-0.25
-0.03,1.02,-0.25
0.0,1.02,-0.26
0.03,1.02,-0.25
0.07,1.02,-0.24
0.09,1.02,-0.22
0.12,1.02,-0.2
0.14,1.02,-0.18
0.31,1.02,-0.31
0.35,1.02,-0.27
0.18,1.02,-0.1
0.18,1.02,-0.07
0.18,1.02,-0.05
0.18,1.02,-0.02
0.18,1.0,0.0
0.17,1.0,0.02
0.16,1.0,0.04
0.15,1.0,0.06
0.14,1.0,0.08
0.12,1.0,0.09
0.11,1.0,0.11
0.09,1.0,0.12
0.07,1.0,0.13
0.06,1.0,0.14
0.04,1.0,0.15
0.02,1.0,0.16
-0.0,1.0,0.17
-0.02,1.0,0.19
-0.05,1.0,0.2
-0.09,1.0,0.22
-0.13,1.0,0.23
-0.18,1.0,0.23
-0.22,1.0,0.22
-0.26,1.0,0.2
-0.3,1.0,0.17
-0.56,1.0,0.23
-0.35,1.0,0.09
-0.36,1.0,0.05
-0.36,1.0,-0.0
-0.35,1.0,-0.05
-0.33,1.0,-0.09
-0.3,1.0,-0.13
-0.27,1.0,-0.16
-0.23,1.0,-0.18
-0.19,1.0,-0.2
-0.16,1.0,-0.21
-0.13,1.0,-0.23
-0.1,1.0,-0.24
-0.07,1.0,-0.26
-0.03,1.0,-0.26
0.0,1.0,-0.26
0.04,1.0,-0.26
0.07,1.0,-0.25
0.1,1.0,-0.23
0.12,1.0,-0.21
0.15,1.0,-0.19
0.31,1.0,-0.31
0.36,1.0,-0.27
0.19,1.0,-0.11
0.19,1.0,-0.08
0.19,1.0,-0.05
0.19,1.0,-0.02
0.21,0.98,-0.0
0.18,0.98,0.02
0.17,0.98,0.05
0.16,0.98,0.07
0.14,0.98,0.08
0.13,0.98,0.1
0.11,0.98,0.11
0.09,0.98,0.12
0.08,0.98,0.13
0.06,0.98,0.14
0.04,0.98,0.15
0.02,0.98,0.16
-0.0,0.98,0.18
-0.03,0.98,0.21
-0.05,0.98,0.2
-0.09,0.98,0.23
-0.14,0.98,0.23
-0.18,0.98,0.23
-0.22,0.98,0.22
-0.27,0.98,0.2
-0.3,0.98,0.17
-0.34,0.98,0.14
-0.36,0.98,0.09
-0.37,0.98,0.05
-0.37,0.98,-0.0
-0.36,0.98,-0.05
-0.34,0.98,-0.09
-0.31,0.98,-0.13
-0.27,0.98,-0.16
-0.23,0.98,-0.18
-0.2,0.98,-0.2
-0.17,0.98,-0.22
-0.13,0.98,-0.23
-0.1,0.98,-0.25
-0.07,0.98,-0.26
-0.03,0.98,-0.27
0.0,0.98,-0.27
0.04,0.98,-0.27
0.07,0.98,-0.25
0.1,0.98,-0.24
0.13,0.98,-0.22
0.15,0.98,-0.19
0.31,0.98,-0.31
0.35,0.98,-0.27
0.18,0.98,-0.1
0.19,0.98,-0.08
0.2,0.98,-0.05
0.21,0.98,-0.03
0.21,0.96,0.0
0.19,0.96,0.03
0.18,0.96,0.05
0.16,0.96,0.07
0.15,0.96,0.08
0.13,0.96,0.1
0.11,0.96,0.11
0.1,0.96,0.13
0.08,0.96,0.14
0.06,0.96,0.15
0.04,0.96,0.16
0.02,0.96,0.17
-0.0,0.96,0.18
-0.03,0.96,0.2
-0.06,0.96,0.21
-0.1,0.96,0.23
-0.14,0.96,0.24
-0.18,0.96,0.24
-0.23,0.96,0.23
-0.27,0.96,0.21
-0.31,0.96,0.18
-0.34,0.96,0.14
-0.36,0.96,0.1
-0.37,0.96,0.05
-0.37,0.96,-0.0
-0.36,0.96,-0.05
-0.34,0.96,-0.09
-0.31,0.96,-0.13
-0.28,0.96,-0.16
-0.24,0.96,-0.18
-0.2,0.96,-0.2
-0.17,0.96,-0.22
-0.14,0.96,-0.24
-0.11,0.96,-0.26
-0.07,0.96,-0.27
-0.04,0.96,-0.28
0.0,0.96,-0.28
0.04,0.96,-0.28
0.07,0.96,-0.27
0.1,0.96,-0.24
0.13,0.96,-0.22
0.15,0.96,-0.2
0.29,0.96,-0.29
0.34,0.96,-0.26
0.2,0.96,-0.12
0.22,0.96,-0.09
0.22,0.96,-0.06
0.22,0.96,-0.03
0.23,0.94,0.0
0.21,0.94,0.03
0.19,0.94,0.05
0.17,0.94,0.07
0.15,0.94,0.09
0.13,0.94,0.1
0.12,0.94,0.12
0.1,0.94,0.13
0.08,0.94,0.14
0.06,0.94,0.15
0.04,0.94,0.16
0.02,0.94,0.17
-0.0,0.94,0.18
-0.03,0.94,0.2
-0.06,0.94,0.22
-0.1,0.94,0.23
-0.14,0.94,0.24
-0.18,0.94,0.24
-0.23,0.94,0.23
-0.27,0.94,0.21
-0.31,0.94,0.18
-0.34,0.94,0.14
-0.36,0.94,0.1
-0.37,0.94,0.05
-0.38,0.94,-0.0
-0.36,0.94,-0.05
-0.34,0.94,-0.09
-0.31,0.94,-0.13
-0.28,0.94,-0.16
-0.24,0.94,-0.18
-0.2,0.94,-0.2
-0.17,0.94,-0.22
-0.14,0.94,-0.24
-0.11,0.94,-0.26
-0.07,0.94,-0.27
-0.04,0.94,-0.28
0.0,0.94,-0.28
0.04,0.94,-0.27
0.07,0.94,-0.26
0.1,0.94,-0.25
0.13,0.94,-0.22
0.15,0.94,-0.2
0.18,0.94,-0.18
0.2,0.94,-0.15
0.22,0.94,-0.12
0.23,0.94,-0.09
0.23,0.94,-0.06
0.23,0.94,-0.03
0.24,0.92,0.0
0.23,0.92,0.03
0.21,0.92,0.06
0.19,0.92,0.08
0.16,0.92,0.09
0.14,0.92,0.11
0.12,0.92,0.12
0.1,0.92,0.13
0.08,0.92,0.14
0.06,0.92,0.15
0.04,0.92,0.16
0.02,0.92,0.17
-0.0,0.92,0.18
-0.03,0.92,0.2
-0.06,0.92,0.22
-0.1,0.92,0.23
-0.14,0.92,0.24
-0.18,0.92,0.24
-0.23,0.92,0.23
-0.27,0.92,0.21
-0.31,0.92,0.18
-0.34,0.92,0.14
-0.36,0.92,0.1
-0.38,0.92,0.05
-0.38,0.92,-0.0
-0.37,0.92,-0.05
-0.34,0.92,-0.09
-0.32,0.92,-0.13
-0.28,0.92,-0.16
-0.24,0.92,-0.19
-0.2,0.92,-0.21
-0.17,0.92,-0.22
-0.14,0.92,-0.24
-0.11,0.92,-0.26
-0.07,0.92,-0.27
-0.04,0.92,-0.28
0.0,0.92,-0.28
0.04,0.92,-0.27
0.07,0.92,-0.26
0.1,0.92,-0.25
0.13,0.92,-0.23
0.16,0.92,-0.2
0.19,0.92,-0.18
0.21,0.92,-0.16
0.23,0.92,-0.13
0.24,0.92,-0.1
0.25,0.92,-0.07
0.25,0.92,-0.03
0.26,0.9,0.0
0.24,0.9,0.03
0.22,0.9,0.06
0.2,0.9,0.08
0.17,0.9,0.1
0.15,0.9,0.11
0.12,0.9,0.12
0.1,0.9,0.13
0.08,0.9,0.14
0.06,0.9,0.15
0.04,0.9,0.16
0.02,0.9,0.17
-0.0,0.9,0.18
-0.03,0.9,0.2
-0.06,0.9,0.22
-0.1,0.9,0.23
-0.14,0.9,0.24
-0.18,0.9,0.24
-0.23,0.9,0.23
-0.27,0.9,0.21
-0.31,0.9,0.18
-0.35,0.9,0.14
-0.37,0.9,0.1
-0.38,0.9,0.05
-0.37,0.9,-0.0
-0.36,0.9,-0.05
-0.34,0.9,-0.09
-0.31,0.9,-0.13
-0.28,0.9,-0.16
-0.24,0.9,-0.18
-0.2,0.9,-0.2
-0.17,0.9,-0.22
-0.14,0.9,-0.24
-0.11,0.9,-0.26
-0.07,0.9,-0.27
-0.04,0.9,-0.28
0.0,0.9,-0.28
0.04,0.9,-0.27
0.07,0.9,-0.26
0.1,0.9,-0.25
0.13,0.9,-0.23
0.16,0.9,-0.21
0.19,0.9,-0.19
0.22,0.9,-0.17
0.24,0.9,-0.14
0.26,0.9,-0.1
0.26,0.9,-0.07
0.27,0.9,-0.03
0.27,0.88,-0.0
0.26,0.88,0.03
0.24,0.88,0.06
0.21,0.88,0.09
0.18,0.88,0.1
0.15,0.88,0.12
0.13,0.88,0.13
0.1,0.88,0.13
0.08,0.88,0.14
0.06,0.88,0.15
0.04,0.88,0.16
0.02,0.88,0.17
-0.0,0.88,0.18
-0.03,0.88,0.19
-0.06,0.88,0.21
-0.09,0.88,0.23
-0.14,0.88,0.23
-0.18,0.88,0.23
-0.23,0.88,0.23
-0.28,0.88,0.21
-0.32,0.88,0.19
-0.36,0.88,0.15
-0.38,0.88,0.1
-0.38,0.88,0.05
-0.38,0.88,-0.0
-0.36,0.88,-0.05
-0.34,0.88,-0.09
-0.31,0.88,-0.13
-0.27,0.88,-0.16
-0.24,0.88,-0.18
-0.2,0.88,-0.2
-0.17,0.88,-0.22
-0.14,0.88,-0.24
-0.11,0.88,-0.26
-0.07,0.88,-0.27
-0.04,0.88,-0.28
0.0,0.88,-0.28
0.04,0.88,-0.27
0.07,0.88,-0.26
0.1,0.88,-0.24
0.14,0.88,-0.23
0.17,0.88,-0.22
0.2,0.88,-0.2
0.23,0.88,-0.17
0.25,0.88,-0.14
0.27,0.88,-0.11
0.28,0.88,-0.07
0.28,0.88,-0.04
0.29,0.87,-0.0
0.28,0.87,0.04
0.25,0.87,0.07
0.22,0.87,0.09
0.19,0.87,0.11
0.16,0.87,0.12
0.13,0.87,0.13
0.1,0.87,0.14
0.08,0.87,0.14
0.06,0.87,0.14
0.04,0.87,0.15
0.02,0.87,0.16
-0.0,0.87,0.18
-0.03,0.87,0.19
-0.06,0.87,0.2
-0.09,0.87,0.22
-0.13,0.87,0.23
-0.18,0.87,0.24
-0.24,0.87,0.24
-0.29,0.87,0.22
-0.33,0.87,0.19
-0.36,0.87,0.15
-0.38,0.87,0.1
-0.39,0.87,0.05
-0.38,0.87,-0.0
-0.36,0.87,-0.05
-0.34,0.87,-0.09
-0.31,0.87,-0.13
-0.27,0.87,-0.16
-0.23,0.87,-0.18
-0.2,0.87,-0.2
-0.17,0.87,-0.22
-0.14,0.87,-0.24
-0.1,0.87,-0.25
-0.07,0.87,-0.27
-0.03,0.87,-0.27
0.0,0.87,-0.27
0.04,0.87,-0.27
0.07,0.87,-0.26
0.1,0.87,-0.25
0.14,0.87,-0.24
0.17,0.87,-0.22
0.2,0.87,-0.2
0.23,0.87,-0.18
0.26,0.87,-0.15
0.28,0.87,-0.11
0.29,0.87,-0.08
0.3,0.87,-0.04
0.31,0.85,0.0
0.29,0.85,0.04
0.27,0.85,0.07
0.23,0.85,0.1
0.2,0.85,0.12
0.17,0.85,0.13
0.14,0.85,0.14
0.11,0.85,0.14
0.08,0.85,0.14
0.06,0.85,0.14
0.04,0.85,0.15
0.02,0.85,0.16
-0.0,0.85,0.17
-0.02,0.85,0.18
-0.05,0.85,0.2
-0.09,0.85,0.21
-0.13,0.85,0.23
-0.19,0.85,0.24
-0.24,0.85,0.24
-0.29,0.85,0.22
-0.34,0.85,0.19
-0.37,0.85,0.15
-0.39,0.85,0.1
-0.4,0.85,0.05
-0.39,0.85,-0.0
-0.37,0.85,-0.05
-0.33,0.85,-0.09
-0.3,0.85,-0.13
-0.26,0.85,-0.15
-0.23,0.85,-0.18
-0.19,0.85,-0.2
-0.16,0.85,-0.21
-0.13,0.85,-0.23
-0.1,0.85,-0.25
-0.07,0.85,-0.26
-0.03,0.85,-0.27
0.0,0.85,-0.27
0.04,0.85,-0.26
0.07,0.85,-0.25
0.1,0.85,-0.25
0.14,0.85,-0.24
0.17,0.85,-0.23
0.21,0.85,-0.21
0.24,0.85,-0.18
0.27,0.85,-0.15
0.29,0.85,-0.12
0.31,0.85,-0.08
0.31,0.85,-0.04
0.32,0.83,0.0
0.31,0.83,0.04
0.28,0.83,0.08
0.25,0.83,0.1
0.21,0.83,0.12
0.17,0.83,0.13
0.14,0.83,0.14
0.11,0.83,0.14
0.08,0.83,0.14
0.06,0.83,0.14
0.04,0.83,0.14
0.02,0.83,0.15
-0.0,0.83,0.16
-0.02,0.83,0.17
-0.05,0.83,0.19
-0.09,0.83,0.21
-0.14,0.83,0.24
-0.19,0.83,0.25
-0.25,0.83,0.25
-0.3,0.83,0.23
-0.35,0.83,0.2
-0.38,0.83,0.16
-0.4,0.83,0.11
-0.4,0.83,0.05
-0.39,0.83,-0.0
-0.37,0.83,-0.05
-0.34,0.83,-0.09
-0.29,0.83,-0.12
-0.26,0.83,-0.15
-0.22,0.83,-0.17
-0.19,0.83,-0.19
-0.16,0.83,-0.21
-0.13,0.83,-0.23
-0.1,0.83,-0.24
-0.07,0.83,-0.25
-0.03,0.83,-0.26
0.0,0.83,-0.26
0.03,0.83,-0.26
0.07,0.83,-0.25
0.1,0.83,-0.25
0.14,0.83,-0.24
0.18,0.83,-0.23
0.21,0.83,-0.21
0.25,0.83,-0.19
0.28,0.83,-0.16
0.3,0.83,-0.12
0.32,0.83,-0.08
0.33,0.83,-0.04
0.34,0.81,0.0
0.32,0.81,0.04
0.29,0.81,0.08
0.26,0.81,0.11
0.22,0.81,0.13
0.18,0.81,0.14
0.14,0.81,0.14
0.11,0.81,0.15
0.08,0.81,0.15
0.06,0.81,0.14
0.04,0.81,0.14
0.02,0.81,0.14
-0.0,0.81,0.15
-0.02,0.81,0.16
-0.05,0.81,0.18
-0.09,0.81,0.21
-0.14,0.81,0.24
-0.19,0.81,0.25
-0.25,0.81,0.25
-0.31,0.81,0.24
-0.36,0.81,0.2
-0.39,0.81,0.16
-0.41,0.81,0.11
-0.41,0.81,0.05
-0.4,0.81,-0.0
-0.37,0.81,-0.05
-0.34,0.81,-0.09
-0.29,0.81,-0.12
-0.25,0.81,-0.14
-0.21,0.81,-0.16
-0.18,0.81,-0.18
-0.15,0.81,-0.2
-0.12,0.81,-0.22
-0.1,0.81,-0.23
-0.06,0.81,-0.25
-0.03,0.81,-0.25
0.0,0.81,-0.25
0.03,0.81,-0.25
0.07,0.81,-0.25
0.1,0.81,-0.25
0.14,0.81,-0.24
0.18,0.81,-0.23
0.22,0.81,-0.21
0.25,0.81,-0.19
0.29,0.81,-0.16
0.31,0.81,-0.13
0.33,0.81,-0.09
0.34,0.81,-0.04
0.36,0.79,0.0
0.34,0.79,0.04
0.31,0.79,0.08
0.27,0.79,0.11
0.23,0.79,0.13
0.19,0.79,0.14
0.15,0.79,0.15
0.12,0.79,0.15
0.09,0.79,0.15
0.06,0.79,0.14
0.04,0.79,0.14
0.02,0.79,0.14
-0.0,0.79,0.14
-0.02,0.79,0.15
-0.05,0.79,0.17
-0.09,0.79,0.22
-0.14,0.79,0.25
-0.2,0.79,0.26
-0.26,0.79,0.26
-0.32,0.79,0.24
-0.37,0.79,0.21
-0.4,0.79,0.17
-0.42,0.79,0.11
-0.42,0.79,0.05
-0.41,0.79,-0.0
-0.38,0.79,-0.05
-0.34,0.79,-0.09
-0.29,0.79,-0.12
-0.24,0.79,-0.14
-0.2,0.79,-0.15
-0.17,0.79,-0.17
-0.14,0.79,-0.19
-0.12,0.79,-0.21
-0.09,0.79,-0.22
-0.06,0.79,-0.23
-0.03,0.79,-0.24
0.0,0.79,-0.24
0.03,0.79,-0.24
0.07,0.79,-0.24
0.1,0.79,-0.24
0.14,0.79,-0.24
0.18,0.79,-0.23
0.22,0.79,-0.22
0.26,0.79,-0.19
0.29,0.79,-0.17
0.32,0.79,-0.13
0.35,0.79,-0.09
0.36,0.79,-0.05
0.37,0.77,0.0
0.35,0.77,0.05
0.32,0.77,0.09
0.28,0.77,0.12
0.24,0.77,0.14
0.19,0.77,0.15
0.15,0.77,0.15
0.12,0.77,0.15
0.09,0.77,0.15
0.06,0.77,0.15
0.04,0.77,0.14
0.02,0.77,0.13
-0.0,0.77,0.13
-0.02,0.77,0.13
-0.04,0.77,0.17
-0.09,0.77,0.21
-0.14,0.77,0.25
-0.21,0.77,0.27
-0.27,0.77,0.27
-0.33,0.77,0.25
-0.38,0.77,0.22
-0.41,0.77,0.17
-0.43,0.77,0.11
-0.43,0.77,0.06
-0.41,0.77,-0.0
-0.38,0.77,-0.05
-0.34,0.77,-0.09
-0.29,0.77,-0.12
-0.23,0.77,-0.14
-0.18,0.77,-0.14
-0.16,0.77,-0.16
-0.13,0.77,-0.18
-0.11,0.77,-0.19
-0.08,0.77,-0.21
-0.06,0.77,-0.22
-0.03,0.77,-0.22
0.0,0.77,-0.23
0.03,0.77,-0.24
0.07,0.77,-0.24
0.1,0.77,-0.24
0.14,0.77,-0.24
0.18,0.77,-0.23
0.22,0.77,-0.22
0.26,0.77,-0.2
0.3,0.77,-0.17
0.33,0.77,-0.14
0.36,0.77,-0.09
0.37,0.77,-0.05
0.39,0.75,0.0
0.37,0.75,0.05
0.34,0.75,0.09
0.29,0.75,0.12
0.24,0.75,0.14
0.2,0.75,0.15
0.16,0.75,0.16
0.12,0.75,0.15
0.09,0.75,0.15
0.06,0.75,0.14
0.04,0.75,0.14
0.02,0.75,0.13
-0.0,0.75,0.12
-0.01,0.75,0.11
-0.04,0.75,0.16
-0.09,0.75,0.22
-0.15,0.75,0.25
-0.21,0.75,0.27
-0.28,0.75,0.27
-0.33,0.75,0.26
-0.38,0.75,0.22
-0.42,0.75,0.17
-0.43,0.75,0.12
-0.43,0.75,0.06
-0.41,0.75,-0.0
-0.38,0.75,-0.05
-0.33,0.75,-0.09
-0.28,0.75,-0.12
-0.22,0.75,-0.13
-0.17,0.75,-0.13
-0.15,0.75,-0.15
-0.12,0.75,-0.16
-0.1,0.75,-0.18
-0.08,0.75,-0.19
-0.05,0.75,-0.2
-0.03,0.75,-0.21
0.0,0.75,-0.22
0.03,0.75,-0.23
0.06,0.75,-0.24
0.1,0.75,-0.24
0.14,0.75,-0.24
0.18,0.75,-0.24
0.23,0.75,-0.22
0.27,0.75,-0.21
0.31,0.75,-0.18
0.35,0.75,-0.14
0.38,0.75,-0.1
0.39,0.75,-0.05
0.41,0.73,0.0
0.39,0.73,0.05
0.36,0.73,0.1
0.31,0.73,0.13
0.25,0.73,0.15
0.2,0.73,0.15
0.15,0.73,0.15
0.11,0.73,0.15
0.08,0.73,0.14
0.05,0.73,0.13
0.03,0.73,0.12
0.01,0.73,0.11
-0.0,0.73,0.1
-0.01,0.73,0.09
-0.03,0.73,0.13
-0.08,0.73,0.19
-0.14,0.73,0.23
-0.2,0.73,0.26
-0.26,0.73,0.26
-0.33,0.73,0.25
-0.38,0.73,0.22
-0.42,0.73,0.17
-0.44,0.73,0.12
-0.44,0.73,0.06
-0.42,0.73,-0.0
-0.39,0.73,-0.05
-0.34,0.73,-0.09
-0.29,0.73,-0.12
-0.24,0.73,-0.14
-0.17,0.73,-0.13
-0.13,0.73,-0.13
-0.11,0.73,-0.15
-0.09,0.73,-0.16
-0.07,0.73,-0.17
-0.05,0.73,-0.18
-0.02,0.73,-0.19
0.0,0.73,-0.21
0.03,0.73,-0.22
0.06,0.73,-0.23
0.1,0.73,-0.24
0.14,0.73,-0.24
0.18,0.73,-0.24
0.23,0.73,-0.22
0.27,0.73,-0.21
0.32,0.73,-0.18
0.36,0.73,-0.15
0.39,0.73,-0.1
0.41,0.73,-0.05
0.42,0.71,-0.0
0.4,0.71,0.05
0.37,0.71,0.1
0.32,0.71,0.13
0.26,0.71,0.15
0.21,0.71,0.16
0.16,0.71,0.16
0.12,0.71,0.15
0.08,0.71,0.14
0.05,0.71,0.13
0.03,0.71,0.12
0.01,0.71,0.11
-0.0,0.71,0.1
-0.01,0.71,0.09
-0.02,0.71,0.08
-0.08,0.71,0.2
-0.15,0.71,0.25
-0.21,0.71,0.28
-0.28,0.71,0.28
-0.34,0.71,0.26
-0.4,0.71,0.23
-0.43,0.71,0.18
-0.45,0.71,0.12
-0.45,0.71,0.06
-0.43,0.71,-0.0
-0.39,0.71,-0.05
-0.34,0.71,-0.09
-0.28,0.71,-0.12
-0.22,0.71,-0.13
-0.15,0.71,-0.12
-0.1,0.71,-0.1
-0.09,0.71,-0.12
-0.07,0.71,-0.13
-0.06,0.71,-0.15
-0.04,0.71,-0.17
-0.02,0.71,-0.19
0.0,0.71,-0.2
0.03,0.71,-0.22
0.06,0.71,-0.23
0.1,0.71,-0.24
0.14,0.71,-0.24
0.18,0.71,-0.24
0.23,0.71,-0.23
0.28,0.71,-0.21
0.33,0.71,-0.19
0.37,0.71,-0.15
0.4,0.71,-0.11
0.42,0.71,-0.05
0.43,0.7,0.0
0.41,0.7,0.05
0.38,0.7,0.1
0.33,0.7,0.14
0.27,0.7,0.15
0.21,0.7,0.16
0.16,0.7,0.16
0.11,0.7,0.15
0.08,0.7,0.14
0.05,0.7,0.12
0.03,0.7,0.11
0.01,0.7,0.1
-0.0,0.7,0.09
-0.01,0.7,0.08
-0.02,0.7,0.07
-0.08,0.7,0.19
-0.15,0.7,0.25
-0.22,0.7,0.28
-0.29,0.7,0.28
-0.35,0.7,0.27
-0.4,0.7,0.23
-0.44,0.7,0.18
-0.46,0.7,0.12
-0.45,0.7,0.06
-0.43,0.7,-0.0
-0.39,0.7,-0.05
-0.34,0.7,-0.09
-0.28,0.7,-0.12
-0.21,0.7,-0.12
-0.13,0.7,-0.1
-0.07,0.7,-0.07
-0.07,0.7,-0.09
-0.06,0.7,-0.11
-0.05,0.7,-0.13
-0.04,0.7,-0.15
-0.02,0.7,-0.17
0.0,0.7,-0.19
0.03,0.7,-0.21
0.06,0.7,-0.22
0.1,0.7,-0.23
0.14,0.7,-0.24
0.18,0.7,-0.24
0.23,0.7,-0.23
0.28,0.7,-0.21
0.33,0.7,-0.19
0.38,0.7,-0.15
0.41,0.7,-0.11
0.43,0.7,-0.05
0.44,0.68,-0.0
0.42,0.68,0.06
0.39,0.68,0.1
0.34,0.68,0.14
0.27,0.68,0.16
0.21,0.68,0.16
0.16,0.68,0.16
0.11,0.68,0.15
0.08,0.68,0.13
0.05,0.68,0.12
0.03,0.68,0.1
0.01,0.68,0.09
-0.0,0.68,0.08
-0.01,0.68,0.07
-0.02,0.68,0.06
-0.07,0.68,0.18
-0.15,0.68,0.25
-0.22,0.68,0.28
-0.29,0.68,0.29
-0.36,0.68,0.27
-0.41,0.68,0.24
-0.45,0.68,0.18
-0.46,0.68,0.12
-0.46,0.68,0.06
-0.43,0.68,-0.0
-0.39,0.68,-0.05
-0.34,0.68,-0.09
-0.27,0.68,-0.11
-0.2,0.68,-0.12
-0.06,0.68,-0.05
-0.06,0.68,-0.06
-0.06,0.68,-0.07
-0.05,0.68,-0.09
-0.05,0.68,-0.11
-0.04,0.68,-0.13
-0.02,0.68,-0.15
0.0,0.68,-0.17
0.03,0.68,-0.19
0.06,0.68,-0.21
0.09,0.68,-0.22
0.13,0.68,-0.23
0.18,0.68,-0.23
0.23,0.68,-0.23
0.28,0.68,-0.22
0.34,0.68,-0.19
0.38,0.68,-0.16
0.42,0.68,-0.11
0.44,0.68,-0.06
0.44,0.66,0.0
0.42,0.66,0.06
0.39,0.66,0.1
0.34,0.66,0.14
0.28,0.66,0.16
0.21,0.66,0.17
0.16,0.66,0.16
0.11,0.66,0.14
0.07,0.66,0.12
0.04,0.66,0.1
0.02,0.66,0.09
0.01,0.66,0.07
-0.0,0.66,0.06
-0.01,0.66,0.05
-0.01,0.66,0.05
-0.02,0.66,0.04
-0.15,0.66,0.25
-0.22,0.66,0.29
-0.3,0.66,0.29
-0.36,0.66,0.28
-0.42,0.66,0.24
-0.46,0.66,0.19
-0.47,0.66,0.13
-0.47,0.66,0.06
-0.44,0.66,-0.0
-0.4,0.66,-0.05
-0.34,0.66,-0.09
-0.27,0.66,-0.11
-0.18,0.66,-0.1
-0.04,0.66,-0.03
-0.04,0.66,-0.04
-0.04,0.66,-0.06
-0.04,0.66,-0.07
-0.04,0.66,-0.09
-0.03,0.66,-0.11
-0.02,0.66,-0.13
0.0,0.66,-0.16
0.02,0.66,-0.18
0.05,0.66,-0.2
0.09,0.66,-0.21
0.13,0.66,-0.23
0.18,0.66,-0.23
0.23,0.66,-0.23
0.29,0.66,-0.22
0.34,0.66,-0.2
0.39,0.66,-0.16
0.42,0.66,-0.11
0.44,0.66,-0.06
0.45,0.64,0.0
0.43,0.64,0.06
0.39,0.64,0.11
0.35,0.64,0.14
0.29,0.64,0.17
0.22,0.64,0.17
0.15,0.64,0.15
0.1,0.64,0.13
0.06,0.64,0.11
0.04,0.64,0.09
0.02,0.64,0.07
0.01,0.64,0.05
-0.0,0.64,0.04
-0.0,0.64,0.04
-0.01,0.64,0.03
-0.01,0.64,0.02
-0.15,0.64,0.25
-0.22,0.64,0.29
-0.3,0.64,0.3
-0.37,0.64,0.28
-0.43,0.64,0.25
-0.46,0.64,0.19
-0.48,0.64,0.13
-0.47,0.64,0.06
-0.44,0.64,-0.0
-0.4,0.64,-0.05
-0.33,0.64,-0.09
-0.26,0.64,-0.11
-0.02,0.64,-0.01
-0.02,0.64,-0.02
-0.03,0.64,-0.03
-0.03,0.64,-0.03
-0.03,0.64,-0.05
-0.03,0.64,-0.06
-0.02,0.64,-0.08
-0.01,0.64,-0.11
0.0,0.64,-0.13
0.02,0.64,-0.16
0.05,0.64,-0.18
0.09,0.64,-0.2
0.13,0.64,-0.22
0.18,0.64,-0.23
0.23,0.64,-0.23
0.29,0.64,-0.22
0.35,0.64,-0.2
0.39,0.64,-0.16
0.43,0.64,-0.11
0.44,0.64,-0.06
0.45,0.62,0.0
0.43,0.62,0.06
0.4,0.62,0.11
0.35,0.62,0.14
0.29,0.62,0.17
0.22,0.62,0.17
0.15,0.62,0.15
0.09,0.62,0.12
0.05,0.62,0.09
0.02,0.62,0.06
0.01,0.62,0.03
0.0,0.62,0.02
-0.0,0.62,0.01
-0.0,0.62,0.01
-0.0,0.62,0.01
-0.0,0.62,0.01
-0.14,0.62,0.25
-0.23,0.62,0.29
-0.31,0.62,0.31
-0.38,0.62,0.29
-0.43,0.62,0.25
-0.47,0.62,0.19
-0.49,0.62,0.13
-0.48,0.62,0.06
-0.45,0.62,-0.0
-0.4,0.62,-0.05
-0.33,0.62,-0.09
-0.25,0.62,-0.1
-0.01,0.62,-0.0
-0.01,0.62,-0.0
-0.01,0.62,-0.01
-0.01,0.62,-0.01
-0.01,0.62,-0.01
-0.01,0.62,-0.02
-0.01,0.62,-0.04
-0.01,0.62,-0.07
0.0,0.62,-0.1
0.02,0.62,-0.13
0.04,0.62,-0.16
0.08,0.62,-0.19
0.12,0.62,-0.21
0.17,0.62,-0.22
0.23,0.62,-0.23
0.29,0.62,-0.22
0.35,0.62,-0.2
0.4,0.62,-0.16
0.43,0.62,-0.11
0.45,0.62,-0.06
0.45,0.6,0.0
0.43,0.6,0.06
0.4,0.6,0.11
0.35,0.6,0.14
0.29,0.6,0.17
0.22,0.6,0.17
0.14,0.6,0.14
0.08,0.6,0.1
-2.5,0.6,-4.33
-1.91,0.6,-4.62
-1.29,0.6,-4.83
-0.65,0.6,-4.96
0.01,0.6,-5.0
0.0,0.6,-0.03
0.01,0.6,-0.02
0.01,0.6,-0.02
-0.14,0.6,0.25
-0.23,0.6,0.3
-0.31,0.6,0.31
-0.38,0.6,0.29
-0.44,0.6,0.25
-0.47,0.6,0.2
-0.49,0.6,0.13
-0.49,0.6,0.06
-0.46,0.6,-0.0
-0.4,0.6,-0.05
-0.33,0.6,-0.09
-0.23,0.6,-0.09
0.01,0.6,0.01
0.01,0.6,0.01
0.02,0.6,0.02
0.02,0.6,0.03
2.49,0.6,4.34
1.9,0.6,4.63
1.28,0.6,4.83
0.64,0.6,4.96
-0.02,0.6,5.0
0.01,0.6,-0.09
0.04,0.6,-0.14
0.07,0.6,-0.17
0.12,0.6,-0.2
0.17,0.6,-0.22
0.23,0.6,-0.22
0.29,0.6,-0.22
0.35,0.6,-0.2
0.4,0.6,-0.16
0.43,0.6,-0.11
0.45,0.6,-0.06
0.44,0.58,0.0
0.43,0.58,0.06
0.39,0.58,0.11
0.35,0.58,0.14
0.29,0.58,0.16
0.21,0.58,0.16
0.13,0.58,0.13
-3.04,0.58,-3.97
-2.5,0.58,-4.33
-1.91,0.58,-4.62
-1.29,0.58,-4.83
-0.65,0.58,-4.96
0.01,0.58,-5.0
0.66,0.58,-4.96
1.3,0.58,-4.83
0.02,0.58,-0.05
-0.14,0.58,0.24
-0.23,0.58,0.3
-0.31,0.58,0.31
-0.38,0.58,0.29
-0.44,0.58,0.25
-0.48,0.58,0.2
-0.49,0.58,0.13
-0.5,0.58,0.06
-0.47,0.58,-0.0
-0.41,0.58,-0.06
-0.32,0.58,-0.09
0.03,0.58,0.01
0.03,0.58,0.02
0.03,0.58,0.03
0.04,0.58,0.04
3.03,0.58,3.98
2.49,0.58,4.34
1.9,0.58,4.63
1.28,0.58,4.83
0.64,0.58,4.96
-0.02,0.58,5.0
-0.67,0.58,4.95
-1.31,0.58,4.82
0.06,0.58,-0.14
0.11,0.58,-0.18
0.16,0.58,-0.21
0.23,0.58,-0.23
0.29,0.58,-0.22
0.35,0.58,-0.2
0.39,0.58,-0.16
0.43,0.58,-0.11
0.44,0.58,-0.06
0.44,0.56,0.0
0.42,0.56,0.06
0.39,0.56,0.1
0.34,0.56,0.14
0.28,0.56,0.16
0.21,0.56,0.16
-3.53,0.56,-3.54
-3.04,0.56,-3.97
-2.5,0.56,-4.33
-1.91,0.56,-4.62
-1.29,0.56,-4.83
-0.65,0.56,-4.96
0.01,0.56,-5.0
0.66,0.56,-4.96
1.3,0.56,-4.83
1.92,0.56,-4.62
-0.13,0.56,0.23
-0.23,0.56,0.3
-0.31,0.56,0.31
-0.38,0.56,0.29
-0.44,0.56,0.25
-0.48,0.56,0.2
-0.5,0.56,0.13
-0.51,0.56,0.07
-0.49,0.56,-0.0
-0.43,0.56,-0.06
-0.31,0.56,-0.08
0.05,0.56,0.02
0.05,0.56,0.03
0.06,0.56,0.04
3.52,0.56,3.55
3.03,0.56,3.98
2.49,0.56,4.34
1.9,0.56,4.63
1.28,0.56,4.83
0.64,0.56,4.96
-0.02,0.56,5.0
-0.67,0.56,4.95
-1.31,0.56,4.82
-1.93,0.56,4.61
0.09,0.56,-0.16
0.16,0.56,-0.21
0.24,0.56,-0.23
0.3,0.56,-0.23
0.36,0.56,-0.2
0.4,0.56,-0.16
0.42,0.56,-0.11
0.44,0.56,-0.06
0.43,0.55,0.0
0.42,0.55,0.06
0.38,0.55,0.1
0.33,0.55,0.14
0.27,0.55,0.16
0.19,0.55,0.15
-3.53,0.55,-3.54
-3.04,0.55,-3.97
-2.5,0.55,-4.33
-1.91,0.55,-4.62
-1.29,0.55,-4.83
-0.65,0.55,-4.96
0.01,0.55,-5.0
0.66,0.55,-4.96
1.3,0.55,-4.83
1.92,0.55,-4.62
2.51,0.55,-4.33
-0.23,0.55,0.3
-0.31,0.55,0.31
-0.38,0.55,0.29
-0.44,0.55,0.25
-0.48,0.55,0.2
-0.51,0.55,0.14
-0.52,0.55,0.07
-0.51,0.55,-0.0
-0.45,0.55,-0.06
-0.31,0.55,-0.09
0.06,0.55,0.03
0.07,0.55,0.04
0.09,0.55,0.07
3.52,0.55,3.55
3.03,0.55,3.98
2.49,0.55,4.34
1.9,0.55,4.63
1.28,0.55,4.83
0.64,0.55,4.96
-0.02,0.55,5.0
-0.67,0.55,4.95
-1.31,0.55,4.82
-1.93,0.55,4.61
-2.52,0.55,4.32
0.17,0.55,-0.22
0.24,0.55,-0.24
0.31,0.55,-0.23
0.36,0.55,-0.21
0.4,0.55,-0.16
0.42,0.55,-0.11
0.43,0.55,-0.06
0.43,0.53,0.0
0.41,0.53,0.05
0.37,0.53,0.1
0.32,0.53,0.13
0.26,0.53,0.15
0.17,0.53,0.13
-3.53,0.53,-3.54
-3.04,0.53,-3.97
-2.5,0.53,-4.33
-1.91,0.53,-4.62
-1.29,0.53,-4.83
-0.65,0.53,-4.96
0.01,0.53,-5.0
0.66,0.53,-4.96
1.3,0.53,-4.83
1.92,0.53,-4.62
2.51,0.53,-4.33
-0.23,0.53,0.3
-0.31,0.53,0.31
-0.38,0.53,0.29
-0.44,0.53,0.25
-0.48,0.53,0.2
-0.52,0.53,0.14
-0.53,0.53,0.07
-0.52,0.53,-0.0
-0.47,0.53,-0.06
-0.34,0.53,-0.09
0.08,0.53,0.03
0.09,0.53,0.05
0.12,0.53,0.1
3.52,0.53,3.55
3.03,0.53,3.98
2.49,0.53,4.34
1.9,0.53,4.63
1.28,0.53,4.83
0.64,0.53,4.96
-0.02,0.53,5.0
-0.67,0.53,4.95
-1.31,0.53,4.82
-1.93,0.53,4.61
-2.52,0.53,4.32
0.18,0.53,-0.23
0.25,0.53,-0.25
0.32,0.53,-0.24
0.37,0.53,-0.21
0.41,0.53,-0.17
0.43,0.53,-0.11
0.43,0.53,-0.05
0.42,0.51,-0.0
0.4,0.51,0.05
0.36,0.51,0.1
0.31,0.51,0.13
0.24,0.51,0.14
-3.97,0.51,-3.05
-3.53,0.51,-3.54
-3.04,0.51,-3.97
-2.5,0.51,-4.33
-1.91,0.51,-4.62
-1.29,0.51,-4.83
-0.65,0.51,-4.96
0.01,0.51,-5.0
0.66,0.51,-4.96
1.3,0.51,-4.83
1.92,0.51,-4.62
2.51,0.51,-4.33
-0.22,0.51,0.29
-0.31,0.51,0.3
-0.38,0.51,0.29
-0.43,0.51,0.25
-0.48,0.51,0.2
-0.53,0.51,0.14
-0.55,0.51,0.07
-0.53,0.51,-0.0
-0.48,0.51,-0.06
-0.36,0.51,-0.1
0.1,0.51,0.04
0.11,0.51,0.07
3.96,0.51,3.06
3.52,0.51,3.55
3.03,0.51,3.98
2.49,0.51,4.34
1.9,0.51,4.63
1.28,0.51,4.83
0.64,0.51,4.96
-0.02,0.51,5.0
-0.67,0.51,4.95
-1.31,0.51,4.82
-1.93,0.51,4.61
-2.52,0.51,4.32
0.18,0.51,-0.24
0.26,0.51,-0.26
0.32,0.51,-0.24
0.37,0.51,-0.21
0.41,0.51,-0.17
0.43,0.51,-0.11
0.43,0.51,-0.05
0.42,0.49,0.0
0.39,0.49,0.05
0.35,0.49,0.09
0.29,0.49,0.12
0.21,0.49,0.12
-3.97,0.49,-3.05
-3.53,0.49,-3.54
-3.04,0.49,-3.97
-2.5,0.49,-4.33
-1.91,0.49,-4.62
-1.29,0.49,-4.83
-0.65,0.49,-4.96
0.01,0.49,-5.0
0.66,0.49,-4.96
1.3,0.49,-4.83
1.92,0.49,-4.62
2.51,0.49,-4.33
-0.22,0.49,0.28
-0.3,0.49,0.3
-0.37,0.49,0.29
-0.43,0.49,0.25
-0.49,0.49,0.2
-0.53,0.49,0.14
-0.56,0.49,0.07
-0.55,0.49,-0.0
-0.5,0.49,-0.07
-0.38,0.49,-0.1
0.11,0.49,0.05
0.14,0.49,0.08
3.96,0.49,3.06
3.52,0.49,3.55
3.03,0.49,3.98
2.49,0.49,4.34
1.9,0.49,4.63
1.28,0.49,4.83
0.64,0.49,4.96
-0.02,0.49,5.0
-0.67,0.49,4.95
-1.31,0.49,4.82
-1.93,0.49,4.61
-2.52,0.49,4.32
0.19,0.49,-0.25
0.26,0.49,-0.26
0.33,0.49,-0.25
0.38,0.49,-0.22
0.41,0.49,-0.17
0.43,0.49,-0.11
0.43,0.49,-0.06
0.42,0.47,-0.0
0.38,0.47,0.05
0.33,0.47,0.09
0.26,0.47,0.11
-4.33,0.47,-2.5
-3.97,0.47,-3.05
-3.53,0.47,-3.54
-3.04,0.47,-3.97
-2.5,0.47,-4.33
-1.91,0.47,-4.62
-1.29,0.47,-4.83
-0.65,0.47,-4.96
0.01,0.47,-5.0
0.66,0.47,-4.96
1.3,0.47,-4.83
1.92,0.47,-4.62
2.51,0.47,-4.33
-0.2,0.47,0.26
-0.29,0.47,0.29
-0.36,0.47,0.28
-0.43,0.47,0.24
-0.49,0.47,0.2
-0.54,0.47,0.14
-0.57,0.47,0.07
-0.56,0.47,-0.0
-0.52,0.47,-0.07
-0.4,0.47,-0.11
0.13,0.47,0.05
4.32,0.47,2.51
3.96,0.47,3.06
3.52,0.47,3.55
3.03,0.47,3.98
2.49,0.47,4.34
1.9,0.47,4.63
1.28,0.47,4.83
0.64,0.47,4.96
-0.02,0.47,5.0
-0.67,0.47,4.95
-1.31,0.47,4.82
-1.93,0.47,4.61
-2.52,0.47,4.32
0.2,0.47,-0.26
0.27,0.47,-0.27
0.33,0.47,-0.25
0.38,0.47,-0.22
0.42,0.47,-0.17
0.44,0.47,-0.11
0.44,0.47,-0.06
0.42,0.45,-0.0
0.38,0.45,0.05
0.32,0.45,0.09
0.25,0.45,0.1
-4.33,0.45,-2.5
-3.97,0.45,-3.05
-3.53,0.45,-3.54
-3.04,0.45,-3.97
-2.5,0.45,-4.33
-1.91,0.45,-4.62
-1.29,0.45,-4.83
-0.65,0.45,-4.96
0.01,0.45,-5.0
0.66,0.45,-4.96
1.3,0.45,-4.83
1.92,0.45,-4.62
2.51,0.45,-4.33
-0.19,0.45,0.25
-0.29,0.45,0.29
-0.36,0.45,0.28
-0.43,0.45,0.25
-0.5,0.45,0.21
-0.55,0.45,0.15
-0.58,0.45,0.08
-0.58,0.45,-0.0
-0.53,0.45,-0.07
-0.41,0.45,-0.11
0.14,0.45,0.06
4.32,0.45,2.51
3.96,0.45,3.06
3.52,0.45,3.55
3.03,0.45,3.98
2.49,0.45,4.34
1.9,0.45,4.63
1.28,0.45,4.83
0.64,0.45,4.96
-0.02,0.45,5.0
-0.67,0.45,4.95
-1.31,0.45,4.82
-1.93,0.45,4.61
-2.52,0.45,4.32
0.2,0.45,-0.26
0.28,0.45,-0.27
0.34,0.45,-0.26
0.39,0.45,-0.22
0.43,0.45,-0.17
0.44,0.45,-0.12
0.45,0.45,-0.06
0.43,0.43,-0.0
0.39,0.43,0.05
0.33,0.43,0.09
0.22,0.43,0.09
-4.33,0.43,-2.5
-3.97,0.43,-3.05
-3.53,0.43,-3.54
-3.04,0.43,-3.97
-2.5,0.43,-4.33
-1.91,0.43,-4.62
-1.29,0.43,-4.83
-0.65,0.43,-4.96
0.01,0.43,-5.0
0.66,0.43,-4.96
1.3,0.43,-4.83
1.92,0.43,-4.62
2.51,0.43,-4.33
0.09,0.43,-0.12
-0.27,0.43,0.27
-0.34,0.43,0.26
-0.42,0.43,0.24
-0.5,0.43,0.2
-0.55,0.43,0.15
-0.58,0.43,0.08
-0.58,0.43,-0.0
-0.54,0.43,-0.07
-0.44,0.43,-0.12
0.17,0.43,0.07
4.32,0.43,2.51
3.96,0.43,3.06
3.52,0.43,3.55
3.03,0.43,3.98
2.49,0.43,4.34
1.9,0.43,4.63
1.28,0.43,4.83
0.64,0.43,4.96
-0.02,0.43,5.0
-0.67,0.43,4.95
-1.31,0.43,4.82
-1.93,0.43,4.61
-2.52,0.43,4.32
0.21,0.43,-0.27
0.28,0.43,-0.28
0.35,0.43,-0.26
0.4,0.43,-0.23
0.43,0.43,-0.18
0.44,0.43,-0.12
0.44,0.43,-0.06
0.42,0.41,0.0
0.37,0.41,0.05
0.31,0.41,0.08
-4.62,0.41,-1.91
-4.33,0.41,-2.5
-3.97,0.41,-3.05
-3.53,0.41,-3.54
-3.04,0.41,-3.97
-2.5,0.41,-4.33
-1.91,0.41,-4.62
-1.29,0.41,-4.83
-0.65,0.41,-4.96
0.01,0.41,-5.0
0.66,0.41,-4.96
1.3,0.41,-4.83
1.92,0.41,-4.62
2.51,0.41,-4.33
0.09,0.41,-0.12
0.09,0.41,-0.09
-0.31,0.41,0.24
-0.41,0.41,0.24
-0.5,0.41,0.2
-0.56,0.41,0.15
-0.6,0.41,0.08
-0.6,0.41,-0.0
-0.57,0.41,-0.08
-0.47,0.41,-0.13
4.61,0.41,1.93
4.32,0.41,2.51
3.96,0.41,3.06
3.52,0.41,3.55
3.03,0.41,3.98
2.49,0.41,4.34
1.9,0.41,4.63
1.28,0.41,4.83
0.64,0.41,4.96
-0.02,0.41,5.0
-0.67,0.41,4.95
-1.31,0.41,4.82
-1.93,0.41,4.61
-2.52,0.41,4.32
0.22,0.41,-0.28
0.29,0.41,-0.29
0.35,0.41,-0.27
0.4,0.41,-0.23
0.43,0.41,-0.18
0.45,0.41,-0.12
0.44,0.41,-0.06
0.41,0.4,0.0
0.37,0.4,0.05
0.29,0.4,0.08
-4.62,0.4,-1.91
-4.33,0.4,-2.5
-3.97,0.4,-3.05
-3.53,0.4,-3.54
-3.04,0.4,-3.97
-2.5,0.4,-4.33
-1.91,0.4,-4.62
-1.29,0.4,-4.83
-0.65,0.4,-4.96
0.01,0.4,-5.0
0.66,0.4,-4.96
1.3,0.4,-4.83
1.92,0.4,-4.62
2.51,0.4,-4.33
0.09,0.4,-0.12
0.09,0.4,-0.09
-0.29,0.4,0.22
-0.41,0.4,0.24
-0.5,0.4,0.2
-0.56,0.4,0.15
-0.61,0.4,0.08
-0.62,0.4,-0.0
-0.58,0.4,-0.08
-0.49,0.4,-0.13
4.61,0.4,1.93
4.32,0.4,2.51
3.96,0.4,3.06
3.52,0.4,3.55
3.03,0.4,3.98
2.49,0.4,4.34
1.9,0.4,4.63
1.28,0.4,4.83
0.64,0.4,4.96
-0.02,0.4,5.0
-0.67,0.4,4.95
-1.31,0.4,4.82
-1.93,0.4,4.61
0.12,0.4,-0.21
0.22,0.4,-0.29
0.3,0.4,-0.29
0.36,0.4,-0.27
0.41,0.4,-0.23
0.44,0.4,-0.18
0.45,0.4,-0.12
0.44,0.4,-0.06
0.41,0.38,0.0
0.36,0.38,0.05
0.28,0.38,0.07
-4.62,0.38,-1.91
-4.33,0.38,-2.5
-3.97,0.38,-3.05
-3.53,0.38,-3.54
-3.04,0.38,-3.97
-2.5,0.38,-4.33
-1.91,0.38,-4.62
-1.29,0.38,-4.83
-0.65,0.38,-4.96
0.01,0.38,-5.0
0.66,0.38,-4.96
1.3,0.38,-4.83
1.92,0.38,-4.62
0.11,0.38,-0.19
0.09,0.38,-0.12
0.09,0.38,-0.09
0.09,0.38,-0.07
-0.4,0.38,0.23
-0.5,0.38,0.2
-0.57,0.38,0.15
-0.62,0.38,0.08
-0.63,0.38,-0.0
-0.6,0.38,-0.08
-0.5,0.38,-0.14
4.61,0.38,1.93
4.32,0.38,2.51
3.96,0.38,3.06
3.52,0.38,3.55
3.03,0.38,3.98
2.49,0.38,4.34
1.9,0.38,4.63
1.28,0.38,4.83
0.64,0.38,4.96
-0.02,0.38,5.0
-0.67,0.38,4.95
-1.31,0.38,4.82
-1.93,0.38,4.61
0.13,0.38,-0.23
0.23,0.38,-0.3
0.3,0.38,-0.3
0.36,0.38,-0.28
0.41,0.38,-0.24
0.44,0.38,-0.18
0.45,0.38,-0.12
0.44,0.38,-0.06
0.41,0.36,0.0
0.35,0.36,0.05
0.26,0.36,0.07
-4.62,0.36,-1.91
-4.33,0.36,-2.5
-3.97,0.36,-3.05
-3.53,0.36,-3.54
-3.04,0.36,-3.97
-2.5,0.36,-4.33
-1.91,0.36,-4.62
-1.29,0.36,-4.83
-0.65,0.36,-4.96
0.01,0.36,-5.0
0.66,0.36,-4.96
1.3,0.36,-4.83
1.92,0.36,-4.62
0.11,0.36,-0.18
0.09,0.36,-0.12
0.09,0.36,-0.09
0.1,0.36,-0.07
-0.39,0.36,0.23
-0.5,0.36,0.2
-0.57,0.36,0.15
-0.63,0.36,0.08
-0.64,0.36,-0.0
-0.61,0.36,-0.08
-0.52,0.36,-0.14
4.61,0.36,1.93
4.32,0.36,2.51
3.96,0.36,3.06
3.52,0.36,3.55
3.03,0.36,3.98
2.49,0.36,4.34
1.9,0.36,4.63
1.28,0.36,4.83
0.64,0.36,4.96
-0.02,0.36,5.0
-0.67,0.36,4.95
-1.31,0.36,4.82
-1.93,0.36,4.61
0.14,0.36,-0.24
0.23,0.36,-0.3
0.31,0.36,-0.31
0.37,0.36,-0.28
0.42,0.36,-0.24
0.44,0.36,-0.18
0.45,0.36,-0.12
0.44,0.36,-0.06
0.4,0.34,0.0
0.34,0.34,0.05
-0.3,0.34,-0.08
-4.62,0.34,-1.91
-4.33,0.34,-2.5
-3.97,0.34,-3.05
-3.53,0.34,-3.54
-3.04,0.34,-3.97
-2.5,0.34,-4.33
-1.91,0.34,-4.62
-1.29,0.34,-4.83
-0.65,0.34,-4.96
0.01,0.34,-5.0
0.66,0.34,-4.96
1.3,0.34,-4.83
1.92,0.34,-4.62
0.11,0.34,-0.18
0.1,0.34,-0.12
0.1,0.34,-0.1
0.1,0.34,-0.08
-0.38,0.34,0.22
-0.49,0.34,0.2
-0.58,0.34,0.15
-0.63,0.34,0.08
-0.65,0.34,-0.0
-0.63,0.34,-0.08
-0.54,0.34,-0.15
4.61,0.34,1.93
4.32,0.34,2.51
3.96,0.34,3.06
3.52,0.34,3.55
3.03,0.34,3.98
2.49,0.34,4.34
1.9,0.34,4.63
1.28,0.34,4.83
0.64,0.34,4.96
-0.02,0.34,5.0
-0.67,0.34,4.95
-1.31,0.34,4.82
-1.93,0.34,4.61
0.15,0.34,-0.26
0.24,0.34,-0.31
0.31,0.34,-0.31
0.38,0.34,-0.29
0.42,0.34,-0.24
0.45,0.34,-0.18
0.45,0.34,-0.12
0.44,0.34,-0.06
0.4,0.32,0.0
0.33,0.32,0.04
-0.31,0.32,-0.08
-4.62,0.32,-1.91
-4.33,0.32,-2.5
-3.97,0.32,-3.05
-3.53,0.32,-3.54
-3.04,0.32,-3.97
-2.5,0.32,-4.33
-1.91,0.32,-4.62
-1.29,0.32,-4.83
-0.65,0.32,-4.96
0.01,0.32,-5.0
0.66,0.32,-4.96
1.3,0.32,-4.83
1.92,0.32,-4.62
0.11,0.32,-0.18
0.1,0.32,-0.13
0.1,0.32,-0.1
0.1,0.32,-0.08
-0.35,0.32,0.2
-0.49,0.32,0.2
-0.58,0.32,0.15
-0.64,0.32,0.08
-0.66,0.32,-0.0
-0.64,0.32,-0.09
-0.55,0.32,-0.15
4.61,0.32,1.93
4.32,0.32,2.51
3.96,0.32,3.06
3.52,0.32,3.55
3.03,0.32,3.98
2.49,0.32,4.34
1.9,0.32,4.63
1.28,0.32,4.83
0.64,0.32,4.96
-0.02,0.32,5.0
-0.67,0.32,4.95
-1.31,0.32,4.82
-1.93,0.32,4.61
0.16,0.32,-0.27
0.25,0.32,-0.32
0.32,0.32,-0.32
0.38,0.32,-0.29
0.43,0.32,-0.24
0.45,0.32,-0.18
0.45,0.32,-0.12
0.44,0.32,-0.06
0.39,0.3,0.0
0.32,0.3,0.04
-0.31,0.3,-0.08
-4.62,0.3,-1.91
-4.33,0.3,-2.5
-3.97,0.3,-3.05
-3.53,0.3,-3.54
-3.04,0.3,-3.97
-2.5,0.3,-4.33
-1.91,0.3,-4.62
-1.29,0.3,-4.83
-0.65,0.3,-4.96
0.01,0.3,-5.0
0.66,0.3,-4.96
1.3,0.3,-4.83
1.92,0.3,-4.62
0.11,0.3,-0.18
0.1,0.3,-0.13
0.1,0.3,-0.1
0.11,0.3,-0.08
0.11,0.3,-0.06
-0.49,0.3,0.2
-0.59,0.3,0.16
-0.65,0.3,0.08
-0.68,0.3,-0.0
-0.66,0.3,-0.09
-0.57,0.3,-0.15
4.61,0.3,1.93
4.32,0.3,2.51
3.96,0.3,3.06
3.52,0.3,3.55
3.03,0.3,3.98
2.49,0.3,4.34
1.9,0.3,4.63
1.28,0.3,4.83
0.64,0.3,4.96
-0.02,0.3,5.0
-0.67,0.3,4.95
-1.31,0.3,4.82
-1.93,0.3,4.61
0.16,0.3,-0.28
0.25,0.3,-0.33
0.33,0.3,-0.32
0.39,0.3,-0.29
0.43,0.3,-0.25
0.45,0.3,-0.19
0.46,0.3,-0.12
0.44,0.3,-0.06
0.39,0.28,0.0
0.3,0.28,0.04
-0.32,0.28,-0.09
-4.62,0.28,-1.91
-4.33,0.28,-2.5
-3.97,0.28,-3.05
-3.53,0.28,-3.54
-3.04,0.28,-3.97
-2.5,0.28,-4.33
-1.91,0.28,-4.62
-1.29,0.28,-4.83
-0.65,0.28,-4.96
0.01,0.28,-5.0
0.66,0.28,-4.96
1.3,0.28,-4.83
1.92,0.28,-4.62
0.11,0.28,-0.18
0.1,0.28,-0.13
0.1,0.28,-0.1
0.11,0.28,-0.08
0.12,0.28,-0.07
-0.48,0.28,0.2
-0.59,0.28,0.16
-0.66,0.28,0.08
-0.69,0.28,-0.0
-0.67,0.28,-0.09
-0.59,0.28,-0.16
4.61,0.28,1.93
4.32,0.28,2.51
3.96,0.28,3.06
3.52,0.28,3.55
3.03,0.28,3.98
2.49,0.28,4.34
1.9,0.28,4.63
1.28,0.28,4.83
0.64,0.28,4.96
-0.02,0.28,5.0
-0.67,0.28,4.95
-1.31,0.28,4.82
-1.93,0.28,4.61
0.17,0.28,-0.29
0.26,0.28,-0.33
0.33,0.28,-0.33
0.39,0.28,-0.3
0.43,0.28,-0.25
0.46,0.28,-0.19
0.46,0.28,-0.12
0.43,0.28,-0.06
0.38,0.26,0.0
0.27,0.26,0.04
-0.33,0.26,-0.09
-4.62,0.26,-1.91
-4.33,0.26,-2.5
-3.97,0.26,-3.05
-3.53,0.26,-3.54
-3.04,0.26,-3.97
-2.5,0.26,-4.33
-1.91,0.26,-4.62
-1.29,0.26,-4.83
-0.65,0.26,-4.96
0.01,0.26,-5.0
0.66,0.26,-4.96
1.3,0.26,-4.83
1.92,0.26,-4.62
0.11,0.26,-0.19
0.1,0.26,-0.14
0.11,0.26,-0.11
0.11,0.26,-0.09
0.12,0.26,-0.07
-0.47,0.26,0.19
-0.59,0.26,0.16
-0.66,0.26,0.09
-0.7,0.26,-0.0
-0.68,0.26,-0.09
-0.6,0.26,-0.16
4.61,0.26,1.93
4.32,0.26,2.51
3.96,0.26,3.06
3.52,0.26,3.55
3.03,0.26,3.98
2.49,0.26,4.34
1.9,0.26,4.63
1.28,0.26,4.83
0.64,0.26,4.96
-0.02,0.26,5.0
-0.67,0.26,4.95
-1.31,0.26,4.82
-1.93,0.26,4.61
0.17,0.26,-0.3
0.26,0.26,-0.34
0.34,0.26,-0.33
0.4,0.26,-0.3
0.44,0.26,-0.25
0.46,0.26,-0.19
0.46,0.26,-0.12
0.43,0.26,-0.05
0.37,0.24,0.0
-0.31,0.24,-0.04
-0.34,0.24,-0.09
-4.62,0.24,-1.91
-4.33,0.24,-2.5
-3.97,0.24,-3.05
-3.53,0.24,-3.54
-3.04,0.24,-3.97
-2.5,0.24,-4.33
-1.91,0.24,-4.62
-1.29,0.24,-4.83
-0.65,0.24,-4.96
0.01,0.24,-5.0
0.66,0.24,-4.96
1.3,0.24,-4.83
1.92,0.24,-4.62
0.11,0.24,-0.19
0.11,0.24,-0.14
0.11,0.24,-0.11
0.12,0.24,-0.09
0.12,0.24,-0.07
-0.46,0.24,0.19
-0.59,0.24,0.16
-0.67,0.24,0.09
-0.71,0.24,-0.0
-0.7,0.24,-0.09
-0.62,0.24,-0.17
4.61,0.24,1.93
4.32,0.24,2.51
3.96,0.24,3.06
3.52,0.24,3.55
3.03,0.24,3.98
2.49,0.24,4.34
1.9,0.24,4.63
1.28,0.24,4.83
0.64,0.24,4.96
-0.02,0.24,5.0
-0.67,0.24,4.95
-1.31,0.24,4.82
-1.93,0.24,4.61
0.18,0.24,-0.31
0.27,0.24,-0.35
0.34,0.24,-0.34
0.4,0.24,-0.31
0.44,0.24,-0.25
0.46,0.24,-0.19
0.46,0.24,-0.12
0.43,0.24,-0.05
0.37,0.23,0.0
-0.32,0.23,-0.04
-0.35,0.23,-0.09
-4.62,0.23,-1.91
-4.33,0.23,-2.5
-3.97,0.23,-3.05
-3.53,0.23,-3.54
-3.04,0.23,-3.97
-2.5,0.23,-4.33
-1.91,0.23,-4.62
-1.29,0.23,-4.83
-0.65,0.23,-4.96
0.01,0.23,-5.0
0.66,0.23,-4.96
1.3,0.23,-4.83
1.92,0.23,-4.62
0.11,0.23,-0.19
0.11,0.23,-0.14
0.11,0.23,-0.11
0.12,0.23,-0.09
0.13,0.23,-0.07
-0.43,0.23,0.18
-0.59,0.23,0.16
-0.68,0.23,0.09
-0.72,0.23,-0.0
-0.7,0.23,-0.09
-0.63,0.23,-0.17
4.61,0.23,1.93
4.32,0.23,2.51
3.96,0.23,3.06
3.52,0.23,3.55
3.03,0.23,3.98
2.49,0.23,4.34
1.9,0.23,4.63
1.28,0.23,4.83
0.64,0.23,4.96
-0.02,0.23,5.0
-0.67,0.23,4.95
-1.31,0.23,4.82
-1.93,0.23,4.61
0.19,0.23,-0.32
0.27,0.23,-0.35
0.35,0.23,-0.35
0.41,0.23,-0.31
0.45,0.23,-0.26
0.47,0.23,-0.19
0.46,0.23,-0.12
0.43,0.23,-0.05
0.35,0.21,0.0
-0.33,0.21,-0.04
-0.36,0.21,-0.1
-4.62,0.21,-1.91
-4.33,0.21,-2.5
-3.97,0.21,-3.05
-3.53,0.21,-3.54
-3.04,0.21,-3.97
-2.5,0.21,-4.33
-1.91,0.21,-4.62
-1.29,0.21,-4.83
-0.65,0.21,-4.96
0.01,0.21,-5.0
0.66,0.21,-4.96
1.3,0.21,-4.83
1.92,0.21,-4.62
0.11,0.21,-0.19
0.11,0.21,-0.14
0.12,0.21,-0.12
0.12,0.21,-0.09
0.13,0.21,-0.08
0.14,0.21,-0.06
-0.59,0.21,0.16
-0.68,0.21,0.09
-0.72,0.21,-0.0
-0.71,0.21,-0.1
-0.64,0.21,-0.17
4.61,0.21,1.93
4.32,0.21,2.51
3.96,0.21,3.06
3.52,0.21,3.55
3.03,0.21,3.98
2.49,0.21,4.34
1.9,0.21,4.63
1.28,0.21,4.83
0.64,0.21,4.96
-0.02,0.21,5.0
-0.67,0.21,4.95
-1.31,0.21,4.82
-1.93,0.21,4.61
0.19,0.21,-0.33
0.28,0.21,-0.36
0.35,0.21,-0.35
0.41,0.21,-0.31
0.45,0.21,-0.26
0.47,0.21,-0.19
0.46,0.21,-0.12
0.42,0.21,-0.05
0.34,0.19,-0.0
-0.34,0.19,-0.04
-0.37,0.19,-0.1
-4.62,0.19,-1.91
-4.33,0.19,-2.5
-3.97,0.19,-3.05
-3.53,0.19,-3.54
-3.04,0.19,-3.97
-2.5,0.19,-4.33
-1.91,0.19,-4.62
-1.29,0.19,-4.83
-0.65,0.19,-4.96
0.01,0.19,-5.0
0.66,0.19,-4.96
1.3,0.19,-4.83
1.92,0.19,-4.62
0.11,0.19,-0.19
0.11,0.19,-0.15
0.12,0.19,-0.12
0.13,0.19,-0.1
0.14,0.19,-0.08
0.15,0.19,-0.06
-0.59,0.19,0.16
-0.69,0.19,0.09
-0.73,0.19,-0.0
-0.71,0.19,-0.1
-0.65,0.19,-0.17
4.61,0.19,1.93
4.32,0.19,2.51
3.96,0.19,3.06
3.52,0.19,3.55
3.03,0.19,3.98
2.49,0.19,4.34
1.9,0.19,4.63
1.28,0.19,4.83
0.64,0.19,4.96
-0.02,0.19,5.0
-0.67,0.19,4.95
-1.31,0.19,4.82
-1.93,0.19,4.61
0.2,0.19,-0.34
0.28,0.19,-0.37
0.36,0.19,-0.35
0.42,0.19,-0.32
0.45,0.19,-0.26
0.47,0.19,-0.19
0.46,0.19,-0.12
0.42,0.19,-0.05
0.32,0.17,-0.0
-0.35,0.17,-0.05
-0.38,0.17,-0.1
-4.62,0.17,-1.91
-4.33,0.17,-2.5
-3.97,0.17,-3.05
-3.53,0.17,-3.54
-3.04,0.17,-3.97
-2.5,0.17,-4.33
-1.91,0.17,-4.62
-1.29,0.17,-4.83
-0.65,0.17,-4.96
0.01,0.17,-5.0
0.66,0.17,-4.96
1.3,0.17,-4.83
1.92,0.17,-4.62
0.11,0.17,-0.2
0.12,0.17,-0.15
0.12,0.17,-0.12
0.13,0.17,-0.1
0.14,0.17,-0.08
0.15,0.17,-0.06
-0.58,0.17,0.15
-0.69,0.17,0.09
-0.73,0.17,-0.0
-0.72,0.17,-0.1
-0.65,0.17,-0.18
4.61,0.17,1.93
4.32,0.17,2.51
3.96,0.17,3.06
3.52,0.17,3.55
3.03,0.17,3.98
2.49,0.17,4.34
1.9,0.17,4.63
1.28,0.17,4.83
0.64,0.17,4.96
-0.02,0.17,5.0
-0.67,0.17,4.95
-1.31,0.17,4.82
-1.93,0.17,4.61
0.2,0.17,-0.34
0.29,0.17,-0.37
0.36,0.17,-0.36
0.42,0.17,-0.32
0.46,0.17,-0.26
0.47,0.17,-0.19
0.46,0.17,-0.12
0.41,0.17,-0.05
-0.35,0.15,0.0
-0.36,0.15,-0.05
-0.38,0.15,-0.1
-4.62,0.15,-1.91
-4.33,0.15,-2.5
-3.97,0.15,-3.05
-3.53,0.15,-3.54
-3.04,0.15,-3.97
-2.5,0.15,-4.33
-1.91,0.15,-4.62
-1.29,0.15,-4.83
-0.65,0.15,-4.96
0.01,0.15,-5.0
0.66,0.15,-4.96
1.3,0.15,-4.83
1.92,0.15,-4.62
0.12,0.15,-0.2
0.12,0.15,-0.15
0.12,0.15,-0.12
0.13,0.15,-0.1
0.14,0.15,-0.08
0.16,0.15,-0.07
-0.58,0.15,0.15
-0.69,0.15,0.09
-0.73,0.15,-0.0
-0.72,0.15,-0.1
-0.65,0.15,-0.18
4.61,0.15,1.93
4.32,0.15,2.51
3.96,0.15,3.06
3.52,0.15,3.55
3.03,0.15,3.98
2.49,0.15,4.34
1.9,0.15,4.63
1.28,0.15,4.83
0.64,0.15,4.96
-0.02,0.15,5.0
-0.67,0.15,4.95
-1.31,0.15,4.82
-1.93,0.15,4.61
0.2,0.15,-0.35
0.29,0.15,-0.37
0.36,0.15,-0.36
0.42,0.15,-0.32
0.46,0.15,-0.26
0.47,0.15,-0.19
0.46,0.15,-0.12
0.41,0.15,-0.05
-0.36,0.13,0.0
-0.37,0.13,-0.05
-0.39,0.13,-0.11
-4.62,0.13,-1.91
-4.33,0.13,-2.5
-3.97,0.13,-3.05
-3.53,0.13,-3.54
-3.04,0.13,-3.97
-2.5,0.13,-4.33
-1.91,0.13,-4.62
-1.29,0.13,-4.83
-0.65,0.13,-4.96
0.01,0.13,-5.0
0.66,0.13,-4.96
1.3,0.13,-4.83
1.92,0.13,-4.62
0.12,0.13,-0.21
0.12,0.13,-0.16
0.13,0.13,-0.13
0.14,0.13,-0.11
0.15,0.13,-0.09
0.16,0.13,-0.07
-0.58,0.13,0.15
-0.69,0.13,0.09
-0.72,0.13,-0.0
-0.71,0.13,-0.09
-0.64,0.13,-0.17
4.61,0.13,1.93
4.32,0.13,2.51
3.96,0.13,3.06
3.52,0.13,3.55
3.03,0.13,3.98
2.49,0.13,4.34
1.9,0.13,4.63
1.28,0.13,4.83
0.64,0.13,4.96
-0.02,0.13,5.0
-0.67,0.13,4.95
-1.31,0.13,4.82
-1.93,0.13,4.61
0.2,0.13,-0.34
0.29,0.13,-0.37
0.36,0.13,-0.36
0.42,0.13,-0.32
0.46,0.13,-0.26
0.47,0.13,-0.19
0.46,0.13,-0.12
0.4,0.13,-0.05
-0.37,0.11,-0.0
-0.38,0.11,-0.05
-0.4,0.11,-0.11
-4.62,0.11,-1.91
-4.33,0.11,-2.5
-3.97,0.11,-3.05
-3.53,0.11,-3.54
-3.04,0.11,-3.97
-2.5,0.11,-4.33
-1.91,0.11,-4.62
-1.29,0.11,-4.83
-0.65,0.11,-4.96
0.01,0.11,-5.0
0.66,0.11,-4.96
1.3,0.11,-4.83
1.92,0.11,-4.62
0.12,0.11,-0.21
0.12,0.11,-0.16
0.13,0.11,-0.13
0.14,0.11,-0.11
0.16,0.11,-0.09
0.17,0.11,-0.07
-0.55,0.11,0.15
-0.68,0.11,0.09
-0.72,0.11,-0.0
-0.71,0.11,-0.09
-0.64,0.11,-0.17
4.61,0.11,1.93
4.32,0.11,2.51
3.96,0.11,3.06
3.52,0.11,3.55
3.03,0.11,3.98
2.49,0.11,4.34
1.9,0.11,4.63
1.28,0.11,4.83
0.64,0.11,4.96
-0.02,0.11,5.0
-0.67,0.11,4.95
-1.31,0.11,4.82
-1.93,0.11,4.61
0.19,0.11,-0.33
0.28,0.11,-0.36
0.36,0.11,-0.35
0.42,0.11,-0.32
0.45,0.11,-0.26
0.47,0.11,-0.19
0.45,0.11,-0.12
0.39,0.11,-0.05
-0.39,0.09,0.0
-0.39,0.09,-0.05
-0.41,0.09,-0.11
-4.62,0.09,-1.91
-4.33,0.09,-2.5
-3.97,0.09,-3.05
-3.53,0.09,-3.54
-3.04,0.09,-3.97
-2.5,0.09,-4.33
-1.91,0.09,-4.62
-1.29,0.09,-4.83
-0.65,0.09,-4.96
0.01,0.09,-5.0
0.66,0.09,-4.96
1.3,0.09,-4.83
1.92,0.09,-4.62
0.13,0.09,-0.22
0.13,0.09,-0.17
0.14,0.09,-0.14
0.15,0.09,-0.11
0.16,0.09,-0.09
0.18,0.09,-0.07
0.2,0.09,-0.05
-0.67,0.09,0.09
-0.71,0.09,-0.0
-0.7,0.09,-0.09
-0.63,0.09,-0.17
4.61,0.09,1.93
4.32,0.09,2.51
3.96,0.09,3.06
3.52,0.09,3.55
3.03,0.09,3.98
2.49,0.09,4.34
1.9,0.09,4.63
1.28,0.09,4.83
0.64,0.09,4.96
-0.02,0.09,5.0
-0.67,0.09,4.95
-1.31,0.09,4.82
-1.93,0.09,4.61
0.19,0.09,-0.32
0.28,0.09,-0.36
0.35,0.09,-0.35
0.41,0.09,-0.31
0.45,0.09,-0.26
0.46,0.09,-0.19
0.45,0.09,-0.12
0.38,0.09,-0.05
-0.4,0.08,0.0
-0.4,0.08,-0.05
-0.43,0.08,-0.11
-4.62,0.08,-1.91
-4.33,0.08,-2.5
-3.97,0.08,-3.05
-3.53,0.08,-3.54
-3.04,0.08,-3.97
-2.5,0.08,-4.33
-1.91,0.08,-4.62
-1.29,0.08,-4.83
-0.65,0.08,-4.96
0.01,0.08,-5.0
0.66,0.08,-4.96
1.3,0.08,-4.83
1.92,0.08,-4.62
0.15,0.08,-0.26
0.14,0.08,-0.18
0.14,0.08,-0.14
0.15,0.08,-0.12
0.17,0.08,-0.1
0.18,0.08,-0.08
0.21,0.08,-0.06
-0.66,0.08,0.09
-0.71,0.08,-0.0
-0.69,0.08,-0.09
-0.61,0.08,-0.17
4.61,0.08,1.93
4.32,0.08,2.51
3.96,0.08,3.06
3.52,0.08,3.55
3.03,0.08,3.98
2.49,0.08,4.34
1.9,0.08,4.63
1.28,0.08,4.83
0.64,0.08,4.96
-0.02,0.08,5.0
-0.67,0.08,4.95
-1.31,0.08,4.82
-1.93,0.08,4.61
0.17,0.08,-0.29
0.27,0.08,-0.35
0.35,0.08,-0.34
0.4,0.08,-0.31
0.44,0.08,-0.25
0.45,0.08,-0.19
0.43,0.08,-0.11
0.36,0.08,-0.05
-0.41,0.06,0.0
-0.41,0.06,-0.05
-0.45,0.06,-0.12
-4.62,0.06,-1.91
-4.33,0.06,-2.5
-3.97,0.06,-3.05
-3.53,0.06,-3.54
-3.04,0.06,-3.97
-2.5,0.06,-4.33
-1.91,0.06,-4.62
-1.29,0.06,-4.83
-0.65,0.06,-4.96
0.01,0.06,-5.0
0.66,0.06,-4.96
1.3,0.06,-4.83
1.92,0.06,-4.62
2.51,0.06,-4.33
0.15,0.06,-0.19
0.15,0.06,-0.15
0.16,0.06,-0.12
0.18,0.06,-0.1
0.2,0.06,-0.08
0.23,0.06,-0.06
-0.65,0.06,0.08
-0.69,0.06,-0.0
-0.68,0.06,-0.09
-0.59,0.06,-0.16
4.61,0.06,1.93
4.32,0.06,2.51
3.96,0.06,3.06
3.52,0.06,3.55
3.03,0.06,3.98
2.49,0.06,4.34
1.9,0.06,4.63
1.28,0.06,4.83
0.64,0.06,4.96
-0.02,0.06,5.0
-0.67,0.06,4.95
-1.31,0.06,4.82
-1.93,0.06,4.61
-2.52,0.06,4.32
0.26,0.06,-0.34
0.34,0.06,-0.33
0.4,0.06,-0.3
0.43,0.06,-0.25
0.44,0.06,-0.18
0.42,0.06,-0.11
-0.43,0.06,0.06
-0.43,0.04,0.0
-0.43,0.04,-0.06
-0.49,0.04,-0.13
-4.62,0.04,-1.91
-4.33,0.04,-2.5
-3.97,0.04,-3.05
-3.53,0.04,-3.54
-3.04,0.04,-3.97
-2.5,0.04,-4.33
-1.91,0.04,-4.62
-1.29,0.04,-4.83
-0.65,0.04,-4.96
0.01,0.04,-5.0
0.66,0.04,-4.96
1.3,0.04,-4.83
1.92,0.04,-4.62
2.51,0.04,-4.33
0.16,0.04,-0.21
0.16,0.04,-0.16
0.17,0.04,-0.13
0.19,0.04,-0.11
0.21,0.04,-0.09
0.25,0.04,-0.07
-0.62,0.04,0.08
-0.68,0.04,-0.0
-0.66,0.04,-0.09
-0.55,0.04,-0.15
4.61,0.04,1.93
4.32,0.04,2.51
3.96,0.04,3.06
3.52,0.04,3.55
3.03,0.04,3.98
2.49,0.04,4.34
1.9,0.04,4.63
1.28,0.04,4.83
0.64,0.04,4.96
-0.02,0.04,5.0
-0.67,0.04,4.95
-1.31,0.04,4.82
-1.93,0.04,4.61
-2.52,0.04,4.32
0.25,0.04,-0.32
0.33,0.04,-0.32
0.38,0.04,-0.29
0.42,0.04,-0.24
0.43,0.04,-0.18
0.4,0.04,-0.1
-0.46,0.04,0.06
-0.45,0.02,0.0
-0.46,0.02,-0.06
-4.83,0.02,-1.3
-4.62,0.02,-1.91
-4.33,0.02,-2.5
-3.97,0.02,-3.05
-3.53,0.02,-3.54
-3.04,0.02,-3.97
-2.5,0.02,-4.33
-1.91,0.02,-4.62
-1.29,0.02,-4.83
-0.65,0.02,-4.96
0.01,0.02,-5.0
0.66,0.02,-4.96
1.3,0.02,-4.83
1.92,0.02,-4.62
2.51,0.02,-4.33
0.2,0.02,-0.26
0.18,0.02,-0.18
0.19,0.02,-0.14
0.2,0.02,-0.12
0.23,0.02,-0.09
0.29,0.02,-0.08
-0.58,0.02,0.08
-0.65,0.02,-0.0
-0.64,0.02,-0.09
4.83,0.02,1.31
4.61,0.02,1.93
4.32,0.02,2.51
3.96,0.02,3.06
3.52,0.02,3.55
3.03,0.02,3.98
2.49,0.02,4.34
1.9,0.02,4.63
1.28,0.02,4.83
0.64,0.02,4.96
-0.02,0.02,5.0
-0.67,0.02,4.95
-1.31,0.02,4.82
-1.93,0.02,4.61
-2.52,0.02,4.32
0.21,0.02,-0.27
0.31,0.02,-0.31
0.37,0.02,-0.28
0.4,0.02,-0.23
0.41,0.02,-0.17
