-4.96,2.74,-0.65
-4.83,2.74,-1.3
-4.62,2.74,-1.91
-4.33,2.74,-2.5
-3.97,2.74,-3.05
-3.53,2.74,-3.54
-3.04,2.74,-3.97
-2.5,2.74,-4.33
-1.91,2.74,-4.62
-1.29,2.74,-4.83
-0.65,2.74,-4.96
0.01,2.74,-5.0
0.66,2.74,-4.96
1.3,2.74,-4.83
1.92,2.74,-4.62
2.51,2.74,-4.33
3.05,2.74,-3.96
3.54,2.74,-3.53
3.97,2.74,-3.04
4.34,2.74,-2.49
4.62,2.74,-1.9
4.83,2.74,-1.28
4.96,2.74,-0.64
5.0,2.74,0.01
4.96,2.74,0.67
4.83,2.74,1.31
4.61,2.74,1.93
4.32,2.74,2.51
3.96,2.74,3.06
3.52,2.74,3.55
3.03,2.74,3.98
2.49,2.74,4.34
1.9,2.74,4.63
1.28,2.74,4.83
0.64,2.74,4.96
-0.02,2.74,5.0
-0.67,2.74,4.95
-1.31,2.74,4.82
-1.93,2.74,4.61
-2.52,2.74,4.32
-3.06,2.74,3.95
-3.55,2.74,3.52
-3.98,2.74,3.03
-4.34,2.74,2.48
-4.63,2.74,1.89
-4.84,2.74,1.27
-4.96,2.74,0.63
-5.0,2.71,0.0
-4.96,2.71,-0.65
-4.83,2.71,-1.3
-4.62,2.71,-1.91
-4.33,2.71,-2.5
-3.97,2.71,-3.05
-3.53,2.71,-3.54
-3.04,2.71,-3.97
-2.5,2.71,-4.33
-1.91,2.71,-4.62
-1.29,2.71,-4.83
-0.65,2.71,-4.96
0.01,2.71,-5.0
0.66,2.71,-4.96
1.3,2.71,-4.83
1.92,2.71,-4.62
2.51,2.71,-4.33
3.05,2.71,-3.96
3.54,2.71,-3.53
3.97,2.71,-3.04
4.34,2.71,-2.49
4.62,2.71,-1.9
4.83,2.71,-1.28
4.96,2.71,-0.64
5.0,2.71,0.01
4.96,2.71,0.67
4.83,2.71,1.31
4.61,2.71,1.93
4.32,2.71,2.51
3.96,2.71,3.06
3.52,2.71,3.55
3.03,2.71,3.98
2.49,2.71,4.34
1.9,2.71,4.63
1.28,2.71,4.83
0.64,2.71,4.96
-0.02,2.71,5.0
-0.67,2.71,4.95
-1.31,2.71,4.82
-1.93,2.71,4.61
-2.52,2.71,4.32
-3.06,2.71,3.95
-3.55,2.71,3.52
-3.98,2.71,3.03
-4.34,2.71,2.48
-4.63,2.71,1.89
-4.84,2.71,1.27
-4.96,2.71,0.63
-5.0,2.68,0.0
-4.96,2.68,-0.65
-4.83,2.68,-1.3
-4.62,2.68,-1.91
-4.33,2.68,-2.5
-3.97,2.68,-3.05
-3.53,2.68,-3.54
-3.04,2.68,-3.97
-2.5,2.68,-4.33
-1.91,2.68,-4.62
-1.29,2.68,-4.83
-0.65,2.68,-4.96
0.01,2.68,-5.0
0.66,2.68,-4.96
1.3,2.68,-4.83
1.92,2.68,-4.62
2.51,2.68,-4.33
3.05,2.68,-3.96
3.54,2.68,-3.53
3.97,2.68,-3.04
4.34,2.68,-2.49
4.62,2.68,-1.9
4.83,2.68,-1.28
4.96,2.68,-0.64
5.0,2.68,0.01
4.96,2.68,0.67
4.83,2.68,1.31
4.61,2.68,1.93
4.32,2.68,2.51
3.96,2.68,3.06
3.52,2.68,3.55
3.03,2.68,3.98
2.49,2.68,4.34
1.9,2.68,4.63
1.28,2.68,4.83
0.64,2.68,4.96
-0.02,2.68,5.0
-0.67,2.68,4.95
-1.31,2.68,4.82
-1.93,2.68,4.61
-2.52,2.68,4.32
-3.06,2.68,3.95
-3.55,2.68,3.52
-3.98,2.68,3.03
-4.34,2.68,2.48
-4.63,2.68,1.89
-4.84,2.68,1.27
-4.96,2.68,0.63
-5.0,2.66,0.0
-4.96,2.66,-0.65
-4.83,2.66,-1.3
-4.62,2.66,-1.91
-4.33,2.66,-2.5
-3.97,2.66,-3.05
-3.53,2.66,-3.54
-3.04,2.66,-3.97
-2.5,2.66,-4.33
-1.91,2.66,-4.62
-1.29,2.66,-4.83
-0.65,2.66,-4.96
0.01,2.66,-5.0
0.66,2.66,-4.96
1.3,2.66,-4.83
1.92,2.66,-4.62
2.51,2.66,-4.33
3.05,2.66,-3.96
3.54,2.66,-3.53
3.97,2.66,-3.04
4.34,2.66,-2.49
4.62,2.66,-1.9
4.83,2.66,-1.28
4.96,2.66,-0.64
5.0,2.66,0.01
4.96,2.66,0.67
4.83,2.66,1.31
4.61,2.66,1.93
4.32,2.66,2.51
3.96,2.66,3.06
3.52,2.66,3.55
3.03,2.66,3.98
2.49,2.66,4.34
1.9,2.66,4.63
1.28,2.66,4.83
0.64,2.66,4.96
-0.02,2.66,5.0
-0.67,2.66,4.95
-1.31,2.66,4.82
-1.93,2.66,4.61
-2.52,2.66,4.32
-3.06,2.66,3.95
-3.55,2.66,3.52
-3.98,2.66,3.03
-4.34,2.66,2.48
-4.63,2.66,1.89
-4.84,2.66,1.27
-4.96,2.66,0.63
-5.0,2.63,0.0
-4.96,2.63,-0.65
-4.83,2.63,-1.3
-4.62,2.63,-1.91
-4.33,2.63,-2.5
-3.97,2.63,-3.05
-3.53,2.63,-3.54
-3.04,2.63,-3.97
-2.5,2.63,-4.33
-1.91,2.63,-4.62
-1.29,2.63,-4.83
-0.65,2.63,-4.96
0.01,2.63,-5.0
0.66,2.63,-4.96
1.3,2.63,-4.83
1.92,2.63,-4.62
2.51,2.63,-4.33
3.05,2.63,-3.96
3.54,2.63,-3.53
3.97,2.63,-3.04
4.34,2.63,-2.49
4.62,2.63,-1.9
4.83,2.63,-1.28
4.96,2.63,-0.64
5.0,2.63,0.01
4.96,2.63,0.67
4.83,2.63,1.31
4.61,2.63,1.93
4.32,2.63,2.51
3.96,2.63,3.06
3.52,2.63,3.55
3.03,2.63,3.98
2.49,2.63,4.34
1.9,2.63,4.63
1.28,2.63,4.83
0.64,2.63,4.96
-0.02,2.63,5.0
-0.67,2.63,4.95
-1.31,2.63,4.82
-1.93,2.63,4.61
-2.52,2.63,4.32
-3.06,2.63,3.95
-3.55,2.63,3.52
-3.98,2.63,3.03
-4.34,2.63,2.48
-4.63,2.63,1.89
-4.84,2.63,1.27
-4.96,2.63,0.63
-5.0,2.6,0.0
-4.96,2.6,-0.65
-4.83,2.6,-1.3
-4.62,2.6,-1.91
-4.33,2.6,-2.5
-3.97,2.6,-3.05
-3.53,2.6,-3.54
-3.04,2.6,-3.97
-2.5,2.6,-4.33
-1.91,2.6,-4.62
-1.29,2.6,-4.83
-0.65,2.6,-4.96
0.01,2.6,-5.0
0.66,2.6,-4.96
1.3,2.6,-4.83
1.92,2.6,-4.62
2.51,2.6,-4.33
3.05,2.6,-3.96
3.54,2.6,-3.53
3.97,2.6,-3.04
4.34,2.6,-2.49
4.62,2.6,-1.9
4.83,2.6,-1.28
4.96,2.6,-0.64
5.0,2.6,0.01
4.96,2.6,0.67
4.83,2.6,1.31
4.61,2.6,1.93
4.32,2.6,2.51
3.96,2.6,3.06
3.52,2.6,3.55
3.03,2.6,3.98
2.49,2.6,4.34
1.9,2.6,4.63
1.28,2.6,4.83
0.64,2.6,4.96
-0.02,2.6,5.0
-0.67,2.6,4.95
-1.31,2.6,4.82
-1.93,2.6,4.61
-2.52,2.6,4.32
-3.06,2.6,3.95
-3.55,2.6,3.52
-3.98,2.6,3.03
-4.34,2.6,2.48
-4.63,2.6,1.89
-4.84,2.6,1.27
-4.96,2.6,0.63
-5.0,2.57,0.0
-4.96,2.57,-0.65
-4.83,2.57,-1.3
-4.62,2.57,-1.91
-4.33,2.57,-2.5
-3.97,2.57,-3.05
-3.53,2.57,-3.54
-3.04,2.57,-3.97
-2.5,2.57,-4.33
-1.91,2.57,-4.62
-1.29,2.57,-4.83
-0.65,2.57,-4.96
0.01,2.57,-5.0
0.66,2.57,-4.96
1.3,2.57,-4.83
1.92,2.57,-4.62
2.51,2.57,-4.33
3.05,2.57,-3.96
3.54,2.57,-3.53
3.97,2.57,-3.04
4.34,2.57,-2.49
4.62,2.57,-1.9
4.83,2.57,-1.28
4.96,2.57,-0.64
5.0,2.57,0.01
4.96,2.57,0.67
4.83,2.57,1.31
4.61,2.57,1.93
4.32,2.57,2.51
3.96,2.57,3.06
3.52,2.57,3.55
3.03,2.57,3.98
2.49,2.57,4.34
1.9,2.57,4.63
1.28,2.57,4.83
0.64,2.57,4.96
-0.02,2.57,5.0
-0.67,2.57,4.95
-1.31,2.57,4.82
-1.93,2.57,4.61
-2.52,2.57,4.32
-3.06,2.57,3.95
-3.55,2.57,3.52
-3.98,2.57,3.03
-4.34,2.57,2.48
-4.63,2.57,1.89
-4.84,2.57,1.27
-4.96,2.57,0.63
-5.0,2.55,0.0
-4.96,2.55,-0.65
-4.83,2.55,-1.3
-4.62,2.55,-1.91
-4.33,2.55,-2.5
-3.97,2.55,-3.05
-3.53,2.55,-3.54
-3.04,2.55,-3.97
-2.5,2.55,-4.33
-0.1,2.55,-0.25
-1.29,2.55,-4.83
-0.65,2.55,-4.96
0.01,2.55,-5.0
0.66,2.55,-4.96
-0.15,2.55,0.55
1.92,2.55,-4.62
2.51,2.55,-4.33
3.05,2.55,-3.96
3.54,2.55,-3.53
3.97,2.55,-3.04
4.34,2.55,-2.49
4.62,2.55,-1.9
4.83,2.55,-1.28
4.96,2.55,-0.64
5.0,2.55,0.01
4.96,2.55,0.67
4.83,2.55,1.31
4.61,2.55,1.93
4.32,2.55,2.51
3.96,2.55,3.06
3.52,2.55,3.55
3.03,2.55,3.98
2.49,2.55,4.34
-0.12,2.55,-0.3
1.28,2.55,4.83
0.64,2.55,4.96
-0.02,2.55,5.0
-0.67,2.55,4.95
-0.13,2.55,0.49
-1.93,2.55,4.61
-2.52,2.55,4.32
-3.06,2.55,3.95
-3.55,2.55,3.52
-3.98,2.55,3.03
-4.34,2.55,2.48
-4.63,2.55,1.89
-4.84,2.55,1.27
-4.96,2.55,0.63
-5.0,2.52,0.0
-4.96,2.52,-0.65
-4.83,2.52,-1.3
-4.62,2.52,-1.91
-4.33,2.52,-2.5
-3.97,2.52,-3.05
-3.53,2.52,-3.54
-3.04,2.52,-3.97
-0.12,2.52,-0.21
-0.09,2.52,-0.22
-0.06,2.52,-0.24
-0.65,2.52,-4.96
0.01,2.52,-5.0
-0.07,2.52,0.54
-0.16,2.52,0.58
1.92,2.52,-4.62
2.51,2.52,-4.33
3.05,2.52,-3.96
3.54,2.52,-3.53
3.97,2.52,-3.04
4.34,2.52,-2.49
4.62,2.52,-1.9
4.83,2.52,-1.28
4.96,2.52,-0.64
5.0,2.52,0.01
4.96,2.52,0.67
4.83,2.52,1.31
4.61,2.52,1.93
4.32,2.52,2.51
3.96,2.52,3.06
3.52,2.52,3.55
3.03,2.52,3.98
-0.18,2.52,-0.31
-0.14,2.52,-0.34
-0.09,2.52,-0.33
0.64,2.52,4.96
-0.02,2.52,5.0
-0.07,2.52,0.51
-0.12,2.52,0.46
-1.93,2.52,4.61
-2.52,2.52,4.32
-3.06,2.52,3.95
-3.55,2.52,3.52
-3.98,2.52,3.03
-4.34,2.52,2.48
-4.63,2.52,1.89
-4.84,2.52,1.27
-4.96,2.52,0.63
-5.0,2.49,0.0
-4.96,2.49,-0.65
-4.83,2.49,-1.3
-4.62,2.49,-1.91
-4.33,2.49,-2.5
-3.97,2.49,-3.05
-3.53,2.49,-3.54
-0.16,2.49,-0.21
-0.11,2.49,-0.2
-0.08,2.49,-0.2
-0.06,2.49,-0.21
-0.03,2.49,-0.26
0.01,2.49,-5.0
-0.08,2.49,0.57
-0.16,2.49,0.59
1.92,2.49,-4.62
2.51,2.49,-4.33
3.05,2.49,-3.96
3.54,2.49,-3.53
3.97,2.49,-3.04
4.34,2.49,-2.49
4.62,2.49,-1.9
4.83,2.49,-1.28
4.96,2.49,-0.64
5.0,2.49,0.01
4.96,2.49,0.67
4.83,2.49,1.31
4.61,2.49,1.93
4.32,2.49,2.51
3.96,2.49,3.06
3.52,2.49,3.55
-0.19,2.49,-0.25
-0.18,2.49,-0.32
-0.14,2.49,-0.35
-0.09,2.49,-0.34
0.64,2.49,4.96
-0.02,2.49,5.0
-0.06,2.49,0.46
-0.12,2.49,0.44
-1.93,2.49,4.61
-2.52,2.49,4.32
-3.06,2.49,3.95
-3.55,2.49,3.52
-3.98,2.49,3.03
-4.34,2.49,2.48
-4.63,2.49,1.89
-4.84,2.49,1.27
-4.96,2.49,0.63
-5.0,2.47,0.0
-4.96,2.47,-0.65
-4.83,2.47,-1.3
-4.62,2.47,-1.91
-4.33,2.47,-2.5
-3.97,2.47,-3.05
-3.53,2.47,-3.54
-0.16,2.47,-0.21
-0.11,2.47,-0.19
-0.08,2.47,-0.19
-0.05,2.47,-0.19
-0.03,2.47,-0.21
0.01,2.47,-5.0
-0.08,2.47,0.58
-0.16,2.47,0.59
1.92,2.47,-4.62
2.51,2.47,-4.33
3.05,2.47,-3.96
3.54,2.47,-3.53
3.97,2.47,-3.04
4.34,2.47,-2.49
4.62,2.47,-1.9
4.83,2.47,-1.28
4.96,2.47,-0.64
5.0,2.47,0.01
4.96,2.47,0.67
4.83,2.47,1.31
4.61,2.47,1.93
4.32,2.47,2.51
3.96,2.47,3.06
3.52,2.47,3.55
-0.19,2.47,-0.25
-0.18,2.47,-0.32
-0.14,2.47,-0.35
-0.09,2.47,-0.34
-0.04,2.47,-0.31
-0.02,2.47,5.0
-0.06,2.47,0.44
-0.12,2.47,0.44
-1.93,2.47,4.61
-2.52,2.47,4.32
-3.06,2.47,3.95
-3.55,2.47,3.52
-3.98,2.47,3.03
-4.34,2.47,2.48
-4.63,2.47,1.89
-4.84,2.47,1.27
-4.96,2.47,0.63
-5.0,2.44,0.0
-4.96,2.44,-0.65
-4.83,2.44,-1.3
-4.62,2.44,-1.91
-4.33,2.44,-2.5
-3.97,2.44,-3.05
-3.53,2.44,-3.54
-3.04,2.44,-3.97
-0.1,2.44,-0.18
-0.07,2.44,-0.17
-0.05,2.44,-0.17
-0.02,2.44,-0.18
-0.0,2.44,0.5
-0.08,2.44,0.58
-0.16,2.44,0.58
1.92,2.44,-4.62
2.51,2.44,-4.33
3.05,2.44,-3.96
3.54,2.44,-3.53
3.97,2.44,-3.04
4.34,2.44,-2.49
4.62,2.44,-1.9
4.83,2.44,-1.28
4.96,2.44,-0.64
5.0,2.44,0.01
4.96,2.44,0.67
4.83,2.44,1.31
4.61,2.44,1.93
4.32,2.44,2.51
3.96,2.44,3.06
3.52,2.44,3.55
3.03,2.44,3.98
-0.18,2.44,-0.31
-0.14,2.44,-0.34
-0.09,2.44,-0.34
-0.04,2.44,-0.32
0.0,2.44,-0.27
-0.06,2.44,0.42
-0.12,2.44,0.43
-1.93,2.44,4.61
-2.52,2.44,4.32
-3.06,2.44,3.95
-3.55,2.44,3.52
-3.98,2.44,3.03
-4.34,2.44,2.48
-4.63,2.44,1.89
-4.84,2.44,1.27
-4.96,2.44,0.63
-5.0,2.41,0.0
-4.96,2.41,-0.65
-4.83,2.41,-1.3
-4.62,2.41,-1.91
-4.33,2.41,-2.5
-3.97,2.41,-3.05
-3.53,2.41,-3.54
-3.04,2.41,-3.97
-0.1,2.41,-0.18
-0.07,2.41,-0.16
-0.04,2.41,-0.16
-0.02,2.41,-0.16
-0.0,2.41,0.53
-0.08,2.41,0.57
-0.15,2.41,0.56
1.92,2.41,-4.62
2.51,2.41,-4.33
3.05,2.41,-3.96
3.54,2.41,-3.53
3.97,2.41,-3.04
4.34,2.41,-2.49
4.62,2.41,-1.9
4.83,2.41,-1.28
4.96,2.41,-0.64
5.0,2.41,0.01
4.96,2.41,0.67
4.83,2.41,1.31
4.61,2.41,1.93
4.32,2.41,2.51
3.96,2.41,3.06
3.52,2.41,3.55
3.03,2.41,3.98
-0.16,2.41,-0.28
-0.13,2.41,-0.32
-0.09,2.41,-0.33
-0.04,2.41,-0.32
0.0,2.41,-0.29
0.03,2.41,-0.24
-0.12,2.41,0.43
-1.93,2.41,4.61
-2.52,2.41,4.32
-3.06,2.41,3.95
-3.55,2.41,3.52
-3.98,2.41,3.03
-4.34,2.41,2.48
-4.63,2.41,1.89
-4.84,2.41,1.27
-4.96,2.41,0.63
-5.0,2.38,0.0
-4.96,2.38,-0.65
-4.83,2.38,-1.3
-4.62,2.38,-1.91
-4.33,2.38,-2.5
-3.97,2.38,-3.05
-3.53,2.38,-3.54
-3.04,2.38,-3.97
-0.11,2.38,-0.19
-0.07,2.38,-0.16
-0.04,2.38,-0.15
-0.02,2.38,-0.15
-0.0,2.38,0.54
-0.07,2.38,0.56
-0.14,2.38,0.53
1.92,2.38,-4.62
2.51,2.38,-4.33
3.05,2.38,-3.96
3.54,2.38,-3.53
3.97,2.38,-3.04
4.34,2.38,-2.49
4.62,2.38,-1.9
4.83,2.38,-1.28
4.96,2.38,-0.64
5.0,2.38,0.01
4.96,2.38,0.67
4.83,2.38,1.31
4.61,2.38,1.93
4.32,2.38,2.51
3.96,2.38,3.06
3.52,2.38,3.55
3.03,2.38,3.98
-0.14,2.38,-0.24
-0.12,2.38,-0.3
-0.08,2.38,-0.31
-0.04,2.38,-0.31
0.0,2.38,-0.29
0.04,2.38,-0.26
0.06,2.38,-0.21
-1.93,2.38,4.61
-2.52,2.38,4.32
-3.06,2.38,3.95
-3.55,2.38,3.52
-3.98,2.38,3.03
-4.34,2.38,2.48
-4.63,2.38,1.89
-4.84,2.38,1.27
-4.96,2.38,0.63
-5.0,2.36,0.0
-4.96,2.36,-0.65
-4.83,2.36,-1.3
-4.62,2.36,-1.91
-4.33,2.36,-2.5
-3.97,2.36,-3.05
-3.53,2.36,-3.54
-3.04,2.36,-3.97
-2.5,2.36,-4.33
-0.07,2.36,-0.16
-0.04,2.36,-0.15
0.06,2.36,0.48
-0.0,2.36,0.54
-0.07,2.36,0.55
0.04,2.36,-0.14
0.07,2.36,-0.16
2.51,2.36,-4.33
3.05,2.36,-3.96
3.54,2.36,-3.53
3.97,2.36,-3.04
4.34,2.36,-2.49
4.62,2.36,-1.9
4.83,2.36,-1.28
4.96,2.36,-0.64
5.0,2.36,0.01
4.96,2.36,0.67
4.83,2.36,1.31
4.61,2.36,1.93
4.32,2.36,2.51
3.96,2.36,3.06
3.52,2.36,3.55
3.03,2.36,3.98
2.49,2.36,4.34
-0.11,2.36,-0.27
-0.08,2.36,-0.29
-0.04,2.36,-0.3
0.0,2.36,-0.3
0.04,2.36,-0.28
0.07,2.36,-0.25
0.08,2.36,-0.2
-2.52,2.36,4.32
-3.06,2.36,3.95
-3.55,2.36,3.52
-3.98,2.36,3.03
-4.34,2.36,2.48
-4.63,2.36,1.89
-4.84,2.36,1.27
-4.96,2.36,0.63
-5.0,2.33,0.0
-4.96,2.33,-0.65
-4.83,2.33,-1.3
-4.62,2.33,-1.91
-4.33,2.33,-2.5
-3.97,2.33,-3.05
-3.53,2.33,-3.54
-3.04,2.33,-3.97
-2.5,2.33,-4.33
-0.08,2.33,-0.18
-0.04,2.33,-0.15
0.06,2.33,0.49
-0.0,2.33,0.53
-0.07,2.33,0.52
0.03,2.33,-0.13
0.05,2.33,-0.13
0.08,2.33,-0.14
3.05,2.33,-3.96
3.54,2.33,-3.53
3.97,2.33,-3.04
4.34,2.33,-2.49
4.62,2.33,-1.9
4.83,2.33,-1.28
4.96,2.33,-0.64
5.0,2.33,0.01
4.96,2.33,0.67
4.83,2.33,1.31
4.61,2.33,1.93
4.32,2.33,2.51
3.96,2.33,3.06
3.52,2.33,3.55
3.03,2.33,3.98
2.49,2.33,4.34
-0.1,2.33,-0.24
-0.07,2.33,-0.28
-0.04,2.33,-0.3
0.0,2.33,-0.29
0.04,2.33,-0.28
0.07,2.33,-0.25
0.09,2.33,-0.22
-2.52,2.33,4.32
-3.06,2.33,3.95
-3.55,2.33,3.52
-3.98,2.33,3.03
-4.34,2.33,2.48
-4.63,2.33,1.89
-4.84,2.33,1.27
-4.96,2.33,0.63
0.19,2.3,0.0
0.22,2.3,0.03
0.24,2.3,0.06
0.25,2.3,0.1
0.25,2.3,0.14
0.24,2.3,0.18
0.22,2.3,0.22
0.19,2.3,0.24
0.15,2.3,0.26
0.11,2.3,0.27
0.11,2.3,0.42
0.06,2.3,0.5
-0.0,2.3,0.52
-0.07,2.3,0.5
-0.04,2.3,0.15
-0.04,2.3,0.1
0.07,2.3,-0.12
3.05,2.3,-3.96
3.54,2.3,-3.53
3.97,2.3,-3.04
4.34,2.3,-2.49
4.62,2.3,-1.9
0.03,2.3,-0.01
0.02,2.3,-0.0
0.02,2.3,0.0
0.01,2.3,0.0
0.01,2.3,0.0
0.01,2.3,0.0
0.01,2.3,0.01
0.01,2.3,0.01
0.02,2.3,0.02
0.02,2.3,0.02
0.01,2.3,0.02
0.01,2.3,0.02
-0.07,2.3,-0.25
-0.03,2.3,-0.27
0.0,2.3,-0.28
0.04,2.3,-0.27
0.07,2.3,-0.25
0.1,2.3,-0.23
0.11,2.3,-0.19
-3.06,2.3,3.95
-3.55,2.3,3.52
-3.98,2.3,3.03
-4.34,2.3,2.48
-4.63,2.3,1.89
-4.84,2.3,1.27
-4.96,2.3,0.63
0.3,2.27,0.0
0.32,2.27,0.04
0.34,2.27,0.09
0.34,2.27,0.14
0.33,2.27,0.19
0.31,2.27,0.24
0.28,2.27,0.28
0.24,2.27,0.32
0.2,2.27,0.34
0.13,2.27,0.32
0.12,2.27,0.44
0.07,2.27,0.5
-0.0,2.27,0.52
-0.07,2.27,0.5
-0.06,2.27,0.22
-0.08,2.27,0.18
-0.08,2.27,0.14
-0.08,2.27,0.11
-0.07,2.27,0.07
-0.06,2.27,0.04
-0.05,2.27,0.03
-0.04,2.27,0.02
-0.03,2.27,0.01
-0.03,2.27,0.0
-0.03,2.27,-0.0
-0.02,2.27,-0.0
-0.02,2.27,-0.01
-0.02,2.27,-0.01
-0.02,2.27,-0.01
-0.01,2.27,-0.01
-0.01,2.27,-0.01
-0.01,2.27,-0.01
-0.01,2.27,-0.01
-0.01,2.27,-0.02
-0.06,2.27,-0.24
-0.03,2.27,-0.26
0.0,2.27,-0.27
0.04,2.27,-0.27
0.07,2.27,-0.26
0.1,2.27,-0.24
0.12,2.27,-0.21
0.13,2.27,-0.17
0.08,2.27,-0.08
0.1,2.27,-0.08
0.13,2.27,-0.08
0.22,2.27,-0.09
0.26,2.27,-0.07
0.29,2.27,-0.04
0.4,2.25,0.0
0.42,2.25,0.06
0.43,2.25,0.11
0.42,2.25,0.18
0.41,2.25,0.24
0.38,2.25,0.29
0.34,2.25,0.34
0.3,2.25,0.39
0.24,2.25,0.42
0.18,2.25,0.44
0.13,2.25,0.47
0.07,2.25,0.5
-0.0,2.25,0.5
-0.05,2.25,0.4
-0.1,2.25,0.37
-0.14,2.25,0.33
-0.17,2.25,0.29
-0.19,2.25,0.25
-0.2,2.25,0.2
-0.21,2.25,0.16
-0.21,2.25,0.12
-0.21,2.25,0.09
-0.2,2.25,0.05
-0.2,2.25,0.03
-0.19,2.25,-0.0
-0.18,2.25,-0.02
-0.16,2.25,-0.04
-0.15,2.25,-0.06
-0.14,2.25,-0.08
-0.12,2.25,-0.1
-0.11,2.25,-0.11
-0.09,2.25,-0.12
-0.08,2.25,-0.14
-0.06,2.25,-0.15
-0.04,2.25,-0.16
-0.03,2.25,-0.2
0.0,2.25,-0.24
0.03,2.25,-0.25
0.07,2.25,-0.25
0.1,2.25,-0.24
0.13,2.25,-0.22
0.15,2.25,-0.2
0.19,2.25,-0.19
0.23,2.25,-0.17
0.27,2.25,-0.15
0.31,2.25,-0.13
0.35,2.25,-0.09
0.38,2.25,-0.05
0.47,2.22,0.0
0.48,2.22,0.06
0.49,2.22,0.13
0.48,2.22,0.2
0.46,2.22,0.27
0.43,2.22,0.33
0.38,2.22,0.38
0.33,2.22,0.43
0.27,2.22,0.47
0.2,2.22,0.49
0.13,2.22,0.5
0.07,2.22,0.5
-0.0,2.22,0.49
-0.06,2.22,0.46
-0.12,2.22,0.43
-0.16,2.22,0.39
-0.2,2.22,0.34
-0.23,2.22,0.3
-0.25,2.22,0.25
-0.26,2.22,0.2
-0.27,2.22,0.15
-0.27,2.22,0.11
-0.27,2.22,0.07
-0.26,2.22,0.03
-0.25,2.22,-0.0
-0.24,2.22,-0.03
-0.22,2.22,-0.06
-0.21,2.22,-0.09
-0.19,2.22,-0.11
-0.17,2.22,-0.13
-0.15,2.22,-0.15
-0.13,2.22,-0.17
-0.11,2.22,-0.19
-0.08,2.22,-0.2
-0.06,2.22,-0.21
-0.03,2.22,-0.23
0.0,2.22,-0.24
0.03,2.22,-0.25
0.07,2.22,-0.25
0.11,2.22,-0.25
0.15,2.22,-0.25
0.19,2.22,-0.24
0.23,2.22,-0.23
0.28,2.22,-0.21
0.32,2.22,-0.19
0.37,2.22,-0.15
0.41,2.22,-0.11
0.44,2.22,-0.06
0.52,2.19,0.0
0.53,2.19,0.07
0.53,2.19,0.14
0.53,2.19,0.22
0.5,2.19,0.29
0.47,2.19,0.36
0.42,2.19,0.42
0.36,2.19,0.47
0.29,2.19,0.51
0.22,2.19,0.54
0.15,2.19,0.55
0.07,2.19,0.55
-0.0,2.19,0.54
-0.07,2.19,0.51
-0.13,2.19,0.48
-0.18,2.19,0.44
-0.23,2.19,0.39
-0.26,2.19,0.34
-0.29,2.19,0.29
-0.3,2.19,0.23
-0.31,2.19,0.18
-0.32,2.19,0.13
-0.32,2.19,0.08
-0.31,2.19,0.04
-0.3,2.19,-0.0
-0.28,2.19,-0.04
-0.27,2.19,-0.07
-0.25,2.19,-0.1
-0.23,2.19,-0.13
-0.21,2.19,-0.16
-0.18,2.19,-0.18
-0.16,2.19,-0.21
-0.13,2.19,-0.23
-0.1,2.19,-0.25
-0.07,2.19,-0.26
-0.04,2.19,-0.28
0.0,2.19,-0.29
0.04,2.19,-0.3
0.08,2.19,-0.3
0.13,2.19,-0.3
0.17,2.19,-0.3
0.22,2.19,-0.29
0.27,2.19,-0.27
0.32,2.19,-0.24
0.37,2.19,-0.21
0.42,2.19,-0.17
0.46,2.19,-0.12
0.49,2.19,-0.06
0.56,2.16,-0.0
0.57,2.16,0.08
0.58,2.16,0.15
0.56,2.16,0.23
0.54,2.16,0.31
0.5,2.16,0.38
0.45,2.16,0.45
0.39,2.16,0.5
0.31,2.16,0.55
0.24,2.16,0.57
0.16,2.16,0.59
0.08,2.16,0.59
-0.0,2.16,0.58
-0.07,2.16,0.56
-0.14,2.16,0.52
-0.2,2.16,0.48
-0.25,2.16,0.43
-0.29,2.16,0.37
-0.32,2.16,0.32
-0.34,2.16,0.26
-0.35,2.16,0.2
-0.36,2.16,0.15
-0.36,2.16,0.1
-0.35,2.16,0.05
-0.34,2.16,-0.0
-0.33,2.16,-0.04
-0.31,2.16,-0.08
-0.29,2.16,-0.12
-0.27,2.16,-0.15
-0.24,2.16,-0.19
-0.21,2.16,-0.21
-0.18,2.16,-0.24
-0.15,2.16,-0.26
-0.12,2.16,-0.28
-0.08,2.16,-0.3
-0.04,2.16,-0.32
0.0,2.16,-0.33
0.05,2.16,-0.34
0.09,2.16,-0.34
0.14,2.16,-0.34
0.19,2.16,-0.33
0.25,2.16,-0.32
0.3,2.16,-0.3
0.36,2.16,-0.27
0.41,2.16,-0.23
0.46,2.16,-0.19
0.5,2.16,-0.13
0.53,2.16,-0.07
0.6,2.14,-0.0
0.61,2.14,0.08
0.61,2.14,0.16
0.6,2.14,0.25
0.57,2.14,0.33
0.53,2.14,0.41
0.47,2.14,0.47
0.41,2.14,0.53
0.33,2.14,0.58
0.25,2.14,0.61
0.17,2.14,0.63
0.08,2.14,0.63
-0.0,2.14,0.62
-0.08,2.14,0.59
-0.15,2.14,0.56
-0.21,2.14,0.51
-0.27,2.14,0.46
-0.31,2.14,0.4
-0.35,2.14,0.34
-0.37,2.14,0.28
-0.39,2.14,0.22
-0.39,2.14,0.16
-0.4,2.14,0.1
-0.39,2.14,0.05
-0.38,2.14,-0.0
-0.36,2.14,-0.05
-0.35,2.14,-0.09
-0.32,2.14,-0.13
-0.3,2.14,-0.17
-0.27,2.14,-0.21
-0.24,2.14,-0.24
-0.21,2.14,-0.27
-0.17,2.14,-0.3
-0.13,2.14,-0.32
-0.09,2.14,-0.34
-0.05,2.14,-0.35
0.0,2.14,-0.37
0.05,2.14,-0.38
0.1,2.14,-0.38
0.16,2.14,-0.38
0.21,2.14,-0.37
0.27,2.14,-0.35
0.33,2.14,-0.33
0.39,2.14,-0.29
0.44,2.14,-0.25
0.49,2.14,-0.2
0.54,2.14,-0.14
0.57,2.14,-0.07
0.63,2.11,0.0
0.64,2.11,0.08
0.64,2.11,0.17
0.63,2.11,0.26
0.6,2.11,0.35
0.55,2.11,0.43
0.5,2.11,0.5
0.43,2.11,0.56
0.35,2.11,0.61
0.26,2.11,0.64
0.18,2.11,0.66
0.09,2.11,0.66
-0.0,2.11,0.65
-0.08,2.11,0.63
-0.16,2.11,0.59
-0.23,2.11,0.54
-0.28,2.11,0.49
-0.33,2.11,0.43
-0.37,2.11,0.37
-0.4,2.11,0.3
-0.42,2.11,0.24
-0.43,2.11,0.18
-0.43,2.11,0.11
-0.42,2.11,0.05
-0.41,2.11,-0.0
-0.4,2.11,-0.05
-0.38,2.11,-0.1
-0.35,2.11,-0.15
-0.33,2.11,-0.19
-0.3,2.11,-0.23
-0.26,2.11,-0.26
-0.23,2.11,-0.3
-0.19,2.11,-0.32
-0.14,2.11,-0.35
-0.1,2.11,-0.37
-0.05,2.11,-0.39
0.0,2.11,-0.4
0.06,2.11,-0.41
0.11,2.11,-0.41
0.17,2.11,-0.41
0.23,2.11,-0.4
0.29,2.11,-0.38
0.36,2.11,-0.35
0.42,2.11,-0.32
0.47,2.11,-0.27
0.52,2.11,-0.21
0.57,2.11,-0.15
0.61,2.11,-0.08
0.66,2.08,-0.0
0.67,2.08,0.09
0.67,2.08,0.18
0.66,2.08,0.27
0.62,2.08,0.36
0.58,2.08,0.44
0.52,2.08,0.52
0.45,2.08,0.58
0.36,2.08,0.63
0.28,2.08,0.67
0.18,2.08,0.69
0.09,2.08,0.69
-0.0,2.08,0.68
-0.09,2.08,0.66
-0.17,2.08,0.62
-0.24,2.08,0.57
-0.3,2.08,0.52
-0.35,2.08,0.46
-0.39,2.08,0.39
-0.42,2.08,0.32
-0.44,2.08,0.25
-0.45,2.08,0.19
-0.46,2.08,0.12
-0.45,2.08,0.06
-0.44,2.08,-0.0
-0.43,2.08,-0.06
-0.41,2.08,-0.11
-0.38,2.08,-0.16
-0.35,2.08,-0.2
-0.32,2.08,-0.25
-0.28,2.08,-0.28
-0.24,2.08,-0.32
-0.2,2.08,-0.35
-0.15,2.08,-0.38
-0.11,2.08,-0.4
-0.05,2.08,-0.42
0.0,2.08,-0.43
0.06,2.08,-0.44
0.12,2.08,-0.44
0.18,2.08,-0.44
0.25,2.08,-0.42
0.31,2.08,-0.4
0.38,2.08,-0.37
0.44,2.08,-0.33
0.5,2.08,-0.29
0.55,2.08,-0.23
0.6,2.08,-0.16
0.64,2.08,-0.08
0.69,2.05,0.0
0.7,2.05,0.09
0.7,2.05,0.19
0.68,2.05,0.28
0.65,2.05,0.37
0.6,2.05,0.46
0.54,2.05,0.54
0.46,2.05,0.6
0.38,2.05,0.65
0.29,2.05,0.69
0.19,2.05,0.71
0.09,2.05,0.72
-0.0,2.05,0.71
-0.09,2.05,0.68
-0.17,2.05,0.65
-0.25,2.05,0.6
-0.31,2.05,0.54
-0.37,2.05,0.48
-0.41,2.05,0.41
-0.44,2.05,0.34
-0.47,2.05,0.27
-0.48,2.05,0.2
-0.48,2.05,0.13
-0.48,2.05,0.06
-0.47,2.05,-0.0
-0.45,2.05,-0.06
-0.43,2.05,-0.12
-0.41,2.05,-0.17
-0.38,2.05,-0.22
-0.34,2.05,-0.26
-0.3,2.05,-0.3
-0.26,2.05,-0.34
-0.21,2.05,-0.37
-0.16,2.05,-0.4
-0.11,2.05,-0.43
-0.06,2.05,-0.44
0.0,2.05,-0.46
0.06,2.05,-0.47
0.13,2.05,-0.47
0.19,2.05,-0.46
0.26,2.05,-0.45
0.33,2.05,-0.43
0.4,2.05,-0.39
0.46,2.05,-0.35
0.52,2.05,-0.3
0.58,2.05,-0.24
0.63,2.05,-0.16
0.66,2.05,-0.08
0.71,2.03,0.0
0.73,2.03,0.1
0.72,2.03,0.19
0.7,2.03,0.29
0.67,2.03,0.39
0.62,2.03,0.47
0.55,2.03,0.55
0.48,2.03,0.62
0.39,2.03,0.68
0.3,2.03,0.71
0.2,2.03,0.74
0.1,2.03,0.74
-0.0,2.03,0.73
-0.09,2.03,0.71
-0.18,2.03,0.67
-0.26,2.03,0.62
-0.33,2.03,0.56
-0.38,2.03,0.5
-0.43,2.03,0.43
-0.46,2.03,0.35
-0.49,2.03,0.28
-0.5,2.03,0.21
-0.51,2.03,0.14
-0.51,2.03,0.07
-0.5,2.03,-0.0
-0.48,2.03,-0.06
-0.46,2.03,-0.12
-0.43,2.03,-0.18
-0.4,2.03,-0.23
-0.36,2.03,-0.28
-0.32,2.03,-0.32
-0.27,2.03,-0.36
-0.23,2.03,-0.39
-0.17,2.03,-0.42
-0.12,2.03,-0.45
-0.06,2.03,-0.47
0.0,2.03,-0.48
0.07,2.03,-0.49
0.13,2.03,-0.49
0.2,2.03,-0.49
0.27,2.03,-0.47
0.34,2.03,-0.45
0.41,2.03,-0.41
0.48,2.03,-0.37
0.55,2.03,-0.31
0.6,2.03,-0.25
0.65,2.03,-0.17
0.69,2.03,-0.09
0.74,2.0,0.0
0.75,2.0,0.1
0.74,2.0,0.2
0.72,2.0,0.3
0.69,2.0,0.4
0.64,2.0,0.49
0.57,2.0,0.57
0.49,2.0,0.64
0.4,2.0,0.69
0.3,2.0,0.73
0.2,2.0,0.76
0.1,2.0,0.77
-0.0,2.0,0.76
-0.1,2.0,0.73
-0.19,2.0,0.69
-0.27,2.0,0.64
-0.34,2.0,0.58
-0.4,2.0,0.52
-0.45,2.0,0.44
-0.48,2.0,0.37
-0.51,2.0,0.29
-0.52,2.0,0.22
-0.53,2.0,0.14
-0.53,2.0,0.07
-0.52,2.0,-0.0
-0.5,2.0,-0.07
-0.48,2.0,-0.13
-0.45,2.0,-0.19
-0.42,2.0,-0.24
-0.38,2.0,-0.29
-0.33,2.0,-0.34
-0.29,2.0,-0.38
-0.24,2.0,-0.41
-0.18,2.0,-0.44
-0.12,2.0,-0.47
-0.06,2.0,-0.49
0.0,2.0,-0.51
0.07,2.0,-0.51
0.14,2.0,-0.51
0.21,2.0,-0.51
0.29,2.0,-0.49
0.36,2.0,-0.46
0.43,2.0,-0.43
0.5,2.0,-0.38
0.57,2.0,-0.32
0.62,2.0,-0.26
0.67,2.0,-0.18
0.71,2.0,-0.09
0.76,1.97,0.0
0.77,1.97,0.1
0.76,1.97,0.2
0.74,1.97,0.31
0.71,1.97,0.41
0.65,1.97,0.5
0.58,1.97,0.58
0.5,1.97,0.66
0.41,1.97,0.71
0.31,1.97,0.75
0.21,1.97,0.78
0.1,1.97,0.79
-0.0,1.97,0.78
-0.1,1.97,0.75
-0.19,1.97,0.71
-0.28,1.97,0.66
-0.35,1.97,0.6
-0.41,1.97,0.53
-0.46,1.97,0.46
-0.5,1.97,0.38
-0.53,1.97,0.3
-0.54,1.97,0.22
-0.55,1.97,0.15
-0.55,1.97,0.07
-0.54,1.97,-0.0
-0.52,1.97,-0.07
-0.5,1.97,-0.13
-0.47,1.97,-0.2
-0.43,1.97,-0.25
-0.39,1.97,-0.3
-0.35,1.97,-0.35
-0.3,1.97,-0.39
-0.25,1.97,-0.43
-0.19,1.97,-0.46
-0.13,1.97,-0.49
-0.07,1.97,-0.51
0.0,1.97,-0.53
0.07,1.97,-0.53
0.15,1.97,-0.53
0.22,1.97,-0.53
0.3,1.97,-0.51
0.37,1.97,-0.48
0.45,1.97,-0.44
0.52,1.97,-0.39
0.58,1.97,-0.33
0.64,1.97,-0.26
0.69,1.97,-0.18
0.73,1.97,-0.09
0.78,1.94,0.0
0.79,1.94,0.1
0.78,1.94,0.21
0.76,1.94,0.32
0.72,1.94,0.42
0.67,1.94,0.51
0.6,1.94,0.6
0.51,1.94,0.67
0.42,1.94,0.73
0.32,1.94,0.77
0.21,1.94,0.8
0.1,1.94,0.8
-0.0,1.94,0.8
-0.1,1.94,0.77
-0.2,1.94,0.73
-0.28,1.94,0.68
-0.36,1.94,0.62
-0.42,1.94,0.55
-0.47,1.94,0.47
-0.51,1.94,0.39
-0.54,1.94,0.31
-0.56,1.94,0.23
-0.57,1.94,0.15
-0.57,1.94,0.07
-0.56,1.94,-0.0
-0.54,1.94,-0.07
-0.52,1.94,-0.14
-0.49,1.94,-0.2
-0.45,1.94,-0.26
-0.41,1.94,-0.32
-0.36,1.94,-0.36
-0.31,1.94,-0.41
-0.26,1.94,-0.45
-0.2,1.94,-0.48
-0.13,1.94,-0.51
-0.07,1.94,-0.53
0.0,1.94,-0.55
0.07,1.94,-0.55
0.15,1.94,-0.55
0.23,1.94,-0.54
0.31,1.94,-0.52
0.38,1.94,-0.5
0.46,1.94,-0.46
0.53,1.94,-0.41
0.6,1.94,-0.34
0.66,1.94,-0.27
0.71,1.94,-0.19
0.75,1.94,-0.1
0.79,1.92,0.0
0.8,1.92,0.11
0.8,1.92,0.21
0.78,1.92,0.32
0.74,1.92,0.43
0.68,1.92,0.52
0.61,1.92,0.61
0.52,1.92,0.68
0.43,1.92,0.74
0.33,1.92,0.79
0.23,1.92,0.88
0.12,1.92,0.92
-0.0,1.92,0.81
-0.1,1.92,0.79
-0.2,1.92,0.75
-0.29,1.92,0.7
-0.37,1.92,0.63
-0.43,1.92,0.56
-0.49,1.92,0.49
-0.53,1.92,0.4
-0.56,1.92,0.32
-0.58,1.92,0.24
-0.59,1.92,0.16
-0.59,1.92,0.08
-0.58,1.92,-0.0
-0.56,1.92,-0.07
-0.53,1.92,-0.14
-0.5,1.92,-0.21
-0.46,1.92,-0.27
-0.42,1.92,-0.33
-0.37,1.92,-0.38
-0.32,1.92,-0.42
-0.26,1.92,-0.46
-0.2,1.92,-0.5
-0.14,1.92,-0.53
-0.07,1.92,-0.55
0.0,1.92,-0.56
0.08,1.92,-0.57
0.15,1.92,-0.57
0.23,1.92,-0.56
0.31,1.92,-0.54
0.39,1.92,-0.51
0.47,1.92,-0.47
0.55,1.92,-0.42
0.62,1.92,-0.35
0.68,1.92,-0.28
0.73,1.92,-0.19
0.77,1.92,-0.1
0.81,1.89,-0.0
0.82,1.89,0.11
0.81,1.89,0.22
0.79,1.89,0.33
0.75,1.89,0.43
0.69,1.89,0.53
0.62,1.89,0.62
0.53,1.89,0.7
0.44,1.89,0.76
0.33,1.89,0.8
0.25,1.89,0.95
0.13,1.89,1.01
-0.0,1.89,0.83
-0.11,1.89,0.8
-0.21,1.89,0.76
-0.3,1.89,0.73
-0.38,1.89,0.66
-0.44,1.89,0.58
-0.5,1.89,0.5
-0.54,1.89,0.41
-0.57,1.89,0.33
-0.59,1.89,0.24
-0.6,1.89,0.16
-0.6,1.89,0.08
-0.59,1.89,-0.0
-0.57,1.89,-0.08
-0.55,1.89,-0.15
-0.52,1.89,-0.22
-0.48,1.89,-0.28
-0.43,1.89,-0.34
-0.39,1.89,-0.39
-0.35,1.89,-0.46
-0.28,1.89,-0.49
-0.21,1.89,-0.51
-0.14,1.89,-0.54
-0.07,1.89,-0.56
0.0,1.89,-0.58
0.09,1.89,-0.69
0.2,1.89,-0.75
0.29,1.89,-0.69
0.32,1.89,-0.55
0.4,1.89,-0.52
0.48,1.89,-0.48
0.56,1.89,-0.43
0.63,1.89,-0.36
0.69,1.89,-0.28
0.74,1.89,-0.2
0.78,1.89,-0.1
0.82,1.86,0.0
0.83,1.86,0.11
0.83,1.86,0.22
0.8,1.86,0.33
0.76,1.86,0.44
0.7,1.86,0.54
0.63,1.86,0.63
0.54,1.86,0.71
0.44,1.86,0.77
0.34,1.86,0.81
0.27,1.86,1.0
0.14,1.86,1.09
-0.0,1.86,0.98
-0.11,1.86,0.82
-0.21,1.86,0.78
-0.31,1.86,0.75
-0.4,1.86,0.69
-0.45,1.86,0.59
-0.51,1.86,0.51
-0.55,1.86,0.42
-0.59,1.86,0.34
-0.61,1.86,0.25
-0.62,1.86,0.16
-0.62,1.86,0.08
-0.61,1.86,-0.0
-0.59,1.86,-0.08
-0.56,1.86,-0.15
-0.53,1.86,-0.22
-0.49,1.86,-0.28
-0.45,1.86,-0.34
-0.4,1.86,-0.41
-0.36,1.86,-0.48
-0.29,1.86,-0.51
-0.22,1.86,-0.52
-0.15,1.86,-0.55
-0.07,1.86,-0.58
0.0,1.86,-0.59
0.12,1.86,-0.85
0.22,1.86,-0.82
0.31,1.86,-0.74
0.36,1.86,-0.61
0.41,1.86,-0.53
0.49,1.86,-0.49
0.57,1.86,-0.43
0.64,1.86,-0.37
0.71,1.86,-0.29
0.76,1.86,-0.2
0.8,1.86,-0.1
0.84,1.84,0.0
0.85,1.84,0.11
0.84,1.84,0.23
0.82,1.84,0.34
0.77,1.84,0.45
0.71,1.84,0.55
0.64,1.84,0.64
0.55,1.84,0.72
0.45,1.84,0.78
0.36,1.84,0.88
0.28,1.84,1.04
0.15,1.84,1.16
-0.0,1.84,1.13
-0.11,1.84,0.83
-0.21,1.84,0.79
-0.32,1.84,0.77
-0.41,1.84,0.71
-0.46,1.84,0.6
-0.52,1.84,0.52
-0.56,1.84,0.43
-0.6,1.84,0.34
-0.62,1.84,0.25
-0.63,1.84,0.17
-0.63,1.84,0.08
-0.62,1.84,-0.0
-0.6,1.84,-0.08
-0.57,1.84,-0.16
-0.54,1.84,-0.23
-0.5,1.84,-0.29
-0.46,1.84,-0.35
-0.43,1.84,-0.43
-0.38,1.84,-0.49
-0.3,1.84,-0.53
-0.22,1.84,-0.54
-0.15,1.84,-0.57
-0.08,1.84,-0.59
0.0,1.84,-0.82
0.13,1.84,-0.96
0.24,1.84,-0.89
0.33,1.84,-0.78
0.39,1.84,-0.66
0.42,1.84,-0.55
0.51,1.84,-0.5
0.58,1.84,-0.44
0.66,1.84,-0.38
0.72,1.84,-0.29
0.77,1.84,-0.2
0.81,1.84,-0.1
0.85,1.81,0.0
0.86,1.81,0.11
0.86,1.81,0.23
0.83,1.81,0.34
0.79,1.81,0.45
0.73,1.81,0.56
0.65,1.81,0.65
0.56,1.81,0.73
0.46,1.81,0.79
0.38,1.81,0.91
0.29,1.81,1.08
0.16,1.81,1.24
-0.0,1.81,1.26
-0.11,1.81,0.84
-0.22,1.81,0.8
-0.32,1.81,0.77
-0.42,1.81,0.73
-0.48,1.81,0.63
-0.53,1.81,0.53
-0.58,1.81,0.44
-0.61,1.81,0.35
-0.63,1.81,0.26
-0.65,1.81,0.17
-0.65,1.81,0.08
-0.64,1.81,-0.0
-0.62,1.81,-0.08
-0.59,1.81,-0.16
-0.56,1.81,-0.23
-0.52,1.81,-0.3
-0.47,1.81,-0.36
-0.45,1.81,-0.46
-0.39,1.81,-0.52
-0.31,1.81,-0.54
-0.23,1.81,-0.56
-0.16,1.81,-0.59
-0.08,1.81,-0.61
0.0,1.81,-1.04
0.14,1.81,-1.06
0.26,1.81,-0.95
0.34,1.81,-0.82
0.4,1.81,-0.69
0.43,1.81,-0.56
0.52,1.81,-0.51
0.6,1.81,-0.45
0.67,1.81,-0.38
0.73,1.81,-0.3
0.78,1.81,-0.21
0.82,1.81,-0.1
0.86,1.78,-0.0
0.87,1.78,0.11
0.86,1.78,0.23
0.83,1.78,0.35
0.79,1.78,0.46
0.73,1.78,0.56
0.65,1.78,0.65
0.56,1.78,0.73
0.46,1.78,0.79
0.38,1.78,0.93
0.3,1.78,1.11
0.17,1.78,1.3
-0.0,1.78,1.33
-0.11,1.78,0.85
-0.22,1.78,0.81
-0.32,1.78,0.78
-0.43,1.78,0.75
-0.5,1.78,0.65
-0.54,1.78,0.53
-0.58,1.78,0.45
-0.62,1.78,0.36
-0.64,1.78,0.26
-0.66,1.78,0.17
-0.66,1.78,0.08
-0.65,1.78,-0.0
-0.63,1.78,-0.08
-0.6,1.78,-0.16
-0.57,1.78,-0.24
-0.53,1.78,-0.31
-0.49,1.78,-0.38
-0.47,1.78,-0.47
-0.4,1.78,-0.53
-0.31,1.78,-0.55
-0.23,1.78,-0.56
-0.16,1.78,-0.6
-0.08,1.78,-0.62
0.0,1.78,-1.1
0.15,1.78,-1.11
0.27,1.78,-0.98
0.35,1.78,-0.84
0.41,1.78,-0.71
0.44,1.78,-0.57
0.52,1.78,-0.52
0.6,1.78,-0.46
0.68,1.78,-0.39
0.74,1.78,-0.3
0.79,1.78,-0.21
0.83,1.78,-0.11
0.87,1.75,-0.0
0.91,1.75,0.12
0.87,1.75,0.23
0.84,1.75,0.35
0.8,1.75,0.46
0.74,1.75,0.57
0.66,1.75,0.66
0.57,1.75,0.74
0.47,1.75,0.81
0.39,1.75,0.94
0.3,1.75,1.12
0.17,1.75,1.31
-0.0,1.75,1.34
-0.12,1.75,0.87
-0.22,1.75,0.83
-0.33,1.75,0.79
-0.44,1.75,0.76
-0.52,1.75,0.68
-0.54,1.75,0.54
-0.59,1.75,0.45
-0.63,1.75,0.36
-0.65,1.75,0.27
-0.66,1.75,0.18
-0.66,1.75,0.09
-0.65,1.75,-0.0
-0.63,1.75,-0.08
-0.6,1.75,-0.16
-0.57,1.75,-0.24
-0.53,1.75,-0.31
-0.5,1.75,-0.39
-0.47,1.75,-0.48
-0.4,1.75,-0.53
-0.31,1.75,-0.54
-0.23,1.75,-0.56
-0.16,1.75,-0.59
-0.08,1.75,-0.61
0.0,1.75,-1.09
0.15,1.75,-1.09
0.26,1.75,-0.97
0.35,1.75,-0.83
0.41,1.75,-0.7
0.44,1.75,-0.56
0.52,1.75,-0.52
0.6,1.75,-0.46
0.67,1.75,-0.38
0.74,1.75,-0.3
0.79,1.75,-0.21
0.83,1.75,-0.11
0.87,1.73,0.0
0.92,1.73,0.12
0.88,1.73,0.24
0.85,1.73,0.35
0.8,1.73,0.46
0.74,1.73,0.57
0.66,1.73,0.66
0.57,1.73,0.74
0.47,1.73,0.81
0.39,1.73,0.95
0.3,1.73,1.14
0.17,1.73,1.33
-0.0,1.73,1.37
-0.16,1.73,1.17
-0.22,1.73,0.83
-0.33,1.73,0.79
-0.45,1.73,0.77
-0.54,1.73,0.7
-0.55,1.73,0.55
-0.6,1.73,0.46
-0.63,1.73,0.36
-0.66,1.73,0.27
-0.67,1.73,0.18
-0.67,1.73,0.09
-0.66,1.73,-0.0
-0.64,1.73,-0.09
-0.61,1.73,-0.17
-0.58,1.73,-0.24
-0.54,1.73,-0.31
-0.53,1.73,-0.41
-0.5,1.73,-0.5
-0.41,1.73,-0.54
-0.32,1.73,-0.55
-0.24,1.73,-0.57
-0.16,1.73,-0.61
-0.13,1.73,-0.99
0.0,1.73,-1.14
0.16,1.73,-1.15
0.28,1.73,-1.04
0.37,1.73,-0.87
0.43,1.73,-0.73
0.45,1.73,-0.58
0.53,1.73,-0.53
0.61,1.73,-0.47
0.69,1.73,-0.39
0.76,1.73,-0.31
0.81,1.73,-0.21
0.85,1.73,-0.11
0.92,1.7,0.0
0.99,1.7,0.13
0.94,1.7,0.25
0.86,1.7,0.36
0.82,1.7,0.47
0.75,1.7,0.58
0.67,1.7,0.67
0.58,1.7,0.76
0.47,1.7,0.82
0.4,1.7,0.97
0.31,1.7,1.18
0.18,1.7,1.36
-0.0,1.7,1.39
-0.16,1.7,1.24
-0.23,1.7,0.84
-0.33,1.7,0.79
-0.45,1.7,0.78
-0.55,1.7,0.71
-0.55,1.7,0.55
-0.6,1.7,0.46
-0.64,1.7,0.37
-0.66,1.7,0.27
-0.68,1.7,0.18
-0.68,1.7,0.09
-0.67,1.7,-0.0
-0.65,1.7,-0.09
-0.62,1.7,-0.17
-0.59,1.7,-0.24
-0.54,1.7,-0.32
-0.55,1.7,-0.42
-0.51,1.7,-0.51
-0.42,1.7,-0.55
-0.32,1.7,-0.55
-0.24,1.7,-0.58
-0.16,1.7,-0.61
-0.13,1.7,-1.01
0.0,1.7,-1.16
0.16,1.7,-1.17
0.29,1.7,-1.07
0.37,1.7,-0.89
0.43,1.7,-0.74
0.46,1.7,-0.6
0.54,1.7,-0.53
0.62,1.7,-0.47
0.7,1.7,-0.4
0.76,1.7,-0.31
0.82,1.7,-0.22
0.86,1.7,-0.11
0.96,1.67,0.0
1.02,1.67,0.13
0.97,1.67,0.26
0.87,1.67,0.36
0.82,1.67,0.47
0.76,1.67,0.58
0.68,1.67,0.68
0.58,1.67,0.76
0.48,1.67,0.83
0.4,1.67,0.98
0.32,1.67,1.2
0.18,1.67,1.38
-0.0,1.67,1.4
-0.17,1.67,1.25
-0.23,1.67,0.84
-0.33,1.67,0.79
-0.46,1.67,0.79
-0.55,1.67,0.72
-0.56,1.67,0.56
-0.61,1.67,0.46
-0.65,1.67,0.37
-0.67,1.67,0.28
-0.68,1.67,0.18
-0.68,1.67,0.09
-0.67,1.67,-0.0
-0.66,1.67,-0.09
-0.63,1.67,-0.17
-0.59,1.67,-0.25
-0.55,1.67,-0.32
-0.55,1.67,-0.43
-0.51,1.67,-0.51
-0.43,1.67,-0.56
-0.32,1.67,-0.55
-0.24,1.67,-0.59
-0.16,1.67,-0.62
-0.13,1.67,-1.04
0.0,1.67,-1.18
0.16,1.67,-1.18
0.3,1.67,-1.09
0.38,1.67,-0.91
0.44,1.67,-0.75
0.47,1.67,-0.6
0.54,1.67,-0.54
0.63,1.67,-0.48
0.7,1.67,-0.4
0.77,1.67,-0.31
0.82,1.67,-0.22
0.87,1.67,-0.11
0.99,1.64,0.0
1.04,1.64,0.14
1.0,1.64,0.27
0.87,1.64,0.36
0.83,1.64,0.48
0.76,1.64,0.59
0.68,1.64,0.68
0.59,1.64,0.77
0.48,1.64,0.83
0.4,1.64,0.98
0.32,1.64,1.22
0.18,1.64,1.4
-0.0,1.64,1.41
-0.17,1.64,1.27
-0.23,1.64,0.85
-0.33,1.64,0.79
-0.46,1.64,0.79
-0.55,1.64,0.72
-0.56,1.64,0.56
-0.61,1.64,0.47
-0.65,1.64,0.37
-0.67,1.64,0.28
-0.69,1.64,0.18
-0.69,1.64,0.09
-0.68,1.64,-0.0
-0.66,1.64,-0.09
-0.63,1.64,-0.17
-0.6,1.64,-0.25
-0.55,1.64,-0.32
-0.56,1.64,-0.43
-0.51,1.64,-0.52
-0.43,1.64,-0.56
-0.32,1.64,-0.55
-0.24,1.64,-0.59
-0.17,1.64,-0.62
-0.14,1.64,-1.06
0.0,1.64,-1.19
0.16,1.64,-1.19
0.3,1.64,-1.1
0.38,1.64,-0.92
0.44,1.64,-0.75
0.47,1.64,-0.6
0.55,1.64,-0.54
0.63,1.64,-0.48
0.71,1.64,-0.4
0.77,1.64,-0.32
0.83,1.64,-0.22
0.87,1.64,-0.11
1.01,1.62,0.0
1.06,1.62,0.14
1.01,1.62,0.27
0.88,1.62,0.36
0.83,1.62,0.48
0.77,1.62,0.59
0.68,1.62,0.69
0.59,1.62,0.77
0.48,1.62,0.84
0.4,1.62,0.98
0.33,1.62,1.23
0.18,1.62,1.4
-0.0,1.62,1.42
-0.17,1.62,1.29
-0.23,1.62,0.85
-0.33,1.62,0.8
-0.46,1.62,0.79
-0.55,1.62,0.72
-0.56,1.62,0.56
-0.62,1.62,0.47
-0.65,1.62,0.38
-0.68,1.62,0.28
-0.69,1.62,0.18
-0.69,1.62,0.09
-0.68,1.62,-0.0
-0.66,1.62,-0.09
-0.64,1.62,-0.17
-0.6,1.62,-0.25
-0.56,1.62,-0.32
-0.55,1.62,-0.43
-0.51,1.62,-0.51
-0.43,1.62,-0.56
-0.32,1.62,-0.55
-0.24,1.62,-0.6
-0.17,1.62,-0.63
-0.14,1.62,-1.08
0.0,1.62,-1.2
0.16,1.62,-1.2
0.3,1.62,-1.11
0.39,1.62,-0.92
0.44,1.62,-0.75
0.47,1.62,-0.6
0.55,1.62,-0.55
0.63,1.62,-0.48
0.71,1.62,-0.41
0.78,1.62,-0.32
0.83,1.62,-0.22
0.88,1.62,-0.11
1.03,1.59,-0.0
1.07,1.59,0.14
1.03,1.59,0.27
0.88,1.59,0.37
0.83,1.59,0.48
0.77,1.59,0.59
0.69,1.59,0.69
0.59,1.59,0.77
0.48,1.59,0.84
0.4,1.59,0.97
0.33,1.59,1.24
0.18,1.59,1.41
-0.0,1.59,1.43
-0.17,1.59,1.3
-0.23,1.59,0.86
-0.33,1.59,0.8
-0.45,1.59,0.78
-0.55,1.59,0.71
-0.57,1.59,0.56
-0.62,1.59,0.47
-0.66,1.59,0.38
-0.68,1.59,0.28
-0.7,1.59,0.18
-0.7,1.59,0.09
-0.69,1.59,-0.0
-0.67,1.59,-0.09
-0.64,1.59,-0.17
-0.6,1.59,-0.25
-0.56,1.59,-0.33
-0.55,1.59,-0.42
-0.51,1.59,-0.51
-0.42,1.59,-0.55
-0.32,1.59,-0.56
-0.25,1.59,-0.6
-0.17,1.59,-0.63
-0.14,1.59,-1.09
0.0,1.59,-1.2
0.16,1.59,-1.21
0.3,1.59,-1.12
0.39,1.59,-0.92
0.44,1.59,-0.75
0.46,1.59,-0.6
0.55,1.59,-0.55
0.64,1.59,-0.48
0.71,1.59,-0.41
0.78,1.59,-0.32
0.84,1.59,-0.22
0.88,1.59,-0.11
1.04,1.56,0.0
1.08,1.56,0.14
1.03,1.56,0.28
0.9,1.56,0.37
0.83,1.56,0.48
0.77,1.56,0.59
0.69,1.56,0.69
0.59,1.56,0.77
0.48,1.56,0.84
0.4,1.56,0.96
0.33,1.56,1.24
0.18,1.56,1.41
-0.0,1.56,1.43
-0.17,1.56,1.3
-0.23,1.56,0.86
-0.33,1.56,0.8
-0.45,1.56,0.77
-0.54,1.56,0.7
-0.57,1.56,0.57
-0.62,1.56,0.47
-0.66,1.56,0.38
-0.68,1.56,0.28
-0.7,1.56,0.19
-0.7,1.56,0.09
-0.69,1.56,-0.0
-0.67,1.56,-0.09
-0.64,1.56,-0.17
-0.61,1.56,-0.25
-0.56,1.56,-0.33
-0.53,1.56,-0.41
-0.5,1.56,-0.5
-0.41,1.56,-0.54
-0.32,1.56,-0.56
-0.25,1.56,-0.6
-0.17,1.56,-0.63
-0.14,1.56,-1.09
0.0,1.56,-1.2
0.16,1.56,-1.21
0.3,1.56,-1.12
0.39,1.56,-0.92
0.43,1.56,-0.74
0.47,1.56,-0.6
0.55,1.56,-0.55
0.64,1.56,-0.49
0.72,1.56,-0.41
0.78,1.56,-0.32
0.84,1.56,-0.22
0.88,1.56,-0.11
1.04,1.53,-0.0
1.08,1.53,0.14
1.04,1.53,0.28
0.9,1.53,0.37
0.84,1.53,0.48
0.77,1.53,0.59
0.69,1.53,0.69
0.59,1.53,0.77
0.49,1.53,0.84
0.39,1.53,0.95
0.33,1.53,1.24
0.18,1.53,1.41
-0.0,1.53,1.43
-0.17,1.53,1.3
-0.23,1.53,0.86
-0.33,1.53,0.8
-0.44,1.53,0.75
-0.52,1.53,0.68
-0.57,1.53,0.57
-0.62,1.53,0.48
-0.66,1.53,0.38
-0.69,1.53,0.28
-0.7,1.53,0.19
-0.7,1.53,0.09
-0.69,1.53,-0.0
-0.67,1.53,-0.09
-0.64,1.53,-0.17
-0.61,1.53,-0.25
-0.56,1.53,-0.33
-0.51,1.53,-0.4
-0.48,1.53,-0.49
-0.4,1.53,-0.52
-0.32,1.53,-0.56
-0.25,1.53,-0.6
-0.17,1.53,-0.64
-0.14,1.53,-1.09
0.0,1.53,-1.2
0.16,1.53,-1.21
0.3,1.53,-1.12
0.38,1.53,-0.92
0.43,1.53,-0.73
0.47,1.53,-0.6
0.56,1.53,-0.55
0.64,1.53,-0.49
0.72,1.53,-0.41
0.79,1.53,-0.32
0.84,1.53,-0.22
0.88,1.53,-0.11
1.05,1.51,-0.0
1.09,1.51,0.14
1.04,1.51,0.28
0.91,1.51,0.38
0.84,1.51,0.48
0.77,1.51,0.59
0.69,1.51,0.69
0.59,1.51,0.78
0.49,1.51,0.84
0.38,1.51,0.93
0.33,1.51,1.23
0.18,1.51,1.41
-0.0,1.51,1.43
-0.17,1.51,1.29
-0.23,1.51,0.86
-0.33,1.51,0.8
-0.43,1.51,0.73
-0.5,1.51,0.66
-0.57,1.51,0.57
-0.62,1.51,0.48
-0.66,1.51,0.38
-0.69,1.51,0.28
-0.7,1.51,0.19
-0.7,1.51,0.09
-0.69,1.51,-0.0
-0.67,1.51,-0.09
-0.64,1.51,-0.17
-0.61,1.51,-0.25
-0.56,1.51,-0.33
-0.51,1.51,-0.4
-0.46,1.51,-0.46
-0.39,1.51,-0.51
-0.32,1.51,-0.56
-0.25,1.51,-0.6
-0.17,1.51,-0.64
-0.14,1.51,-1.08
0.0,1.51,-1.2
0.16,1.51,-1.2
0.3,1.51,-1.11
0.38,1.51,-0.91
0.42,1.51,-0.72
0.47,1.51,-0.6
0.56,1.51,-0.55
0.64,1.51,-0.49
0.72,1.51,-0.41
0.79,1.51,-0.32
0.84,1.51,-0.22
0.88,1.51,-0.11
1.05,1.48,-0.0
1.09,1.48,0.14
1.04,1.48,0.28
0.9,1.48,0.37
0.84,1.48,0.48
0.77,1.48,0.59
0.69,1.48,0.69
0.59,1.48,0.77
0.49,1.48,0.84
0.37,1.48,0.89
0.33,1.48,1.22
0.18,1.48,1.4
-0.0,1.48,1.42
-0.17,1.48,1.28
-0.23,1.48,0.86
-0.33,1.48,0.8
-0.43,1.48,0.73
-0.5,1.48,0.66
-0.57,1.48,0.57
-0.62,1.48,0.48
-0.66,1.48,0.38
-0.69,1.48,0.28
-0.7,1.48,0.19
-0.7,1.48,0.09
-0.69,1.48,-0.0
-0.67,1.48,-0.09
-0.64,1.48,-0.17
-0.61,1.48,-0.25
-0.56,1.48,-0.33
-0.51,1.48,-0.4
-0.45,1.48,-0.46
-0.39,1.48,-0.51
-0.32,1.48,-0.56
-0.25,1.48,-0.6
-0.17,1.48,-0.64
-0.14,1.48,-1.07
0.0,1.48,-1.19
0.16,1.48,-1.2
0.3,1.48,-1.11
0.37,1.48,-0.9
0.41,1.48,-0.7
0.47,1.48,-0.6
0.56,1.48,-0.55
0.64,1.48,-0.49
0.72,1.48,-0.41
0.79,1.48,-0.32
0.84,1.48,-0.22
0.88,1.48,-0.11
1.04,1.45,-0.0
1.08,1.45,0.14
1.04,1.45,0.28
0.9,1.45,0.37
0.84,1.45,0.48
0.77,1.45,0.59
0.69,1.45,0.69
0.59,1.45,0.77
0.49,1.45,0.84
0.37,1.45,0.89
0.32,1.45,1.21
0.18,1.45,1.39
-0.0,1.45,1.41
-0.17,1.45,1.26
-0.23,1.45,0.86
-0.33,1.45,0.8
-0.43,1.45,0.73
-0.5,1.45,0.65
-0.57,1.45,0.57
-0.62,1.45,0.47
-0.66,1.45,0.38
-0.69,1.45,0.28
-0.7,1.45,0.19
-0.7,1.45,0.09
-0.69,1.45,-0.0
-0.67,1.45,-0.09
-0.64,1.45,-0.17
-0.61,1.45,-0.25
-0.56,1.45,-0.33
-0.51,1.45,-0.39
-0.45,1.45,-0.46
-0.39,1.45,-0.51
-0.32,1.45,-0.56
-0.25,1.45,-0.6
-0.17,1.45,-0.64
-0.13,1.45,-1.05
0.0,1.45,-1.18
0.16,1.45,-1.19
0.3,1.45,-1.1
0.36,1.45,-0.87
0.38,1.45,-0.65
0.47,1.45,-0.6
0.56,1.45,-0.55
0.64,1.45,-0.49
0.72,1.45,-0.41
0.78,1.45,-0.32
0.84,1.45,-0.22
0.88,1.45,-0.11
1.03,1.42,0.0
1.07,1.42,0.14
1.02,1.42,0.27
0.87,1.42,0.36
0.83,1.42,0.48
0.89,1.42,0.68
0.68,1.42,0.68
0.59,1.42,0.77
0.48,1.42,0.83
0.36,1.42,0.88
0.31,1.42,1.15
0.18,1.42,1.37
-0.0,1.42,1.39
-0.16,1.42,1.23
-0.23,1.42,0.85
-0.33,1.42,0.8
-0.42,1.42,0.73
-0.5,1.42,0.65
-0.57,1.42,0.56
-0.62,1.42,0.47
-0.66,1.42,0.38
-0.68,1.42,0.28
-0.7,1.42,0.19
-0.7,1.42,0.09
-0.69,1.42,-0.0
-0.67,1.42,-0.09
-0.64,1.42,-0.17
-0.61,1.42,-0.25
-0.56,1.42,-0.33
-0.51,1.42,-0.4
-0.46,1.42,-0.46
-0.39,1.42,-0.51
-0.32,1.42,-0.56
-0.25,1.42,-0.61
-0.17,1.42,-0.64
-0.13,1.42,-1.03
0.0,1.42,-1.17
0.16,1.42,-1.17
0.29,1.42,-1.07
0.34,1.42,-0.82
0.37,1.42,-0.64
0.47,1.42,-0.6
0.56,1.42,-0.55
0.64,1.42,-0.49
0.72,1.42,-0.41
0.91,1.42,-0.37
0.84,1.42,-0.22
0.88,1.42,-0.11
1.02,1.4,0.0
1.06,1.4,0.14
1.01,1.4,0.27
0.87,1.4,0.36
1.02,1.4,0.59
0.92,1.4,0.71
0.71,1.4,0.71
0.59,1.4,0.76
0.48,1.4,0.83
0.36,1.4,0.88
0.28,1.4,1.04
0.17,1.4,1.34
-0.0,1.4,1.37
-0.16,1.4,1.17
-0.23,1.4,0.85
-0.33,1.4,0.8
-0.42,1.4,0.73
-0.5,1.4,0.65
-0.57,1.4,0.56
-0.62,1.4,0.47
-0.66,1.4,0.38
-0.68,1.4,0.28
-0.7,1.4,0.19
-0.7,1.4,0.09
-0.69,1.4,-0.0
-0.67,1.4,-0.09
-0.64,1.4,-0.17
-0.61,1.4,-0.25
-0.56,1.4,-0.33
-0.51,1.4,-0.4
-0.45,1.4,-0.46
-0.39,1.4,-0.51
-0.32,1.4,-0.56
-0.25,1.4,-0.6
-0.17,1.4,-0.63
-0.13,1.4,-1.02
0.0,1.4,-1.15
0.16,1.4,-1.16
0.28,1.4,-1.05
0.33,1.4,-0.78
0.37,1.4,-0.63
0.46,1.4,-0.59
0.55,1.4,-0.54
0.63,1.4,-0.48
0.79,1.4,-0.45
1.03,1.4,-0.42
1.02,1.4,-0.27
0.87,1.4,-0.11
0.99,1.37,0.0
1.04,1.37,0.14
1.0,1.37,0.27
0.87,1.37,0.36
1.08,1.37,0.62
0.97,1.37,0.75
0.75,1.37,0.75
0.59,1.37,0.77
0.48,1.37,0.83
0.37,1.37,0.89
0.26,1.37,0.98
0.18,1.37,1.34
-0.0,1.37,1.37
-0.16,1.37,1.2
-0.23,1.37,0.86
-0.33,1.37,0.8
-0.42,1.37,0.73
-0.5,1.37,0.65
-0.57,1.37,0.57
-0.62,1.37,0.47
-0.66,1.37,0.38
-0.68,1.37,0.28
-0.7,1.37,0.18
-0.7,1.37,0.09
-0.69,1.37,-0.0
-0.67,1.37,-0.09
-0.64,1.37,-0.17
-0.6,1.37,-0.25
-0.56,1.37,-0.32
-0.51,1.37,-0.39
-0.45,1.37,-0.45
-0.39,1.37,-0.51
-0.32,1.37,-0.56
-0.24,1.37,-0.6
-0.17,1.37,-0.63
-0.13,1.37,-1.01
0.0,1.37,-1.14
0.16,1.37,-1.15
0.28,1.37,-1.03
0.31,1.37,-0.74
0.37,1.37,-0.63
0.46,1.37,-0.59
0.55,1.37,-0.54
0.63,1.37,-0.48
0.83,1.37,-0.47
1.07,1.37,-0.44
1.05,1.37,-0.28
0.87,1.37,-0.11
0.97,1.34,0.0
1.03,1.34,0.14
0.98,1.34,0.26
0.87,1.34,0.36
1.09,1.34,0.63
1.0,1.34,0.77
0.78,1.34,0.78
0.6,1.34,0.79
0.48,1.34,0.83
0.36,1.34,0.88
0.24,1.34,0.91
0.17,1.34,1.3
-0.0,1.34,1.33
-0.12,1.34,0.89
-0.23,1.34,0.85
-0.33,1.34,0.79
-0.42,1.34,0.72
-0.49,1.34,0.64
-0.56,1.34,0.56
-0.61,1.34,0.47
-0.65,1.34,0.37
-0.67,1.34,0.28
-0.68,1.34,0.18
-0.69,1.34,0.09
-0.68,1.34,-0.0
-0.66,1.34,-0.09
-0.63,1.34,-0.17
-0.59,1.34,-0.25
-0.55,1.34,-0.32
-0.5,1.34,-0.39
-0.44,1.34,-0.45
-0.38,1.34,-0.5
-0.31,1.34,-0.55
-0.24,1.34,-0.59
-0.16,1.34,-0.62
-0.08,1.34,-0.65
0.0,1.34,-1.1
0.15,1.34,-1.1
0.26,1.34,-0.96
0.27,1.34,-0.65
0.37,1.34,-0.63
0.46,1.34,-0.59
0.54,1.34,-0.54
0.68,1.34,-0.52
0.89,1.34,-0.51
1.08,1.34,-0.44
1.08,1.34,-0.28
0.87,1.34,-0.11
0.93,1.31,0.0
1.0,1.31,0.13
0.95,1.31,0.25
0.86,1.31,0.36
1.1,1.31,0.64
1.01,1.31,0.78
0.79,1.31,0.79
0.61,1.31,0.8
0.48,1.31,0.82
0.36,1.31,0.87
0.24,1.31,0.9
0.16,1.31,1.25
-0.0,1.31,1.29
-0.12,1.31,0.88
-0.23,1.31,0.84
-0.33,1.31,0.78
-0.41,1.31,0.72
-0.49,1.31,0.64
-0.55,1.31,0.55
-0.6,1.31,0.46
-0.64,1.31,0.37
-0.7,1.31,0.29
-0.72,1.31,0.19
-0.69,1.31,0.09
-0.67,1.31,-0.0
-0.65,1.31,-0.09
-0.62,1.31,-0.17
-0.59,1.31,-0.25
-0.55,1.31,-0.32
-0.5,1.31,-0.38
-0.44,1.31,-0.44
-0.38,1.31,-0.5
-0.31,1.31,-0.54
-0.24,1.31,-0.58
-0.16,1.31,-0.62
-0.08,1.31,-0.64
0.0,1.31,-1.05
0.14,1.31,-1.07
0.18,1.31,-0.66
0.27,1.31,-0.65
0.36,1.31,-0.62
0.45,1.31,-0.59
0.54,1.31,-0.54
0.7,1.31,-0.53
0.91,1.31,-0.52
1.09,1.31,-0.45
1.1,1.31,-0.29
0.86,1.31,-0.11
0.88,1.29,0.0
0.96,1.29,0.13
0.9,1.29,0.24
0.86,1.29,0.36
1.1,1.29,0.64
1.01,1.29,0.78
0.8,1.29,0.8
0.61,1.29,0.8
0.47,1.29,0.82
0.36,1.29,0.87
0.24,1.29,0.9
0.12,1.29,0.91
-0.0,1.29,1.2
-0.12,1.29,0.87
-0.22,1.29,0.83
-0.32,1.29,0.78
-0.41,1.29,0.71
-0.49,1.29,0.63
-0.55,1.29,0.55
-0.6,1.29,0.46
-0.67,1.29,0.39
-0.73,1.29,0.3
-0.75,1.29,0.2
-0.73,1.29,0.09
-0.66,1.29,-0.0
-0.64,1.29,-0.09
-0.62,1.29,-0.17
-0.58,1.29,-0.24
-0.54,1.29,-0.31
-0.49,1.29,-0.38
-0.43,1.29,-0.44
-0.37,1.29,-0.49
-0.31,1.29,-0.54
-0.24,1.29,-0.58
-0.16,1.29,-0.61
-0.08,1.29,-0.63
0.0,1.29,-0.65
0.14,1.29,-1.0
0.18,1.29,-0.65
0.27,1.29,-0.64
0.36,1.29,-0.62
0.45,1.29,-0.58
0.55,1.29,-0.54
0.7,1.29,-0.53
0.92,1.29,-0.52
1.09,1.29,-0.45
1.1,1.29,-0.29
0.86,1.29,-0.11
0.87,1.26,0.0
0.89,1.26,0.12
0.88,1.26,0.23
0.85,1.26,0.35
1.1,1.26,0.64
1.01,1.26,0.78
0.8,1.26,0.8
0.61,1.26,0.8
0.47,1.26,0.81
0.36,1.26,0.86
0.24,1.26,0.89
0.12,1.26,0.9
-0.0,1.26,0.89
-0.12,1.26,0.87
-0.22,1.26,0.83
-0.32,1.26,0.77
-0.41,1.26,0.7
-0.48,1.26,0.63
-0.54,1.26,0.54
-0.6,1.26,0.46
-0.69,1.26,0.4
-0.75,1.26,0.31
-0.77,1.26,0.21
-0.76,1.26,0.1
-0.69,1.26,-0.0
-0.64,1.26,-0.09
-0.61,1.26,-0.16
-0.57,1.26,-0.24
-0.53,1.26,-0.31
-0.48,1.26,-0.37
-0.43,1.26,-0.43
-0.37,1.26,-0.48
-0.3,1.26,-0.53
-0.23,1.26,-0.57
-0.16,1.26,-0.6
-0.08,1.26,-0.63
0.0,1.26,-0.64
0.09,1.26,-0.65
0.18,1.26,-0.65
0.27,1.26,-0.63
0.35,1.26,-0.61
0.44,1.26,-0.57
0.54,1.26,-0.54
0.7,1.26,-0.53
0.91,1.26,-0.52
1.09,1.26,-0.45
1.1,1.26,-0.29
0.85,1.26,-0.11
0.86,1.23,-0.0
0.87,1.23,0.12
0.87,1.23,0.23
0.84,1.23,0.35
1.1,1.23,0.63
1.01,1.23,0.77
0.79,1.23,0.79
0.61,1.23,0.8
0.46,1.23,0.8
0.35,1.23,0.85
0.23,1.23,0.88
0.12,1.23,0.89
-0.0,1.23,0.88
-0.11,1.23,0.86
-0.22,1.23,0.82
-0.32,1.23,0.76
-0.4,1.23,0.69
-0.48,1.23,0.62
-0.54,1.23,0.54
-0.62,1.23,0.47
-0.71,1.23,0.41
-0.77,1.23,0.32
-0.79,1.23,0.21
-0.78,1.23,0.1
-0.72,1.23,-0.0
-0.63,1.23,-0.08
-0.6,1.23,-0.16
-0.57,1.23,-0.24
-0.52,1.23,-0.3
-0.48,1.23,-0.37
-0.42,1.23,-0.43
-0.36,1.23,-0.48
-0.3,1.23,-0.52
-0.23,1.23,-0.56
-0.16,1.23,-0.59
-0.08,1.23,-0.62
0.0,1.23,-0.63
0.09,1.23,-0.64
0.17,1.23,-0.64
0.26,1.23,-0.62
0.35,1.23,-0.6
0.44,1.23,-0.57
0.54,1.23,-0.54
0.69,1.23,-0.53
0.9,1.23,-0.52
1.09,1.23,-0.44
1.09,1.23,-0.29
0.84,1.23,-0.11
0.85,1.21,-0.0
0.86,1.21,0.11
0.86,1.21,0.23
0.83,1.21,0.34
1.09,1.21,0.63
1.0,1.21,0.77
0.78,1.21,0.78
0.6,1.21,0.78
0.46,1.21,0.79
0.35,1.21,0.84
0.23,1.21,0.87
0.11,1.21,0.88
-0.0,1.21,0.87
-0.11,1.21,0.85
-0.22,1.21,0.81
-0.31,1.21,0.75
-0.4,1.21,0.69
-0.47,1.21,0.61
-0.53,1.21,0.53
-0.63,1.21,0.48
-0.72,1.21,0.42
-0.78,1.21,0.32
-0.81,1.21,0.22
-0.8,1.21,0.1
-0.74,1.21,-0.0
-0.65,1.21,-0.09
-0.59,1.21,-0.16
-0.56,1.21,-0.23
-0.52,1.21,-0.3
-0.47,1.21,-0.36
-0.42,1.21,-0.42
-0.36,1.21,-0.47
-0.29,1.21,-0.51
-0.23,1.21,-0.55
-0.15,1.21,-0.58
-0.08,1.21,-0.61
0.0,1.21,-0.62
0.09,1.21,-0.63
0.17,1.21,-0.63
0.26,1.21,-0.62
0.34,1.21,-0.59
0.43,1.21,-0.56
0.53,1.21,-0.53
0.68,1.21,-0.52
0.89,1.21,-0.51
1.08,1.21,-0.44
1.08,1.21,-0.28
0.83,1.21,-0.11
0.84,1.18,0.0
0.85,1.18,0.11
0.85,1.18,0.23
0.82,1.18,0.34
1.07,1.18,0.62
0.98,1.18,0.75
0.76,1.18,0.76
0.59,1.18,0.77
0.45,1.18,0.78
0.34,1.18,0.83
0.23,1.18,0.86
0.11,1.18,0.87
-0.0,1.18,0.86
-0.11,1.18,0.84
-0.21,1.18,0.8
-0.31,1.18,0.74
-0.39,1.18,0.68
-0.46,1.18,0.6
-0.53,1.18,0.53
-0.64,1.18,0.49
-0.74,1.18,0.42
-0.8,1.18,0.33
-0.82,1.18,0.22
-0.81,1.18,0.1
-0.77,1.18,-0.0
-0.68,1.18,-0.09
-0.58,1.18,-0.16
-0.55,1.18,-0.23
-0.51,1.18,-0.29
-0.46,1.18,-0.35
-0.41,1.18,-0.41
-0.35,1.18,-0.46
-0.29,1.18,-0.5
-0.22,1.18,-0.54
-0.15,1.18,-0.57
-0.08,1.18,-0.6
0.0,1.18,-0.61
0.08,1.18,-0.62
0.17,1.18,-0.62
0.25,1.18,-0.6
0.34,1.18,-0.58
0.42,1.18,-0.55
0.51,1.18,-0.51
0.66,1.18,-0.5
0.86,1.18,-0.49
1.06,1.18,-0.43
1.05,1.18,-0.27
0.82,1.18,-0.1
0.83,1.15,-0.0
0.84,1.15,0.11
0.83,1.15,0.22
0.81,1.15,0.34
1.03,1.15,0.6
0.95,1.15,0.73
0.73,1.15,0.74
0.57,1.15,0.74
0.45,1.15,0.77
0.34,1.15,0.82
0.23,1.15,0.85
0.11,1.15,0.86
-0.0,1.15,0.85
-0.11,1.15,0.82
-0.21,1.15,0.78
-0.3,1.15,0.73
-0.39,1.15,0.66
-0.45,1.15,0.59
-0.54,1.15,0.54
-0.65,1.15,0.5
-0.74,1.15,0.43
-0.81,1.15,0.33
-0.83,1.15,0.22
-0.82,1.15,0.11
-0.79,1.15,-0.0
-0.71,1.15,-0.1
-0.58,1.15,-0.16
-0.53,1.15,-0.22
-0.49,1.15,-0.29
-0.45,1.15,-0.35
-0.4,1.15,-0.4
-0.34,1.15,-0.45
-0.28,1.15,-0.49
-0.22,1.15,-0.53
-0.15,1.15,-0.56
-0.07,1.15,-0.58
0.0,1.15,-0.6
0.08,1.15,-0.61
0.16,1.15,-0.6
0.25,1.15,-0.59
0.33,1.15,-0.57
0.42,1.15,-0.54
0.5,1.15,-0.49
0.62,1.15,-0.47
0.81,1.15,-0.46
1.03,1.15,-0.42
0.76,1.15,-0.2
0.8,1.15,-0.1
0.82,1.12,-0.0
0.83,1.12,0.11
0.82,1.12,0.22
0.8,1.12,0.33
0.76,1.12,0.44
0.87,1.12,0.67
0.68,1.12,0.68
0.54,1.12,0.7
0.44,1.12,0.76
0.33,1.12,0.81
0.22,1.12,0.83
0.11,1.12,0.84
-0.0,1.12,0.83
-0.11,1.12,0.81
-0.21,1.12,0.77
-0.3,1.12,0.72
-0.38,1.12,0.65
-0.45,1.12,0.58
-0.55,1.12,0.54
-0.66,1.12,0.5
-0.75,1.12,0.43
-0.81,1.12,0.34
-0.84,1.12,0.22
-0.84,1.12,0.11
-0.81,1.12,-0.0
-0.74,1.12,-0.1
-0.62,1.12,-0.17
-0.52,1.12,-0.22
-0.48,1.12,-0.28
-0.44,1.12,-0.34
-0.39,1.12,-0.39
-0.33,1.12,-0.44
-0.28,1.12,-0.48
-0.21,1.12,-0.52
-0.14,1.12,-0.55
-0.07,1.12,-0.57
0.0,1.12,-0.58
0.08,1.12,-0.59
0.16,1.12,-0.59
0.24,1.12,-0.58
0.33,1.12,-0.56
0.41,1.12,-0.53
0.49,1.12,-0.48
0.56,1.12,-0.43
0.72,1.12,-0.41
0.96,1.12,-0.39
0.75,1.12,-0.2
0.79,1.12,-0.1
0.8,1.1,0.0
0.81,1.1,0.11
0.81,1.1,0.22
0.78,1.1,0.32
0.74,1.1,0.43
0.69,1.1,0.53
0.61,1.1,0.61
0.53,1.1,0.69
0.43,1.1,0.75
0.33,1.1,0.79
0.22,1.1,0.82
0.11,1.1,0.83
-0.0,1.1,0.82
-0.11,1.1,0.79
-0.2,1.1,0.75
-0.29,1.1,0.7
-0.37,1.1,0.64
-0.44,1.1,0.57
-0.55,1.1,0.55
-0.67,1.1,0.51
-0.76,1.1,0.43
-0.82,1.1,0.34
-0.85,1.1,0.23
-0.85,1.1,0.11
-0.82,1.1,-0.0
-0.76,1.1,-0.1
-0.66,1.1,-0.18
-0.51,1.1,-0.21
-0.47,1.1,-0.27
-0.43,1.1,-0.33
-0.38,1.1,-0.38
-0.33,1.1,-0.43
-0.27,1.1,-0.47
-0.21,1.1,-0.5
-0.14,1.1,-0.53
-0.07,1.1,-0.55
0.0,1.1,-0.57
0.08,1.1,-0.58
0.16,1.1,-0.58
0.24,1.1,-0.57
0.32,1.1,-0.55
0.4,1.1,-0.51
0.48,1.1,-0.47
0.55,1.1,-0.42
0.62,1.1,-0.36
0.68,1.1,-0.28
0.73,1.1,-0.19
0.77,1.1,-0.1
0.78,1.07,-0.0
0.79,1.07,0.1
0.79,1.07,0.21
0.77,1.07,0.32
0.73,1.07,0.42
0.67,1.07,0.52
0.6,1.07,0.6
0.52,1.07,0.68
0.42,1.07,0.73
0.32,1.07,0.78
0.21,1.07,0.8
0.11,1.07,0.81
-0.0,1.07,0.8
-0.1,1.07,0.78
-0.2,1.07,0.74
-0.29,1.07,0.69
-0.36,1.07,0.62
-0.43,1.07,0.55
-0.55,1.07,0.55
-0.67,1.07,0.51
-0.76,1.07,0.44
-0.82,1.07,0.34
-0.85,1.07,0.23
-0.86,1.07,0.11
-0.84,1.07,-0.0
-0.79,1.07,-0.11
-0.69,1.07,-0.19
-0.53,1.07,-0.22
-0.46,1.07,-0.26
-0.41,1.07,-0.32
-0.37,1.07,-0.37
-0.32,1.07,-0.41
-0.26,1.07,-0.45
-0.2,1.07,-0.49
-0.14,1.07,-0.52
-0.07,1.07,-0.54
0.0,1.07,-0.55
0.08,1.07,-0.56
0.15,1.07,-0.56
0.23,1.07,-0.55
0.31,1.07,-0.53
0.39,1.07,-0.5
0.46,1.07,-0.46
0.54,1.07,-0.41
0.61,1.07,-0.35
0.68,1.07,-0.28
0.72,1.07,-0.19
0.76,1.07,-0.1
0.76,1.04,-0.0
0.78,1.04,0.1
0.77,1.04,0.21
0.75,1.04,0.31
0.71,1.04,0.41
0.66,1.04,0.51
0.59,1.04,0.59
0.51,1.04,0.66
0.41,1.04,0.72
0.31,1.04,0.76
0.21,1.04,0.79
0.1,1.04,0.79
-0.0,1.04,0.78
-0.1,1.04,0.76
-0.19,1.04,0.72
-0.28,1.04,0.67
-0.35,1.04,0.61
-0.42,1.04,0.55
-0.55,1.04,0.55
-0.67,1.04,0.51
-0.76,1.04,0.44
-0.82,1.04,0.34
-0.86,1.04,0.23
-0.87,1.04,0.11
-0.85,1.04,-0.0
-0.81,1.04,-0.11
-0.72,1.04,-0.19
-0.58,1.04,-0.24
-0.44,1.04,-0.26
-0.4,1.04,-0.31
-0.35,1.04,-0.36
-0.3,1.04,-0.4
-0.25,1.04,-0.44
-0.19,1.04,-0.47
-0.13,1.04,-0.5
-0.07,1.04,-0.52
0.0,1.04,-0.53
0.07,1.04,-0.54
0.15,1.04,-0.54
0.22,1.04,-0.53
0.3,1.04,-0.51
0.38,1.04,-0.49
0.45,1.04,-0.45
0.53,1.04,-0.4
0.65,1.04,-0.37
0.72,1.04,-0.29
0.74,1.04,-0.2
0.74,1.04,-0.09
0.74,1.01,0.0
0.76,1.01,0.1
0.75,1.01,0.2
0.73,1.01,0.3
0.69,1.01,0.4
0.64,1.01,0.49
0.57,1.01,0.58
0.49,1.01,0.65
0.4,1.01,0.7
0.31,1.01,0.74
0.2,1.01,0.77
0.1,1.01,0.77
-0.0,1.01,0.76
-0.1,1.01,0.74
-0.19,1.01,0.7
-0.27,1.01,0.65
-0.34,1.01,0.59
-0.42,1.01,0.55
-0.55,1.01,0.55
-0.67,1.01,0.51
-0.76,1.01,0.44
-0.82,1.01,0.34
-0.86,1.01,0.23
-0.88,1.01,0.11
-0.87,1.01,-0.0
-0.82,1.01,-0.11
-0.76,1.01,-0.2
-0.66,1.01,-0.28
-0.42,1.01,-0.25
-0.38,1.01,-0.3
-0.34,1.01,-0.34
-0.29,1.01,-0.38
-0.24,1.01,-0.42
-0.19,1.01,-0.45
-0.13,1.01,-0.48
-0.06,1.01,-0.5
0.0,1.01,-0.51
0.07,1.01,-0.52
0.14,1.01,-0.52
0.22,1.01,-0.51
0.29,1.01,-0.5
0.36,1.01,-0.47
0.44,1.01,-0.43
0.57,1.01,-0.43
0.68,1.01,-0.39
0.75,1.01,-0.31
0.78,1.01,-0.2
0.75,1.01,-0.1
0.75,0.99,0.0
0.75,0.99,0.1
0.73,0.99,0.2
0.71,0.99,0.3
0.68,0.99,0.39
0.62,0.99,0.48
0.56,0.99,0.56
0.48,0.99,0.63
0.39,0.99,0.68
0.3,0.99,0.72
0.2,0.99,0.75
0.1,0.99,0.75
-0.0,0.99,0.74
-0.1,0.99,0.72
-0.18,0.99,0.68
-0.26,0.99,0.63
-0.33,0.99,0.57
-0.42,0.99,0.55
-0.55,0.99,0.55
-0.67,0.99,0.51
-0.76,0.99,0.44
-0.82,0.99,0.34
-0.87,0.99,0.23
-0.89,0.99,0.11
-0.88,0.99,-0.0
-0.84,0.99,-0.11
-0.81,0.99,-0.22
-0.73,0.99,-0.31
-0.4,0.99,-0.23
-0.37,0.99,-0.28
-0.32,0.99,-0.33
-0.28,0.99,-0.37
-0.23,0.99,-0.4
-0.18,0.99,-0.43
-0.12,0.99,-0.46
-0.06,0.99,-0.48
0.0,0.99,-0.49
0.07,0.99,-0.5
0.14,0.99,-0.5
0.21,0.99,-0.49
0.28,0.99,-0.48
0.35,0.99,-0.45
0.46,0.99,-0.45
0.6,0.99,-0.46
0.7,0.99,-0.4
0.77,0.99,-0.32
0.8,0.99,-0.21
0.79,0.99,-0.1
0.76,0.96,0.0
0.76,0.96,0.1
0.73,0.96,0.19
0.69,0.96,0.29
0.66,0.96,0.38
0.61,0.96,0.47
0.54,0.96,0.54
0.47,0.96,0.61
0.38,0.96,0.66
0.29,0.96,0.7
0.19,0.96,0.72
0.09,0.96,0.73
-0.0,0.96,0.72
-0.09,0.96,0.69
-0.18,0.96,0.66
-0.26,0.96,0.62
-0.33,0.96,0.57
-0.42,0.96,0.54
-0.55,0.96,0.55
-0.66,0.96,0.51
-0.75,0.96,0.43
-0.82,0.96,0.34
-0.87,0.96,0.23
-0.89,0.96,0.12
-0.89,0.96,-0.0
-0.86,0.96,-0.12
-0.84,0.96,-0.23
-0.77,0.96,-0.32
-0.64,0.96,-0.37
-0.35,0.96,-0.27
-0.31,0.96,-0.31
-0.26,0.96,-0.35
-0.22,0.96,-0.38
-0.17,0.96,-0.41
-0.11,0.96,-0.43
-0.06,0.96,-0.45
0.0,0.96,-0.47
0.06,0.96,-0.48
0.13,0.96,-0.48
0.2,0.96,-0.47
0.27,0.96,-0.46
0.34,0.96,-0.43
0.49,0.96,-0.49
0.63,0.96,-0.48
0.73,0.96,-0.42
0.8,0.96,-0.33
0.83,0.96,-0.22
0.81,0.96,-0.1
0.78,0.93,-0.0
0.76,0.93,0.1
0.73,0.93,0.2
0.68,0.93,0.28
0.63,0.93,0.36
0.58,0.93,0.45
0.52,0.93,0.52
0.45,0.93,0.58
0.37,0.93,0.64
0.28,0.93,0.67
0.18,0.93,0.69
0.09,0.93,0.7
-0.0,0.93,0.69
-0.09,0.93,0.66
-0.17,0.93,0.64
-0.25,0.93,0.61
-0.32,0.93,0.56
-0.41,0.93,0.53
-0.54,0.93,0.54
-0.65,0.93,0.5
-0.75,0.93,0.43
-0.82,0.93,0.34
-0.87,0.93,0.23
-0.9,0.93,0.12
-0.9,0.93,-0.0
-0.9,0.93,-0.12
-0.88,0.93,-0.24
-0.82,0.93,-0.34
-0.7,0.93,-0.41
-0.33,0.93,-0.25
-0.29,0.93,-0.29
-0.25,0.93,-0.33
-0.2,0.93,-0.36
-0.16,0.93,-0.38
-0.11,0.93,-0.41
-0.05,0.93,-0.43
0.0,0.93,-0.44
0.06,0.93,-0.45
0.12,0.93,-0.45
0.19,0.93,-0.44
0.25,0.93,-0.43
0.36,0.93,-0.46
0.52,0.93,-0.52
0.65,0.93,-0.49
0.75,0.93,-0.43
0.82,0.93,-0.33
0.85,0.93,-0.22
0.83,0.93,-0.11
0.8,0.9,-0.0
0.77,0.9,0.1
0.74,0.9,0.2
0.68,0.9,0.28
0.62,0.9,0.36
0.56,0.9,0.43
0.5,0.9,0.5
0.43,0.9,0.56
0.35,0.9,0.61
0.26,0.9,0.64
0.18,0.9,0.66
0.09,0.9,0.66
-0.0,0.9,0.66
-0.08,0.9,0.63
-0.17,0.9,0.62
-0.25,0.9,0.59
-0.31,0.9,0.54
-0.39,0.9,0.51
-0.52,0.9,0.52
-0.64,0.9,0.49
-0.74,0.9,0.42
-0.81,0.9,0.33
-0.87,0.9,0.23
-0.91,0.9,0.12
-0.91,0.9,-0.0
-0.92,0.9,-0.12
-0.9,0.9,-0.24
-0.84,0.9,-0.35
-0.73,0.9,-0.42
-0.55,0.9,-0.43
-0.27,0.9,-0.28
-0.24,0.9,-0.31
-0.19,0.9,-0.34
-0.15,0.9,-0.36
-0.1,0.9,-0.39
-0.05,0.9,-0.4
0.0,0.9,-0.42
0.06,0.9,-0.42
0.12,0.9,-0.43
0.18,0.9,-0.42
0.24,0.9,-0.41
0.38,0.9,-0.49
0.53,0.9,-0.53
0.66,0.9,-0.5
0.76,0.9,-0.44
0.83,0.9,-0.34
0.86,0.9,-0.23
0.85,0.9,-0.11
0.81,0.88,0.0
0.77,0.88,0.1
0.74,0.88,0.2
0.68,0.88,0.28
0.61,0.88,0.35
0.54,0.88,0.41
0.48,0.88,0.48
0.41,0.88,0.53
0.33,0.88,0.58
0.25,0.88,0.62
0.17,0.88,0.63
0.08,0.88,0.64
-0.0,0.88,0.63
-0.08,0.88,0.62
-0.17,0.88,0.61
-0.24,0.88,0.58
-0.31,0.88,0.53
-0.38,0.88,0.5
-0.52,0.88,0.52
-0.64,0.88,0.49
-0.73,0.88,0.42
-0.81,0.88,0.33
-0.87,0.88,0.23
-0.91,0.88,0.12
-0.91,0.88,-0.0
-0.94,0.88,-0.13
-0.92,0.88,-0.25
-0.85,0.88,-0.35
-0.74,0.88,-0.43
-0.57,0.88,-0.44
-0.25,0.88,-0.25
-0.21,0.88,-0.28
-0.18,0.88,-0.31
-0.14,0.88,-0.33
-0.09,0.88,-0.35
-0.05,0.88,-0.37
0.0,0.88,-0.39
0.05,0.88,-0.4
0.11,0.88,-0.4
0.17,0.88,-0.4
0.23,0.88,-0.39
0.39,0.88,-0.51
0.54,0.88,-0.54
0.67,0.88,-0.51
0.77,0.88,-0.44
0.84,0.88,-0.34
0.87,0.88,-0.23
0.86,0.88,-0.11
0.83,0.85,-0.0
0.78,0.85,0.1
0.74,0.85,0.2
0.68,0.85,0.28
0.61,0.85,0.35
0.54,0.85,0.41
0.47,0.85,0.47
0.41,0.85,0.53
0.33,0.85,0.58
0.25,0.85,0.61
0.17,0.85,0.63
0.08,0.85,0.63
-0.0,0.85,0.62
-0.08,0.85,0.62
-0.16,0.85,0.61
-0.24,0.85,0.57
-0.3,0.85,0.52
-0.37,0.85,0.48
-0.51,0.85,0.51
-0.62,0.85,0.48
-0.72,0.85,0.42
-0.81,0.85,0.33
-0.87,0.85,0.23
-0.91,0.85,0.12
-0.92,0.85,-0.0
-0.95,0.85,-0.13
-0.93,0.85,-0.25
-0.87,0.85,-0.36
-0.76,0.85,-0.44
-0.6,0.85,-0.47
-0.23,0.85,-0.23
-0.19,0.85,-0.25
-0.16,0.85,-0.28
-0.12,0.85,-0.3
-0.08,0.85,-0.32
-0.04,0.85,-0.33
0.0,0.85,-0.34
0.05,0.85,-0.35
0.1,0.85,-0.36
0.15,0.85,-0.36
0.2,0.85,-0.35
0.4,0.85,-0.51
0.54,0.85,-0.54
0.67,0.85,-0.51
0.77,0.85,-0.44
0.84,0.85,-0.34
0.88,0.85,-0.23
0.87,0.85,-0.11
0.84,0.82,0.0
0.79,0.82,0.1
0.74,0.82,0.2
0.68,0.82,0.28
0.61,0.82,0.35
0.53,0.82,0.41
0.44,0.82,0.44
0.37,0.82,0.48
0.3,0.82,0.52
0.23,0.82,0.55
0.15,0.82,0.57
0.07,0.82,0.57
-0.0,0.82,0.57
-0.08,0.82,0.59
-0.16,0.82,0.58
-0.23,0.82,0.55
-0.29,0.82,0.5
-0.34,0.82,0.44
-0.49,0.82,0.49
-0.61,0.82,0.47
-0.71,0.82,0.41
-0.8,0.82,0.33
-0.87,0.82,0.23
-0.91,0.82,0.12
-0.93,0.82,-0.0
-0.96,0.82,-0.13
-0.94,0.82,-0.26
-0.88,0.82,-0.37
-0.77,0.82,-0.44
-0.61,0.82,-0.47
-0.2,0.82,-0.2
-0.17,0.82,-0.22
-0.14,0.82,-0.24
-0.11,0.82,-0.26
-0.07,0.82,-0.28
-0.04,0.82,-0.29
0.0,0.82,-0.3
0.04,0.82,-0.31
0.09,0.82,-0.32
0.13,0.82,-0.32
0.18,0.82,-0.31
0.4,0.82,-0.52
0.55,0.82,-0.55
0.68,0.82,-0.52
0.78,0.82,-0.45
0.85,0.82,-0.35
0.88,0.82,-0.23
0.87,0.82,-0.11
0.85,0.79,0.0
0.81,0.79,0.11
0.76,0.79,0.2
0.7,0.79,0.29
0.61,0.79,0.35
0.52,0.79,0.4
0.43,0.79,0.43
0.34,0.79,0.45
0.28,0.79,0.48
0.21,0.79,0.51
0.14,0.79,0.52
0.07,0.79,0.52
-0.0,0.79,0.54
-0.07,0.79,0.56
-0.15,0.79,0.55
-0.22,0.79,0.52
-0.28,0.79,0.48
-0.32,0.79,0.41
-0.47,0.79,0.46
-0.59,0.79,0.45
-0.7,0.79,0.4
-0.8,0.79,0.33
-0.87,0.79,0.23
-0.91,0.79,0.12
-0.94,0.79,-0.0
-0.97,0.79,-0.13
-0.95,0.79,-0.26
-0.89,0.79,-0.37
-0.78,0.79,-0.45
-0.63,0.79,-0.48
-0.17,0.79,-0.17
-0.14,0.79,-0.18
-0.12,0.79,-0.2
-0.09,0.79,-0.22
-0.06,0.79,-0.23
-0.03,0.79,-0.25
0.0,0.79,-0.26
0.04,0.79,-0.27
0.07,0.79,-0.27
0.11,0.79,-0.27
0.16,0.79,-0.27
0.41,0.79,-0.53
0.56,0.79,-0.55
0.68,0.79,-0.52
0.78,0.79,-0.45
0.85,0.79,-0.35
0.89,0.79,-0.23
0.88,0.79,-0.11
0.86,0.77,-0.0
0.82,0.77,0.11
0.77,0.77,0.21
0.71,0.77,0.3
0.63,0.77,0.36
0.51,0.77,0.39
0.42,0.77,0.42
0.33,0.77,0.43
0.25,0.77,0.44
0.19,0.77,0.46
0.13,0.77,0.47
0.06,0.77,0.47
-0.0,0.77,0.51
-0.07,0.77,0.53
-0.14,0.77,0.52
-0.2,0.77,0.49
-0.26,0.77,0.44
-0.29,0.77,0.38
-0.44,0.77,0.44
-0.58,0.77,0.45
-0.71,0.77,0.41
-0.8,0.77,0.33
-0.86,0.77,0.23
-0.91,0.77,0.12
-0.95,0.77,-0.0
-0.98,0.77,-0.13
-0.96,0.77,-0.26
-0.89,0.77,-0.37
-0.78,0.77,-0.46
-0.64,0.77,-0.49
-0.41,0.77,-0.41
-0.11,0.77,-0.15
-0.09,0.77,-0.16
-0.07,0.77,-0.17
-0.05,0.77,-0.18
-0.02,0.77,-0.19
0.0,0.77,-0.2
0.03,0.77,-0.21
0.06,0.77,-0.22
0.09,0.77,-0.22
0.13,0.77,-0.22
0.41,0.77,-0.53
0.56,0.77,-0.55
0.68,0.77,-0.52
0.79,0.77,-0.45
0.86,0.77,-0.35
0.89,0.77,-0.23
0.88,0.77,-0.11
0.86,0.74,0.0
0.83,0.74,0.11
0.79,0.74,0.21
0.73,0.74,0.3
0.64,0.74,0.37
0.53,0.74,0.41
0.4,0.74,0.4
0.31,0.74,0.4
0.22,0.74,0.38
0.16,0.74,0.4
0.11,0.74,0.4
0.05,0.74,0.41
-0.0,0.74,0.46
-0.06,0.74,0.48
-0.13,0.74,0.48
-0.19,0.74,0.45
-0.23,0.74,0.4
-0.26,0.74,0.33
-0.43,0.74,0.42
-0.61,0.74,0.46
-0.73,0.74,0.42
-0.82,0.74,0.34
-0.88,0.74,0.23
-0.92,0.74,0.12
-0.96,0.74,-0.0
-0.99,0.74,-0.13
-0.97,0.74,-0.26
-0.9,0.74,-0.38
-0.79,0.74,-0.46
-0.64,0.74,-0.5
-0.44,0.74,-0.44
-0.08,0.74,-0.11
-0.06,0.74,-0.1
-0.04,0.74,-0.11
-0.03,0.74,-0.12
-0.02,0.74,-0.12
0.0,0.74,-0.13
0.02,0.74,-0.14
0.04,0.74,-0.14
0.06,0.74,-0.15
0.09,0.74,-0.15
0.41,0.74,-0.53
0.56,0.74,-0.55
0.68,0.74,-0.52
0.79,0.74,-0.45
0.86,0.74,-0.35
0.89,0.74,-0.23
0.88,0.74,-0.11
0.87,0.71,0.0
0.84,0.71,0.11
0.8,0.71,0.21
0.74,0.71,0.31
0.66,0.71,0.38
0.55,0.71,0.42
0.41,0.71,0.41
0.29,0.71,0.38
0.18,0.71,0.32
0.13,0.71,0.31
0.08,0.71,0.31
0.04,0.71,0.3
-0.0,0.71,0.36
-0.05,0.71,0.41
-0.11,0.71,0.41
-0.16,0.71,0.38
-0.19,0.71,0.32
-0.19,0.71,0.25
-0.46,0.71,0.46
-0.63,0.71,0.48
-0.75,0.71,0.43
-0.84,0.71,0.35
-0.89,0.71,0.24
-0.93,0.71,0.12
-0.97,0.71,-0.0
-0.99,0.71,-0.13
-0.97,0.71,-0.26
-0.9,0.71,-0.38
-0.79,0.71,-0.46
-0.65,0.71,-0.5
-0.45,0.71,-0.45
-0.01,0.71,-0.02
-0.01,0.71,-0.02
-0.01,0.71,-0.02
-0.01,0.71,-0.02
-0.0,0.71,-0.02
0.0,0.71,-0.03
0.0,0.71,-0.03
0.01,0.71,-0.03
0.02,0.71,-0.04
0.02,0.71,-0.04
0.41,0.71,-0.53
0.56,0.71,-0.55
0.68,0.71,-0.52
0.79,0.71,-0.45
0.86,0.71,-0.35
0.89,0.71,-0.23
0.88,0.71,-0.11
0.87,0.68,0.0
0.84,0.68,0.11
0.81,0.68,0.22
0.75,0.68,0.31
0.67,0.68,0.39
0.56,0.68,0.43
0.43,0.68,0.43
0.27,0.68,0.35
-2.5,0.68,-4.33
-1.91,0.68,-4.62
-1.29,0.68,-4.83
-0.65,0.68,-4.96
0.01,0.68,-5.0
0.66,0.68,-4.96
1.3,0.68,-4.83
1.92,0.68,-4.62
2.51,0.68,-4.33
0.18,0.68,-0.23
-0.48,0.68,0.48
-0.64,0.68,0.49
-0.76,0.68,0.44
-0.85,0.68,0.35
-0.9,0.68,0.24
-0.94,0.68,0.12
-0.97,0.68,-0.0
-0.99,0.68,-0.13
-0.97,0.68,-0.26
-0.9,0.68,-0.38
-0.8,0.68,-0.46
-0.65,0.68,-0.5
-0.45,0.68,-0.45
0.11,0.68,0.14
2.49,0.68,4.34
1.9,0.68,4.63
1.28,0.68,4.83
0.64,0.68,4.96
-0.02,0.68,5.0
-0.67,0.68,4.95
-1.31,0.68,4.82
-1.93,0.68,4.61
-2.52,0.68,4.32
0.41,0.68,-0.53
0.55,0.68,-0.55
0.68,0.68,-0.52
0.78,0.68,-0.45
0.85,0.68,-0.35
0.89,0.68,-0.23
0.88,0.68,-0.11
0.87,0.66,-0.0
0.85,0.66,0.11
0.82,0.66,0.22
0.76,0.66,0.32
0.68,0.66,0.39
0.58,0.66,0.45
0.45,0.66,0.45
0.29,0.66,0.38
-2.5,0.66,-4.33
-1.91,0.66,-4.62
-1.29,0.66,-4.83
-0.65,0.66,-4.96
0.01,0.66,-5.0
0.66,0.66,-4.96
1.3,0.66,-4.83
1.92,0.66,-4.62
2.51,0.66,-4.33
0.18,0.66,-0.24
-0.5,0.66,0.5
-0.65,0.66,0.5
-0.77,0.66,0.44
-0.86,0.66,0.35
-0.91,0.66,0.24
-0.94,0.66,0.12
-0.97,0.66,-0.0
-0.99,0.66,-0.13
-0.97,0.66,-0.26
-0.9,0.66,-0.38
-0.79,0.66,-0.46
-0.65,0.66,-0.5
-0.45,0.66,-0.45
0.15,0.66,0.2
2.49,0.66,4.34
1.9,0.66,4.63
1.28,0.66,4.83
0.64,0.66,4.96
-0.02,0.66,5.0
-0.67,0.66,4.95
-1.31,0.66,4.82
-1.93,0.66,4.61
-2.52,0.66,4.32
0.4,0.66,-0.52
0.55,0.66,-0.54
0.67,0.66,-0.51
0.78,0.66,-0.44
0.85,0.66,-0.35
0.88,0.66,-0.23
0.88,0.66,-0.11
0.87,0.63,-0.0
0.85,0.63,0.11
0.82,0.63,0.22
0.77,0.63,0.32
0.7,0.63,0.4
0.6,0.63,0.46
0.48,0.63,0.48
0.32,0.63,0.41
-2.5,0.63,-4.33
-1.91,0.63,-4.62
-1.29,0.63,-4.83
-0.65,0.63,-4.96
0.01,0.63,-5.0
0.66,0.63,-4.96
1.3,0.63,-4.83
1.92,0.63,-4.62
2.51,0.63,-4.33
0.19,0.63,-0.25
-0.53,0.63,0.53
-0.67,0.63,0.51
-0.78,0.63,0.45
-0.87,0.63,0.36
-0.92,0.63,0.24
-0.95,0.63,0.12
-0.97,0.63,-0.0
-0.99,0.63,-0.13
-0.97,0.63,-0.26
-0.9,0.63,-0.38
-0.79,0.63,-0.46
-0.64,0.63,-0.5
-0.44,0.63,-0.44
0.15,0.63,0.2
2.49,0.63,4.34
1.9,0.63,4.63
1.28,0.63,4.83
0.64,0.63,4.96
-0.02,0.63,5.0
-0.67,0.63,4.95
-1.31,0.63,4.82
-1.93,0.63,4.61
-2.52,0.63,4.32
0.39,0.63,-0.5
0.54,0.63,-0.53
0.67,0.63,-0.51
0.77,0.63,-0.44
0.84,0.63,-0.34
0.87,0.63,-0.23
0.87,0.63,-0.11
0.87,0.6,-0.0
0.85,0.6,0.11
0.83,0.6,0.22
0.78,0.6,0.32
0.72,0.6,0.41
0.62,0.6,0.48
0.5,0.6,0.5
0.36,0.6,0.47
-2.5,0.6,-4.33
-1.91,0.6,-4.62
-1.29,0.6,-4.83
-0.65,0.6,-4.96
0.01,0.6,-5.0
0.66,0.6,-4.96
1.3,0.6,-4.83
1.92,0.6,-4.62
2.51,0.6,-4.33
-0.35,0.6,0.46
-0.55,0.6,0.55
-0.69,0.6,0.52
-0.79,0.6,0.46
-0.87,0.6,0.36
-0.92,0.6,0.25
-0.95,0.6,0.12
-0.97,0.6,-0.0
-0.98,0.6,-0.13
-0.96,0.6,-0.26
-0.9,0.6,-0.37
-0.79,0.6,-0.46
-0.64,0.6,-0.49
-0.42,0.6,-0.42
0.15,0.6,0.19
2.49,0.6,4.34
1.9,0.6,4.63
1.28,0.6,4.83
0.64,0.6,4.96
-0.02,0.6,5.0
-0.67,0.6,4.95
-1.31,0.6,4.82
-1.93,0.6,4.61
-2.52,0.6,4.32
0.37,0.6,-0.48
0.53,0.6,-0.52
0.66,0.6,-0.5
0.76,0.6,-0.43
0.83,0.6,-0.34
0.86,0.6,-0.23
0.87,0.6,-0.11
0.86,0.58,0.0
0.85,0.58,0.11
0.83,0.58,0.22
0.79,0.58,0.33
0.73,0.58,0.42
0.64,0.58,0.49
0.52,0.58,0.52
0.38,0.58,0.49
-2.5,0.58,-4.33
-1.91,0.58,-4.62
-1.29,0.58,-4.83
-0.65,0.58,-4.96
0.01,0.58,-5.0
0.66,0.58,-4.96
1.3,0.58,-4.83
1.92,0.58,-4.62
2.51,0.58,-4.33
-0.39,0.58,0.5
-0.56,0.58,0.56
-0.7,0.58,0.53
-0.8,0.58,0.46
-0.88,0.58,0.36
-0.93,0.58,0.25
-0.95,0.58,0.12
-0.97,0.58,-0.0
-0.97,0.58,-0.13
-0.95,0.58,-0.26
-0.89,0.58,-0.37
-0.78,0.58,-0.45
-0.63,0.58,-0.49
0.13,0.58,0.13
0.15,0.58,0.19
2.49,0.58,4.34
1.9,0.58,4.63
1.28,0.58,4.83
0.64,0.58,4.96
-0.02,0.58,5.0
-0.67,0.58,4.95
-1.31,0.58,4.82
-1.93,0.58,4.61
-2.52,0.58,4.32
0.35,0.58,-0.45
0.51,0.58,-0.51
0.64,0.58,-0.49
0.75,0.58,-0.43
0.82,0.58,-0.33
0.85,0.58,-0.22
0.86,0.58,-0.11
0.86,0.55,-0.0
0.85,0.55,0.11
0.83,0.55,0.22
0.8,0.55,0.33
0.74,0.55,0.43
0.65,0.55,0.5
0.53,0.55,0.53
0.39,0.55,0.51
-2.5,0.55,-4.33
-1.91,0.55,-4.62
-1.29,0.55,-4.83
-0.65,0.55,-4.96
0.01,0.55,-5.0
0.66,0.55,-4.96
1.3,0.55,-4.83
1.92,0.55,-4.62
2.51,0.55,-4.33
-0.4,0.55,0.52
-0.57,0.55,0.57
-0.71,0.55,0.54
-0.81,0.55,0.47
-0.88,0.55,0.36
-0.93,0.55,0.25
-0.95,0.55,0.12
-0.96,0.55,-0.0
-0.96,0.55,-0.13
-0.94,0.55,-0.26
-0.88,0.55,-0.37
-0.77,0.55,-0.45
-0.62,0.55,-0.48
0.14,0.55,0.14
0.15,0.55,0.2
2.49,0.55,4.34
1.9,0.55,4.63
1.28,0.55,4.83
0.64,0.55,4.96
-0.02,0.55,5.0
-0.67,0.55,4.95
-1.31,0.55,4.82
-1.93,0.55,4.61
-2.52,0.55,4.32
-0.24,0.55,0.31
0.5,0.55,-0.5
0.63,0.55,-0.48
0.73,0.55,-0.42
0.8,0.55,-0.33
0.83,0.55,-0.22
0.85,0.55,-0.11
0.88,0.52,-0.0
0.87,0.52,0.11
0.85,0.52,0.23
0.81,0.52,0.34
0.75,0.52,0.43
0.65,0.52,0.5
0.54,0.52,0.54
0.4,0.52,0.52
0.24,0.52,0.42
-1.91,0.52,-4.62
-1.29,0.52,-4.83
-0.65,0.52,-4.96
0.01,0.52,-5.0
0.66,0.52,-4.96
1.3,0.52,-4.83
1.92,0.52,-4.62
2.51,0.52,-4.33
-0.41,0.52,0.54
-0.58,0.52,0.58
-0.71,0.52,0.55
-0.82,0.52,0.47
-0.89,0.52,0.37
-0.92,0.52,0.25
-0.94,0.52,0.12
-0.95,0.52,-0.0
-0.95,0.52,-0.13
-0.93,0.52,-0.25
-0.87,0.52,-0.36
-0.76,0.52,-0.44
-0.6,0.52,-0.47
0.14,0.52,0.14
0.15,0.52,0.2
0.18,0.52,0.31
1.9,0.52,4.63
1.28,0.52,4.83
0.64,0.52,4.96
-0.02,0.52,5.0
-0.67,0.52,4.95
-1.31,0.52,4.82
-1.93,0.52,4.61
-2.52,0.52,4.32
-0.23,0.52,0.3
0.47,0.52,-0.47
0.61,0.52,-0.46
0.71,0.52,-0.41
0.78,0.52,-0.32
0.84,0.52,-0.22
0.87,0.52,-0.11
0.9,0.49,0.0
0.88,0.49,0.12
0.86,0.49,0.23
0.82,0.49,0.34
0.75,0.49,0.44
0.66,0.49,0.51
0.54,0.49,0.54
0.41,0.49,0.53
0.26,0.49,0.45
-1.91,0.49,-4.62
-1.29,0.49,-4.83
-0.65,0.49,-4.96
0.01,0.49,-5.0
0.66,0.49,-4.96
1.3,0.49,-4.83
1.92,0.49,-4.62
2.51,0.49,-4.33
-0.42,0.49,0.55
-0.58,0.49,0.58
-0.72,0.49,0.55
-0.82,0.49,0.47
-0.9,0.49,0.37
-0.93,0.49,0.25
-0.94,0.49,0.12
-0.94,0.49,-0.0
-0.94,0.49,-0.13
-0.92,0.49,-0.25
-0.85,0.49,-0.36
-0.74,0.49,-0.43
-0.58,0.49,-0.45
0.14,0.49,0.14
0.15,0.49,0.2
0.16,0.49,0.28
1.9,0.49,4.63
1.28,0.49,4.83
0.64,0.49,4.96
-0.02,0.49,5.0
-0.67,0.49,4.95
-1.31,0.49,4.82
-1.93,0.49,4.61
-2.52,0.49,4.32
-0.22,0.49,0.28
0.42,0.49,-0.41
0.58,0.49,-0.44
0.68,0.49,-0.39
0.78,0.49,-0.32
0.87,0.49,-0.23
0.9,0.49,-0.11
0.91,0.47,-0.0
0.89,0.47,0.12
0.86,0.47,0.23
0.83,0.47,0.34
0.76,0.47,0.44
0.67,0.47,0.51
0.55,0.47,0.55
0.42,0.47,0.54
0.27,0.47,0.47
-1.91,0.47,-4.62
-1.29,0.47,-4.83
-0.65,0.47,-4.96
0.01,0.47,-5.0
0.66,0.47,-4.96
1.3,0.47,-4.83
1.92,0.47,-4.62
2.51,0.47,-4.33
-0.42,0.47,0.55
-0.58,0.47,0.58
-0.72,0.47,0.55
-0.83,0.47,0.48
-0.9,0.47,0.37
-0.93,0.47,0.25
-0.95,0.47,0.12
-0.94,0.47,-0.0
-0.93,0.47,-0.12
-0.9,0.47,-0.24
-0.84,0.47,-0.35
-0.73,0.47,-0.42
-0.55,0.47,-0.43
0.15,0.47,0.15
0.15,0.47,0.19
0.15,0.47,0.27
1.9,0.47,4.63
1.28,0.47,4.83
0.64,0.47,4.96
-0.02,0.47,5.0
-0.67,0.47,4.95
-1.31,0.47,4.82
-1.93,0.47,4.61
-2.52,0.47,4.32
-0.22,0.47,0.28
-0.21,0.47,0.21
0.55,0.47,-0.42
0.68,0.47,-0.39
0.81,0.47,-0.33
0.89,0.47,-0.23
0.92,0.47,-0.12
0.93,0.44,0.0
0.9,0.44,0.12
0.87,0.44,0.23
0.83,0.44,0.34
0.77,0.44,0.44
0.67,0.44,0.52
0.56,0.44,0.56
0.42,0.44,0.55
0.28,0.44,0.48
-1.91,0.44,-4.62
-1.29,0.44,-4.83
-0.65,0.44,-4.96
0.01,0.44,-5.0
0.66,0.44,-4.96
1.3,0.44,-4.83
1.92,0.44,-4.62
2.51,0.44,-4.33
-0.44,0.44,0.57
-0.59,0.44,0.59
-0.73,0.44,0.56
-0.83,0.44,0.48
-0.9,0.44,0.37
-0.94,0.44,0.25
-0.95,0.44,0.12
-0.95,0.44,-0.0
-0.94,0.44,-0.13
-0.9,0.44,-0.24
-0.81,0.44,-0.34
-0.69,0.44,-0.4
0.15,0.44,0.12
0.15,0.44,0.15
0.14,0.44,0.19
0.15,0.44,0.26
1.9,0.44,4.63
1.28,0.44,4.83
0.64,0.44,4.96
-0.02,0.44,5.0
-0.67,0.44,4.95
-1.31,0.44,4.82
-1.93,0.44,4.61
-2.52,0.44,4.32
-0.21,0.44,0.28
-0.21,0.44,0.21
0.49,0.44,-0.37
0.71,0.44,-0.4
0.83,0.44,-0.34
0.91,0.44,-0.24
0.94,0.44,-0.12
0.94,0.41,-0.0
0.91,0.41,0.12
0.88,0.41,0.23
0.83,0.41,0.34
0.77,0.41,0.44
0.67,0.41,0.52
0.56,0.41,0.56
0.42,0.41,0.55
0.28,0.41,0.48
-1.91,0.41,-4.62
-1.29,0.41,-4.83
-0.65,0.41,-4.96
0.01,0.41,-5.0
0.66,0.41,-4.96
1.3,0.41,-4.83
1.92,0.41,-4.62
2.51,0.41,-4.33
-0.44,0.41,0.57
-0.59,0.41,0.59
-0.73,0.41,0.56
-0.83,0.41,0.48
-0.9,0.41,0.37
-0.94,0.41,0.25
-0.96,0.41,0.12
-0.97,0.41,-0.0
-0.96,0.41,-0.13
-0.92,0.41,-0.25
-0.83,0.41,-0.35
-0.68,0.41,-0.4
0.15,0.41,0.12
0.15,0.41,0.15
0.14,0.41,0.19
0.15,0.41,0.25
1.9,0.41,4.63
1.28,0.41,4.83
0.64,0.41,4.96
-0.02,0.41,5.0
-0.67,0.41,4.95
-1.31,0.41,4.82
-1.93,0.41,4.61
-2.52,0.41,4.32
-0.21,0.41,0.28
-0.21,0.41,0.21
0.53,0.41,-0.41
0.73,0.41,-0.42
0.85,0.41,-0.35
0.93,0.41,-0.24
0.96,0.41,-0.12
0.96,0.38,0.0
0.92,0.38,0.12
0.88,0.38,0.24
0.83,0.38,0.34
0.77,0.38,0.44
0.67,0.38,0.52
0.56,0.38,0.56
0.42,0.38,0.55
0.28,0.38,0.48
-1.91,0.38,-4.62
-1.29,0.38,-4.83
-0.65,0.38,-4.96
0.01,0.38,-5.0
0.66,0.38,-4.96
1.3,0.38,-4.83
1.92,0.38,-4.62
2.51,0.38,-4.33
-0.43,0.38,0.56
-0.59,0.38,0.59
-0.73,0.38,0.56
-0.83,0.38,0.48
-0.9,0.38,0.37
-0.94,0.38,0.25
-0.96,0.38,0.12
-0.98,0.38,-0.0
-0.97,0.38,-0.13
-0.93,0.38,-0.25
-0.84,0.38,-0.35
-0.7,0.38,-0.41
0.15,0.38,0.12
0.15,0.38,0.15
0.14,0.38,0.19
0.15,0.38,0.25
1.9,0.38,4.63
1.28,0.38,4.83
0.64,0.38,4.96
-0.02,0.38,5.0
-0.67,0.38,4.95
-1.31,0.38,4.82
-1.93,0.38,4.61
-2.52,0.38,4.32
-0.22,0.38,0.28
-0.21,0.38,0.21
0.57,0.38,-0.43
0.74,0.38,-0.43
0.87,0.38,-0.35
0.94,0.38,-0.25
0.97,0.38,-0.12
0.97,0.36,0.0
0.93,0.36,0.12
0.88,0.36,0.24
0.83,0.36,0.34
0.76,0.36,0.44
0.67,0.36,0.52
0.55,0.36,0.55
0.42,0.36,0.55
0.27,0.36,0.48
-1.91,0.36,-4.62
-1.29,0.36,-4.83
-0.65,0.36,-4.96
0.01,0.36,-5.0
0.66,0.36,-4.96
1.3,0.36,-4.83
1.92,0.36,-4.62
2.51,0.36,-4.33
-0.43,0.36,0.56
-0.59,0.36,0.59
-0.72,0.36,0.55
-0.83,0.36,0.48
-0.9,0.36,0.37
-0.94,0.36,0.25
-0.97,0.36,0.13
-0.98,0.36,-0.0
-0.99,0.36,-0.13
-0.94,0.36,-0.26
-0.86,0.36,-0.36
-0.72,0.36,-0.42
-0.51,0.36,-0.39
0.15,0.36,0.15
0.14,0.36,0.19
0.15,0.36,0.26
1.9,0.36,4.63
1.28,0.36,4.83
0.64,0.36,4.96
-0.02,0.36,5.0
-0.67,0.36,4.95
-1.31,0.36,4.82
-1.93,0.36,4.61
-2.52,0.36,4.32
-0.22,0.36,0.29
-0.22,0.36,0.22
0.59,0.36,-0.45
0.76,0.36,-0.43
0.88,0.36,-0.36
0.95,0.36,-0.25
0.98,0.36,-0.12
0.97,0.33,0.0
0.93,0.33,0.12
0.88,0.33,0.24
0.83,0.33,0.34
0.76,0.33,0.44
0.67,0.33,0.51
0.55,0.33,0.55
0.42,0.33,0.54
0.27,0.33,0.46
-1.91,0.33,-4.62
-1.29,0.33,-4.83
-0.65,0.33,-4.96
0.01,0.33,-5.0
0.66,0.33,-4.96
1.3,0.33,-4.83
1.92,0.33,-4.62
2.51,0.33,-4.33
-0.42,0.33,0.54
-0.58,0.33,0.58
-0.72,0.33,0.55
-0.82,0.33,0.47
-0.89,0.33,0.37
-0.94,0.33,0.25
-0.97,0.33,0.13
-0.99,0.33,-0.0
-1.0,0.33,-0.13
-0.95,0.33,-0.26
-0.86,0.33,-0.36
-0.73,0.33,-0.42
-0.54,0.33,-0.41
0.15,0.33,0.15
0.15,0.33,0.2
0.16,0.33,0.27
1.9,0.33,4.63
1.28,0.33,4.83
0.64,0.33,4.96
-0.02,0.33,5.0
-0.67,0.33,4.95
-1.31,0.33,4.82
-1.93,0.33,4.61
-2.52,0.33,4.32
-0.23,0.33,0.3
-0.22,0.33,0.22
0.6,0.33,-0.46
0.77,0.33,-0.44
0.89,0.33,-0.36
0.96,0.33,-0.25
0.99,0.33,-0.13
0.98,0.3,0.0
0.93,0.3,0.12
0.88,0.3,0.24
0.82,0.3,0.34
0.75,0.3,0.44
0.66,0.3,0.51
0.54,0.3,0.54
0.41,0.3,0.53
0.25,0.3,0.44
-1.91,0.3,-4.62
-1.29,0.3,-4.83
-0.65,0.3,-4.96
0.01,0.3,-5.0
0.66,0.3,-4.96
1.3,0.3,-4.83
1.92,0.3,-4.62
2.51,0.3,-4.33
-0.41,0.3,0.53
-0.57,0.3,0.57
-0.71,0.3,0.54
-0.81,0.3,0.47
-0.88,0.3,0.36
-0.93,0.3,0.25
-0.97,0.3,0.13
-1.0,0.3,-0.0
-1.0,0.3,-0.13
-0.96,0.3,-0.26
-0.87,0.3,-0.36
-0.74,0.3,-0.43
-0.55,0.3,-0.43
0.16,0.3,0.16
0.16,0.3,0.21
0.17,0.3,0.3
1.9,0.3,4.63
1.28,0.3,4.83
0.64,0.3,4.96
-0.02,0.3,5.0
-0.67,0.3,4.95
-1.31,0.3,4.82
-1.93,0.3,4.61
-2.52,0.3,4.32
-0.24,0.3,0.31
-0.23,0.3,0.23
0.61,0.3,-0.46
0.77,0.3,-0.44
0.89,0.3,-0.37
0.97,0.3,-0.25
1.0,0.3,-0.13
0.98,0.27,0.0
0.93,0.27,0.12
0.88,0.27,0.23
0.81,0.27,0.34
0.75,0.27,0.43
0.65,0.27,0.5
0.53,0.27,0.53
0.4,0.27,0.52
0.23,0.27,0.39
-1.91,0.27,-4.62
-1.29,0.27,-4.83
-0.65,0.27,-4.96
0.01,0.27,-5.0
0.66,0.27,-4.96
1.3,0.27,-4.83
1.92,0.27,-4.62
2.51,0.27,-4.33
-0.39,0.27,0.5
-0.56,0.27,0.56
-0.7,0.27,0.53
-0.8,0.27,0.46
-0.87,0.27,0.36
-0.93,0.27,0.25
-0.97,0.27,0.13
-1.0,0.27,-0.0
-1.01,0.27,-0.14
-0.96,0.27,-0.26
-0.88,0.27,-0.37
-0.75,0.27,-0.43
-0.56,0.27,-0.43
0.17,0.27,0.17
0.17,0.27,0.22
0.2,0.27,0.36
1.9,0.27,4.63
1.28,0.27,4.83
0.64,0.27,4.96
-0.02,0.27,5.0
-0.67,0.27,4.95
-1.31,0.27,4.82
-1.93,0.27,4.61
-2.52,0.27,4.32
-0.26,0.27,0.34
-0.24,0.27,0.24
0.62,0.27,-0.47
0.78,0.27,-0.44
0.9,0.27,-0.37
0.97,0.27,-0.26
1.0,0.27,-0.13
0.99,0.25,0.0
0.93,0.25,0.12
0.87,0.25,0.23
0.81,0.25,0.33
0.73,0.25,0.42
0.64,0.25,0.49
0.52,0.25,0.52
0.39,0.25,0.5
-2.5,0.25,-4.33
-1.91,0.25,-4.62
-1.29,0.25,-4.83
-0.65,0.25,-4.96
0.01,0.25,-5.0
0.66,0.25,-4.96
1.3,0.25,-4.83
1.92,0.25,-4.62
2.51,0.25,-4.33
-0.35,0.25,0.45
-0.55,0.25,0.54
-0.69,0.25,0.52
-0.79,0.25,0.45
-0.86,0.25,0.36
-0.92,0.25,0.24
-0.97,0.25,0.12
-1.0,0.25,-0.0
-1.01,0.25,-0.14
-0.97,0.25,-0.26
-0.88,0.25,-0.37
-0.75,0.25,-0.43
-0.57,0.25,-0.44
0.18,0.25,0.18
0.18,0.25,0.24
2.49,0.25,4.34
1.9,0.25,4.63
1.28,0.25,4.83
0.64,0.25,4.96
-0.02,0.25,5.0
-0.67,0.25,4.95
-1.31,0.25,4.82
-1.93,0.25,4.61
-2.52,0.25,4.32
-0.3,0.25,0.39
-0.26,0.25,0.26
0.62,0.25,-0.47
0.78,0.25,-0.45
0.9,0.25,-0.37
0.97,0.25,-0.26
1.0,0.25,-0.13
0.99,0.22,-0.0
0.93,0.22,0.12
0.86,0.22,0.23
0.79,0.22,0.33
0.72,0.22,0.42
0.63,0.22,0.48
0.51,0.22,0.51
0.37,0.22,0.48
-2.5,0.22,-4.33
-1.91,0.22,-4.62
-1.29,0.22,-4.83
-0.65,0.22,-4.96
0.01,0.22,-5.0
0.66,0.22,-4.96
1.3,0.22,-4.83
1.92,0.22,-4.62
2.51,0.22,-4.33
3.05,0.22,-3.96
-0.53,0.22,0.52
-0.67,0.22,0.51
-0.78,0.22,0.45
-0.85,0.22,0.35
-0.91,0.22,0.24
-0.96,0.22,0.12
-1.0,0.22,-0.0
-1.01,0.22,-0.14
-0.97,0.22,-0.26
-0.88,0.22,-0.37
-0.75,0.22,-0.43
-0.57,0.22,-0.44
0.19,0.22,0.19
0.2,0.22,0.26
2.49,0.22,4.34
1.9,0.22,4.63
1.28,0.22,4.83
0.64,0.22,4.96
-0.02,0.22,5.0
-0.67,0.22,4.95
-1.31,0.22,4.82
-1.93,0.22,4.61
-2.52,0.22,4.32
-3.06,0.22,3.95
-0.28,0.22,0.28
0.62,0.22,-0.47
0.78,0.22,-0.45
0.9,0.22,-0.37
0.97,0.22,-0.26
1.0,0.22,-0.13
0.98,0.19,-0.0
0.92,0.19,0.12
0.85,0.19,0.23
0.78,0.19,0.32
0.71,0.19,0.41
0.61,0.19,0.47
0.49,0.19,0.49
0.34,0.19,0.44
-2.5,0.19,-4.33
-1.91,0.19,-4.62
-1.29,0.19,-4.83
-0.65,0.19,-4.96
0.01,0.19,-5.0
0.66,0.19,-4.96
1.3,0.19,-4.83
1.92,0.19,-4.62
2.51,0.19,-4.33
3.05,0.19,-3.96
-0.5,0.19,0.5
-0.65,0.19,0.5
-0.76,0.19,0.43
-0.83,0.19,0.34
-0.9,0.19,0.24
-0.96,0.19,0.12
-1.0,0.19,-0.0
-1.01,0.19,-0.14
-0.97,0.19,-0.26
-0.88,0.19,-0.37
-0.75,0.19,-0.43
-0.56,0.19,-0.43
0.21,0.19,0.21
0.23,0.19,0.3
2.49,0.19,4.34
1.9,0.19,4.63
1.28,0.19,4.83
0.64,0.19,4.96
-0.02,0.19,5.0
-0.67,0.19,4.95
-1.31,0.19,4.82
-1.93,0.19,4.61
-2.52,0.19,4.32
-3.06,0.19,3.95
-0.31,0.19,0.3
0.62,0.19,-0.47
0.78,0.19,-0.44
0.9,0.19,-0.37
0.97,0.19,-0.26
1.0,0.19,-0.13
0.98,0.16,-0.0
0.92,0.16,0.12
0.84,0.16,0.23
0.77,0.16,0.32
0.69,0.16,0.4
0.59,0.16,0.45
0.47,0.16,0.47
-3.04,0.16,-3.97
-2.5,0.16,-4.33
-1.91,0.16,-4.62
-1.29,0.16,-4.83
-0.65,0.16,-4.96
0.01,0.16,-5.0
0.66,0.16,-4.96
1.3,0.16,-4.83
1.92,0.16,-4.62
2.51,0.16,-4.33
3.05,0.16,-3.96
-0.45,0.16,0.45
-0.62,0.16,0.48
-0.73,0.16,0.42
-0.82,0.16,0.34
-0.89,0.16,0.24
-0.95,0.16,0.12
-1.0,0.16,-0.0
-1.0,0.16,-0.13
-0.96,0.16,-0.26
-0.87,0.16,-0.36
-0.74,0.16,-0.43
-0.56,0.16,-0.43
0.24,0.16,0.24
3.03,0.16,3.98
2.49,0.16,4.34
1.9,0.16,4.63
1.28,0.16,4.83
0.64,0.16,4.96
-0.02,0.16,5.0
-0.67,0.16,4.95
-1.31,0.16,4.82
-1.93,0.16,4.61
-2.52,0.16,4.32
-3.06,0.16,3.95
-0.35,0.16,0.35
0.61,0.16,-0.46
0.77,0.16,-0.44
0.89,0.16,-0.36
0.97,0.16,-0.25
1.0,0.16,-0.13
0.97,0.14,0.0
0.91,0.14,0.12
0.83,0.14,0.22
0.75,0.14,0.31
0.66,0.14,0.38
0.56,0.14,0.43
0.43,0.14,0.43
-3.04,0.14,-3.97
-2.5,0.14,-4.33
-1.91,0.14,-4.62
-1.29,0.14,-4.83
-0.65,0.14,-4.96
0.01,0.14,-5.0
0.66,0.14,-4.96
1.3,0.14,-4.83
1.92,0.14,-4.62
2.51,0.14,-4.33
3.05,0.14,-3.96
3.54,0.14,-3.53
-0.57,0.14,0.44
-0.7,0.14,0.4
-0.79,0.14,0.33
-0.87,0.14,0.23
-0.94,0.14,0.12
-0.99,0.14,-0.0
-1.0,0.14,-0.13
-0.96,0.14,-0.26
-0.87,0.14,-0.36
-0.74,0.14,-0.43
-0.54,0.14,-0.42
0.28,0.14,0.29
3.03,0.14,3.98
2.49,0.14,4.34
1.9,0.14,4.63
1.28,0.14,4.83
0.64,0.14,4.96
-0.02,0.14,5.0
-0.67,0.14,4.95
-1.31,0.14,4.82
-1.93,0.14,4.61
-2.52,0.14,4.32
-3.06,0.14,3.95
-3.55,0.14,3.52
0.6,0.14,-0.46
0.77,0.14,-0.44
0.89,0.14,-0.36
0.96,0.14,-0.25
0.99,0.14,-0.13
0.97,0.11,0.0
0.9,0.11,0.12
0.81,0.11,0.22
0.72,0.11,0.3
0.62,0.11,0.36
0.51,0.11,0.39
-3.53,0.11,-3.54
-3.04,0.11,-3.97
-2.5,0.11,-4.33
-1.91,0.11,-4.62
-1.29,0.11,-4.83
-0.65,0.11,-4.96
0.01,0.11,-5.0
0.66,0.11,-4.96
1.3,0.11,-4.83
1.92,0.11,-4.62
2.51,0.11,-4.33
3.05,0.11,-3.96
3.54,0.11,-3.53
-0.48,0.11,0.37
-0.66,0.11,0.38
-0.77,0.11,0.32
-0.85,0.11,0.23
-0.93,0.11,0.12
-0.98,0.11,-0.0
-0.99,0.11,-0.13
-0.95,0.11,-0.26
-0.86,0.11,-0.36
-0.73,0.11,-0.42
-0.52,0.11,-0.4
3.52,0.11,3.55
3.03,0.11,3.98
2.49,0.11,4.34
1.9,0.11,4.63
1.28,0.11,4.83
0.64,0.11,4.96
-0.02,0.11,5.0
-0.67,0.11,4.95
-1.31,0.11,4.82
-1.93,0.11,4.61
-2.52,0.11,4.32
-3.06,0.11,3.95
-3.55,0.11,3.52
0.59,0.11,-0.45
0.76,0.11,-0.43
0.88,0.11,-0.36
0.96,0.11,-0.25
0.99,0.11,-0.13
0.95,0.08,-0.0
0.88,0.08,0.12
0.79,0.08,0.21
0.69,0.08,0.29
0.58,0.08,0.34
0.42,0.08,0.32
-3.53,0.08,-3.54
-3.04,0.08,-3.97
-2.5,0.08,-4.33
-1.91,0.08,-4.62
-1.29,0.08,-4.83
-0.65,0.08,-4.96
0.01,0.08,-5.0
0.66,0.08,-4.96
1.3,0.08,-4.83
1.92,0.08,-4.62
2.51,0.08,-4.33
3.05,0.08,-3.96
3.54,0.08,-3.53
0.37,0.08,-0.28
-0.61,0.08,0.35
-0.74,0.08,0.3
-0.83,0.08,0.22
-0.91,0.08,0.12
-0.97,0.08,-0.0
-0.98,0.08,-0.13
-0.94,0.08,-0.25
-0.85,0.08,-0.35
-0.71,0.08,-0.41
-0.47,0.08,-0.36
3.52,0.08,3.55
3.03,0.08,3.98
2.49,0.08,4.34
1.9,0.08,4.63
1.28,0.08,4.83
0.64,0.08,4.96
-0.02,0.08,5.0
-0.67,0.08,4.95
-1.31,0.08,4.82
-1.93,0.08,4.61
-2.52,0.08,4.32
-3.06,0.08,3.95
-3.55,0.08,3.52
0.56,0.08,-0.43
0.74,0.08,-0.42
0.87,0.08,-0.35
0.94,0.08,-0.25
0.97,0.08,-0.12
0.94,0.05,-0.0
0.86,0.05,0.11
0.77,0.05,0.21
0.66,0.05,0.27
0.54,0.05,0.31
-3.97,0.05,-3.05
-3.53,0.05,-3.54
-3.04,0.05,-3.97
-2.5,0.05,-4.33
-1.91,0.05,-4.62
-1.29,0.05,-4.83
-0.65,0.05,-4.96
0.01,0.05,-5.0
0.66,0.05,-4.96
1.3,0.05,-4.83
1.92,0.05,-4.62
2.51,0.05,-4.33
3.05,0.05,-3.96
3.54,0.05,-3.53
0.4,0.05,-0.3
0.35,0.05,-0.2
-0.7,0.05,0.29
-0.81,0.05,0.21
-0.9,0.05,0.12
-0.96,0.05,-0.0
-0.97,0.05,-0.13
-0.93,0.05,-0.25
-0.84,0.05,-0.35
-0.7,0.05,-0.4
3.96,0.05,3.06
3.52,0.05,3.55
3.03,0.05,3.98
2.49,0.05,4.34
1.9,0.05,4.63
1.28,0.05,4.83
0.64,0.05,4.96
-0.02,0.05,5.0
-0.67,0.05,4.95
-1.31,0.05,4.82
-1.93,0.05,4.61
-2.52,0.05,4.32
-3.06,0.05,3.95
-3.55,0.05,3.52
0.54,0.05,-0.41
0.73,0.05,-0.42
0.85,0.05,-0.35
0.93,0.05,-0.24
0.96,0.05,-0.12
0.92,0.03,-0.0
0.84,0.03,0.11
0.73,0.03,0.2
0.6,0.03,0.25
-0.39,0.03,-0.22
-3.97,0.03,-3.05
-3.53,0.03,-3.54
-3.04,0.03,-3.97
-2.5,0.03,-4.33
-1.91,0.03,-4.62
-1.29,0.03,-4.83
-0.65,0.03,-4.96
0.01,0.03,-5.0
0.66,0.03,-4.96
1.3,0.03,-4.83
1.92,0.03,-4.62
2.51,0.03,-4.33
3.05,0.03,-3.96
3.54,0.03,-3.53
3.97,0.03,-3.04
0.37,0.03,-0.21
-0.65,0.03,0.27
-0.78,0.03,0.21
-0.87,0.03,0.11
-0.94,0.03,-0.0
-0.95,0.03,-0.13
-0.91,0.03,-0.25
-0.81,0.03,-0.34
-0.66,0.03,-0.39
3.96,0.03,3.06
3.52,0.03,3.55
3.03,0.03,3.98
2.49,0.03,4.34
1.9,0.03,4.63
1.28,0.03,4.83
0.64,0.03,4.96
-0.02,0.03,5.0
-0.67,0.03,4.95
-1.31,0.03,4.82
-1.93,0.03,4.61
-2.52,0.03,4.32
-3.06,0.03,3.95
-3.55,0.03,3.52
-3.98,0.03,3.03
0.7,0.03,-0.4
0.83,0.03,-0.34
