-4.96,1.85,-0.65
-4.83,1.85,-1.3
-4.62,1.85,-1.91
-4.33,1.85,-2.5
-3.97,1.85,-3.05
-3.53,1.85,-3.54
-3.04,1.85,-3.97
-2.5,1.85,-4.33
-1.91,1.85,-4.62
-1.29,1.85,-4.83
-0.65,1.85,-4.96
0.01,1.85,-5.0
0.66,1.85,-4.96
1.3,1.85,-4.83
1.92,1.85,-4.62
2.51,1.85,-4.33
3.05,1.85,-3.96
3.54,1.85,-3.53
3.97,1.85,-3.04
4.34,1.85,-2.49
4.62,1.85,-1.9
4.83,1.85,-1.28
4.96,1.85,-0.64
5.0,1.85,0.01
4.96,1.85,0.67
4.83,1.85,1.31
4.61,1.85,1.93
4.32,1.85,2.51
3.96,1.85,3.06
3.52,1.85,3.55
3.03,1.85,3.98
2.49,1.85,4.34
1.9,1.85,4.63
1.28,1.85,4.83
0.64,1.85,4.96
-0.02,1.85,5.0
-0.67,1.85,4.95
-1.31,1.85,4.82
-1.93,1.85,4.61
-2.52,1.85,4.32
-3.06,1.85,3.95
-3.55,1.85,3.52
-3.98,1.85,3.03
-4.34,1.85,2.48
-4.63,1.85,1.89
-4.84,1.85,1.27
-4.96,1.85,0.63
-5.0,1.83,0.0
-4.96,1.83,-0.65
-4.83,1.83,-1.3
-4.62,1.83,-1.91
-4.33,1.83,-2.5
-3.97,1.83,-3.05
-3.53,1.83,-3.54
-3.04,1.83,-3.97
-2.5,1.83,-4.33
-1.91,1.83,-4.62
-1.29,1.83,-4.83
-0.65,1.83,-4.96
0.01,1.83,-5.0
0.66,1.83,-4.96
1.3,1.83,-4.83
1.92,1.83,-4.62
2.51,1.83,-4.33
3.05,1.83,-3.96
3.54,1.83,-3.53
3.97,1.83,-3.04
4.34,1.83,-2.49
4.62,1.83,-1.9
4.83,1.83,-1.28
4.96,1.83,-0.64
5.0,1.83,0.01
4.96,1.83,0.67
4.83,1.83,1.31
4.61,1.83,1.93
4.32,1.83,2.51
3.96,1.83,3.06
3.52,1.83,3.55
3.03,1.83,3.98
2.49,1.83,4.34
1.9,1.83,4.63
1.28,1.83,4.83
0.64,1.83,4.96
-0.02,1.83,5.0
-0.67,1.83,4.95
-1.31,1.83,4.82
-1.93,1.83,4.61
-2.52,1.83,4.32
-3.06,1.83,3.95
-3.55,1.83,3.52
-3.98,1.83,3.03
-4.34,1.83,2.48
-4.63,1.83,1.89
-4.84,1.83,1.27
-4.96,1.83,0.63
-5.0,1.81,0.0
-4.96,1.81,-0.65
-4.83,1.81,-1.3
-4.62,1.81,-1.91
-4.33,1.81,-2.5
-3.97,1.81,-3.05
-3.53,1.81,-3.54
-3.04,1.81,-3.97
-2.5,1.81,-4.33
-1.91,1.81,-4.62
-1.29,1.81,-4.83
-0.65,1.81,-4.96
0.01,1.81,-5.0
0.66,1.81,-4.96
1.3,1.81,-4.83
1.92,1.81,-4.62
2.51,1.81,-4.33
3.05,1.81,-3.96
3.54,1.81,-3.53
3.97,1.81,-3.04
4.34,1.81,-2.49
4.62,1.81,-1.9
4.83,1.81,-1.28
4.96,1.81,-0.64
5.0,1.81,0.01
4.96,1.81,0.67
4.83,1.81,1.31
4.61,1.81,1.93
4.32,1.81,2.51
3.96,1.81,3.06
3.52,1.81,3.55
3.03,1.81,3.98
2.49,1.81,4.34
1.9,1.81,4.63
1.28,1.81,4.83
0.64,1.81,4.96
-0.02,1.81,5.0
-0.67,1.81,4.95
-1.31,1.81,4.82
-1.93,1.81,4.61
-2.52,1.81,4.32
-3.06,1.81,3.95
-3.55,1.81,3.52
-3.98,1.81,3.03
-4.34,1.81,2.48
-4.63,1.81,1.89
-4.84,1.81,1.27
-4.96,1.81,0.63
-5.0,1.8,0.0
-4.96,1.8,-0.65
-4.83,1.8,-1.3
-4.62,1.8,-1.91
-4.33,1.8,-2.5
-3.97,1.8,-3.05
-3.53,1.8,-3.54
-3.04,1.8,-3.97
-2.5,1.8,-4.33
-1.91,1.8,-4.62
-1.29,1.8,-4.83
-0.65,1.8,-4.96
0.01,1.8,-5.0
0.66,1.8,-4.96
1.3,1.8,-4.83
1.92,1.8,-4.62
2.51,1.8,-4.33
3.05,1.8,-3.96
3.54,1.8,-3.53
3.97,1.8,-3.04
4.34,1.8,-2.49
4.62,1.8,-1.9
4.83,1.8,-1.28
4.96,1.8,-0.64
5.0,1.8,0.01
4.96,1.8,0.67
4.83,1.8,1.31
4.61,1.8,1.93
4.32,1.8,2.51
3.96,1.8,3.06
3.52,1.8,3.55
3.03,1.8,3.98
2.49,1.8,4.34
1.9,1.8,4.63
1.28,1.8,4.83
0.64,1.8,4.96
-0.02,1.8,5.0
-0.67,1.8,4.95
-1.31,1.8,4.82
-1.93,1.8,4.61
-2.52,1.8,4.32
-3.06,1.8,3.95
-3.55,1.8,3.52
-3.98,1.8,3.03
-4.34,1.8,2.48
-4.63,1.8,1.89
-4.84,1.8,1.27
-4.96,1.8,0.63
-5.0,1.78,0.0
-4.96,1.78,-0.65
-4.83,1.78,-1.3
-4.62,1.78,-1.91
-4.33,1.78,-2.5
-3.97,1.78,-3.05
-3.53,1.78,-3.54
-3.04,1.78,-3.97
-2.5,1.78,-4.33
-1.91,1.78,-4.62
-1.29,1.78,-4.83
-0.65,1.78,-4.96
0.01,1.78,-5.0
0.66,1.78,-4.96
1.3,1.78,-4.83
1.92,1.78,-4.62
2.51,1.78,-4.33
3.05,1.78,-3.96
3.54,1.78,-3.53
3.97,1.78,-3.04
4.34,1.78,-2.49
4.62,1.78,-1.9
4.83,1.78,-1.28
4.96,1.78,-0.64
5.0,1.78,0.01
4.96,1.78,0.67
4.83,1.78,1.31
4.61,1.78,1.93
4.32,1.78,2.51
3.96,1.78,3.06
3.52,1.78,3.55
3.03,1.78,3.98
2.49,1.78,4.34
1.9,1.78,4.63
1.28,1.78,4.83
0.64,1.78,4.96
-0.02,1.78,5.0
-0.67,1.78,4.95
-1.31,1.78,4.82
-1.93,1.78,4.61
-2.52,1.78,4.32
-3.06,1.78,3.95
-3.55,1.78,3.52
-3.98,1.78,3.03
-4.34,1.78,2.48
-4.63,1.78,1.89
-4.84,1.78,1.27
-4.96,1.78,0.63
-5.0,1.76,0.0
-4.96,1.76,-0.65
-4.83,1.76,-1.3
-4.62,1.76,-1.91
-4.33,1.76,-2.5
-3.97,1.76,-3.05
-3.53,1.76,-3.54
-3.04,1.76,-3.97
-2.5,1.76,-4.33
-1.91,1.76,-4.62
-1.29,1.76,-4.83
-0.65,1.76,-4.96
0.01,1.76,-5.0
0.66,1.76,-4.96
1.3,1.76,-4.83
1.92,1.76,-4.62
2.51,1.76,-4.33
3.05,1.76,-3.96
3.54,1.76,-3.53
3.97,1.76,-3.04
4.34,1.76,-2.49
4.62,1.76,-1.9
4.83,1.76,-1.28
4.96,1.76,-0.64
5.0,1.76,0.01
4.96,1.76,0.67
4.83,1.76,1.31
4.61,1.76,1.93
4.32,1.76,2.51
3.96,1.76,3.06
3.52,1.76,3.55
3.03,1.76,3.98
2.49,1.76,4.34
1.9,1.76,4.63
1.28,1.76,4.83
0.64,1.76,4.96
-0.02,1.76,5.0
-0.67,1.76,4.95
-1.31,1.76,4.82
-1.93,1.76,4.61
-2.52,1.76,4.32
-3.06,1.76,3.95
-3.55,1.76,3.52
-3.98,1.76,3.03
-4.34,1.76,2.48
-4.63,1.76,1.89
-4.84,1.76,1.27
-4.96,1.76,0.63
-5.0,1.74,0.0
-4.96,1.74,-0.65
-4.83,1.74,-1.3
-4.62,1.74,-1.91
-4.33,1.74,-2.5
-3.97,1.74,-3.05
-3.53,1.74,-3.54
-3.04,1.74,-3.97
-2.5,1.74,-4.33
-1.91,1.74,-4.62
-1.29,1.74,-4.83
-0.65,1.74,-4.96
0.01,1.74,-5.0
0.66,1.74,-4.96
1.3,1.74,-4.83
1.92,1.74,-4.62
2.51,1.74,-4.33
3.05,1.74,-3.96
3.54,1.74,-3.53
3.97,1.74,-3.04
4.34,1.74,-2.49
4.62,1.74,-1.9
4.83,1.74,-1.28
4.96,1.74,-0.64
5.0,1.74,0.01
4.96,1.74,0.67
4.83,1.74,1.31
4.61,1.74,1.93
4.32,1.74,2.51
3.96,1.74,3.06
3.52,1.74,3.55
3.03,1.74,3.98
2.49,1.74,4.34
1.9,1.74,4.63
1.28,1.74,4.83
0.64,1.74,4.96
-0.02,1.74,5.0
-0.67,1.74,4.95
-1.31,1.74,4.82
-1.93,1.74,4.61
-2.52,1.74,4.32
-3.06,1.74,3.95
-3.55,1.74,3.52
-3.98,1.74,3.03
-4.34,1.74,2.48
-4.63,1.74,1.89
-4.84,1.74,1.27
-4.96,1.74,0.63
-5.0,1.72,0.0
-4.96,1.72,-0.65
-4.83,1.72,-1.3
-4.62,1.72,-1.91
-4.33,1.72,-2.5
-3.97,1.72,-3.05
-3.53,1.72,-3.54
-3.04,1.72,-3.97
-2.5,1.72,-4.33
-1.91,1.72,-4.62
-1.29,1.72,-4.83
-0.65,1.72,-4.96
0.01,1.72,-5.0
0.66,1.72,-4.96
1.3,1.72,-4.83
1.92,1.72,-4.62
2.51,1.72,-4.33
3.05,1.72,-3.96
3.54,1.72,-3.53
3.97,1.72,-3.04
4.34,1.72,-2.49
4.62,1.72,-1.9
4.83,1.72,-1.28
4.96,1.72,-0.64
5.0,1.72,0.01
4.96,1.72,0.67
4.83,1.72,1.31
4.61,1.72,1.93
4.32,1.72,2.51
3.96,1.72,3.06
3.52,1.72,3.55
3.03,1.72,3.98
2.49,1.72,4.34
1.9,1.72,4.63
1.28,1.72,4.83
0.64,1.72,4.96
-0.02,1.72,5.0
-0.67,1.72,4.95
-1.31,1.72,4.82
-1.93,1.72,4.61
-2.52,1.72,4.32
-3.06,1.72,3.95
-3.55,1.72,3.52
-3.98,1.72,3.03
-4.34,1.72,2.48
-4.63,1.72,1.89
-4.84,1.72,1.27
-4.96,1.72,0.63
-5.0,1.7,0.0
-4.96,1.7,-0.65
-4.83,1.7,-1.3
-4.62,1.7,-1.91
-4.33,1.7,-2.5
-3.97,1.7,-3.05
-3.53,1.7,-3.54
-3.04,1.7,-3.97
-2.5,1.7,-4.33
-1.91,1.7,-4.62
-1.29,1.7,-4.83
-0.65,1.7,-4.96
0.01,1.7,-5.0
0.66,1.7,-4.96
1.3,1.7,-4.83
1.92,1.7,-4.62
2.51,1.7,-4.33
3.05,1.7,-3.96
3.54,1.7,-3.53
3.97,1.7,-3.04
4.34,1.7,-2.49
4.62,1.7,-1.9
4.83,1.7,-1.28
4.96,1.7,-0.64
5.0,1.7,0.01
4.96,1.7,0.67
4.83,1.7,1.31
4.61,1.7,1.93
4.32,1.7,2.51
3.96,1.7,3.06
3.52,1.7,3.55
3.03,1.7,3.98
2.49,1.7,4.34
1.9,1.7,4.63
1.28,1.7,4.83
0.64,1.7,4.96
-0.02,1.7,5.0
-0.67,1.7,4.95
-1.31,1.7,4.82
-1.93,1.7,4.61
-2.52,1.7,4.32
-3.06,1.7,3.95
-3.55,1.7,3.52
-3.98,1.7,3.03
-4.34,1.7,2.48
-4.63,1.7,1.89
-4.84,1.7,1.27
-4.96,1.7,0.63
-5.0,1.68,0.0
-4.96,1.68,-0.65
-4.83,1.68,-1.3
-4.62,1.68,-1.91
-4.33,1.68,-2.5
-3.97,1.68,-3.05
-3.53,1.68,-3.54
-3.04,1.68,-3.97
-2.5,1.68,-4.33
-1.91,1.68,-4.62
-1.29,1.68,-4.83
-0.65,1.68,-4.96
0.01,1.68,-5.0
0.66,1.68,-4.96
1.3,1.68,-4.83
1.92,1.68,-4.62
2.51,1.68,-4.33
3.05,1.68,-3.96
3.54,1.68,-3.53
3.97,1.68,-3.04
4.34,1.68,-2.49
4.62,1.68,-1.9
4.83,1.68,-1.28
4.96,1.68,-0.64
5.0,1.68,0.01
4.96,1.68,0.67
4.83,1.68,1.31
4.61,1.68,1.93
4.32,1.68,2.51
3.96,1.68,3.06
3.52,1.68,3.55
3.03,1.68,3.98
2.49,1.68,4.34
1.9,1.68,4.63
1.28,1.68,4.83
0.64,1.68,4.96
-0.02,1.68,5.0
-0.67,1.68,4.95
-1.31,1.68,4.82
-1.93,1.68,4.61
-2.52,1.68,4.32
-3.06,1.68,3.95
-3.55,1.68,3.52
-3.98,1.68,3.03
-4.34,1.68,2.48
-4.63,1.68,1.89
-4.84,1.68,1.27
-4.96,1.68,0.63
-5.0,1.67,0.0
-4.96,1.67,-0.65
-4.83,1.67,-1.3
-4.62,1.67,-1.91
-4.33,1.67,-2.5
-3.97,1.67,-3.05
-3.53,1.67,-3.54
-3.04,1.67,-3.97
-2.5,1.67,-4.33
-1.91,1.67,-4.62
-1.29,1.67,-4.83
-0.65,1.67,-4.96
0.01,1.67,-5.0
0.66,1.67,-4.96
1.3,1.67,-4.83
1.92,1.67,-4.62
2.51,1.67,-4.33
3.05,1.67,-3.96
3.54,1.67,-3.53
3.97,1.67,-3.04
4.34,1.67,-2.49
4.62,1.67,-1.9
4.83,1.67,-1.28
4.96,1.67,-0.64
5.0,1.67,0.01
4.96,1.67,0.67
4.83,1.67,1.31
4.61,1.67,1.93
4.32,1.67,2.51
3.96,1.67,3.06
3.52,1.67,3.55
3.03,1.67,3.98
2.49,1.67,4.34
1.9,1.67,4.63
1.28,1.67,4.83
0.64,1.67,4.96
-0.02,1.67,5.0
-0.67,1.67,4.95
-1.31,1.67,4.82
-1.93,1.67,4.61
-2.52,1.67,4.32
-3.06,1.67,3.95
-3.55,1.67,3.52
-3.98,1.67,3.03
-4.34,1.67,2.48
-4.63,1.67,1.89
-4.84,1.67,1.27
-4.96,1.67,0.63
-5.0,1.65,0.0
-4.96,1.65,-0.65
-4.83,1.65,-1.3
-4.62,1.65,-1.91
-4.33,1.65,-2.5
-3.97,1.65,-3.05
-3.53,1.65,-3.54
-3.04,1.65,-3.97
-2.5,1.65,-4.33
-1.91,1.65,-4.62
-1.29,1.65,-4.83
-0.65,1.65,-4.96
0.01,1.65,-5.0
0.66,1.65,-4.96
1.3,1.65,-4.83
1.92,1.65,-4.62
2.51,1.65,-4.33
3.05,1.65,-3.96
3.54,1.65,-3.53
3.97,1.65,-3.04
4.34,1.65,-2.49
4.62,1.65,-1.9
4.83,1.65,-1.28
4.96,1.65,-0.64
5.0,1.65,0.01
4.96,1.65,0.67
4.83,1.65,1.31
4.61,1.65,1.93
4.32,1.65,2.51
3.96,1.65,3.06
3.52,1.65,3.55
3.03,1.65,3.98
2.49,1.65,4.34
1.9,1.65,4.63
1.28,1.65,4.83
0.64,1.65,4.96
-0.02,1.65,5.0
-0.67,1.65,4.95
-1.31,1.65,4.82
-1.93,1.65,4.61
-2.52,1.65,4.32
-3.06,1.65,3.95
-3.55,1.65,3.52
-3.98,1.65,3.03
-4.34,1.65,2.48
-4.63,1.65,1.89
-4.84,1.65,1.27
-4.96,1.65,0.63
-5.0,1.63,0.0
-4.96,1.63,-0.65
-4.83,1.63,-1.3
-4.62,1.63,-1.91
-4.33,1.63,-2.5
-3.97,1.63,-3.05
-3.53,1.63,-3.54
-3.04,1.63,-3.97
-2.5,1.63,-4.33
-1.91,1.63,-4.62
-1.29,1.63,-4.83
-0.65,1.63,-4.96
0.01,1.63,-5.0
0.66,1.63,-4.96
1.3,1.63,-4.83
1.92,1.63,-4.62
2.51,1.63,-4.33
3.05,1.63,-3.96
3.54,1.63,-3.53
3.97,1.63,-3.04
4.34,1.63,-2.49
4.62,1.63,-1.9
4.83,1.63,-1.28
4.96,1.63,-0.64
5.0,1.63,0.01
4.96,1.63,0.67
4.83,1.63,1.31
4.61,1.63,1.93
4.32,1.63,2.51
3.96,1.63,3.06
3.52,1.63,3.55
3.03,1.63,3.98
2.49,1.63,4.34
1.9,1.63,4.63
1.28,1.63,4.83
0.64,1.63,4.96
-0.02,1.63,5.0
-0.67,1.63,4.95
-1.31,1.63,4.82
-1.93,1.63,4.61
-2.52,1.63,4.32
-3.06,1.63,3.95
-3.55,1.63,3.52
-3.98,1.63,3.03
-4.34,1.63,2.48
-4.63,1.63,1.89
-4.84,1.63,1.27
-4.96,1.63,0.63
-5.0,1.61,0.0
-4.96,1.61,-0.65
-4.83,1.61,-1.3
-4.62,1.61,-1.91
-4.33,1.61,-2.5
-3.97,1.61,-3.05
-3.53,1.61,-3.54
-3.04,1.61,-3.97
-2.5,1.61,-4.33
-1.91,1.61,-4.62
-1.29,1.61,-4.83
-0.65,1.61,-4.96
0.01,1.61,-5.0
0.66,1.61,-4.96
1.3,1.61,-4.83
1.92,1.61,-4.62
2.51,1.61,-4.33
3.05,1.61,-3.96
3.54,1.61,-3.53
3.97,1.61,-3.04
4.34,1.61,-2.49
4.62,1.61,-1.9
4.83,1.61,-1.28
4.96,1.61,-0.64
5.0,1.61,0.01
4.96,1.61,0.67
4.83,1.61,1.31
4.61,1.61,1.93
4.32,1.61,2.51
3.96,1.61,3.06
3.52,1.61,3.55
3.03,1.61,3.98
2.49,1.61,4.34
1.9,1.61,4.63
1.28,1.61,4.83
0.64,1.61,4.96
-0.02,1.61,5.0
-0.67,1.61,4.95
-1.31,1.61,4.82
-1.93,1.61,4.61
-2.52,1.61,4.32
-3.06,1.61,3.95
-3.55,1.61,3.52
-3.98,1.61,3.03
-4.34,1.61,2.48
-4.63,1.61,1.89
-4.84,1.61,1.27
-4.96,1.61,0.63
-5.0,1.59,0.0
-4.96,1.59,-0.65
-4.83,1.59,-1.3
-4.62,1.59,-1.91
-4.33,1.59,-2.5
-3.97,1.59,-3.05
-3.53,1.59,-3.54
-3.04,1.59,-3.97
-2.5,1.59,-4.33
-1.91,1.59,-4.62
-1.29,1.59,-4.83
-0.65,1.59,-4.96
0.01,1.59,-5.0
0.66,1.59,-4.96
1.3,1.59,-4.83
1.92,1.59,-4.62
2.51,1.59,-4.33
3.05,1.59,-3.96
3.54,1.59,-3.53
3.97,1.59,-3.04
4.34,1.59,-2.49
4.62,1.59,-1.9
4.83,1.59,-1.28
4.96,1.59,-0.64
5.0,1.59,0.01
4.96,1.59,0.67
4.83,1.59,1.31
4.61,1.59,1.93
4.32,1.59,2.51
3.96,1.59,3.06
3.52,1.59,3.55
3.03,1.59,3.98
2.49,1.59,4.34
1.9,1.59,4.63
1.28,1.59,4.83
0.64,1.59,4.96
-0.02,1.59,5.0
-0.67,1.59,4.95
-1.31,1.59,4.82
-1.93,1.59,4.61
-2.52,1.59,4.32
-3.06,1.59,3.95
-3.55,1.59,3.52
-3.98,1.59,3.03
-4.34,1.59,2.48
-4.63,1.59,1.89
-4.84,1.59,1.27
-4.96,1.59,0.63
-5.0,1.57,0.0
-4.96,1.57,-0.65
-4.83,1.57,-1.3
-4.62,1.57,-1.91
-4.33,1.57,-2.5
-3.97,1.57,-3.05
-3.53,1.57,-3.54
-3.04,1.57,-3.97
-2.5,1.57,-4.33
-1.91,1.57,-4.62
-1.29,1.57,-4.83
-0.65,1.57,-4.96
0.01,1.57,-5.0
0.66,1.57,-4.96
1.3,1.57,-4.83
1.92,1.57,-4.62
2.51,1.57,-4.33
3.05,1.57,-3.96
3.54,1.57,-3.53
3.97,1.57,-3.04
4.34,1.57,-2.49
4.62,1.57,-1.9
4.83,1.57,-1.28
4.96,1.57,-0.64
5.0,1.57,0.01
4.96,1.57,0.67
4.83,1.57,1.31
4.61,1.57,1.93
4.32,1.57,2.51
3.96,1.57,3.06
3.52,1.57,3.55
3.03,1.57,3.98
2.49,1.57,4.34
1.9,1.57,4.63
1.28,1.57,4.83
0.64,1.57,4.96
-0.02,1.57,5.0
-0.67,1.57,4.95
-1.31,1.57,4.82
-1.93,1.57,4.61
-2.52,1.57,4.32
-3.06,1.57,3.95
-3.55,1.57,3.52
-3.98,1.57,3.03
-4.34,1.57,2.48
-4.63,1.57,1.89
-4.84,1.57,1.27
-4.96,1.57,0.63
-5.0,1.55,0.0
-4.96,1.55,-0.65
-4.83,1.55,-1.3
-4.62,1.55,-1.91
-4.33,1.55,-2.5
-3.97,1.55,-3.05
-3.53,1.55,-3.54
-3.04,1.55,-3.97
-2.5,1.55,-4.33
-1.91,1.55,-4.62
-1.29,1.55,-4.83
-0.65,1.55,-4.96
0.01,1.55,-5.0
0.66,1.55,-4.96
1.3,1.55,-4.83
1.92,1.55,-4.62
2.51,1.55,-4.33
3.05,1.55,-3.96
3.54,1.55,-3.53
3.97,1.55,-3.04
4.34,1.55,-2.49
4.62,1.55,-1.9
4.83,1.55,-1.28
4.96,1.55,-0.64
5.0,1.55,0.01
4.96,1.55,0.67
4.83,1.55,1.31
4.61,1.55,1.93
4.32,1.55,2.51
3.96,1.55,3.06
3.52,1.55,3.55
3.03,1.55,3.98
2.49,1.55,4.34
1.9,1.55,4.63
1.28,1.55,4.83
0.64,1.55,4.96
-0.02,1.55,5.0
-0.67,1.55,4.95
-1.31,1.55,4.82
-1.93,1.55,4.61
-2.52,1.55,4.32
-3.06,1.55,3.95
-3.55,1.55,3.52
-3.98,1.55,3.03
-4.34,1.55,2.48
-4.63,1.55,1.89
-4.84,1.55,1.27
-4.96,1.55,0.63
-5.0,1.54,0.0
-4.96,1.54,-0.65
-4.83,1.54,-1.3
-4.62,1.54,-1.91
-4.33,1.54,-2.5
0.11,1.54,0.09
0.12,1.54,0.12
0.11,1.54,0.14
0.09,1.54,0.16
0.07,1.54,0.17
0.05,1.54,0.17
0.02,1.54,0.16
-0.0,1.54,0.15
-0.01,1.54,0.11
1.3,1.54,-4.83
1.92,1.54,-4.62
2.51,1.54,-4.33
3.05,1.54,-3.96
3.54,1.54,-3.53
3.97,1.54,-3.04
4.34,1.54,-2.49
4.62,1.54,-1.9
4.83,1.54,-1.28
4.96,1.54,-0.64
5.0,1.54,0.01
4.96,1.54,0.67
4.83,1.54,1.31
4.61,1.54,1.93
0.06,1.54,0.03
0.04,1.54,0.03
0.04,1.54,0.04
0.03,1.54,0.04
0.02,1.54,0.04
0.02,1.54,0.04
0.01,1.54,0.05
0.01,1.54,0.05
-0.0,1.54,0.06
-0.67,1.54,4.95
-1.31,1.54,4.82
-1.93,1.54,4.61
-2.52,1.54,4.32
-3.06,1.54,3.95
-3.55,1.54,3.52
-3.98,1.54,3.03
-4.34,1.54,2.48
-4.63,1.54,1.89
-4.84,1.54,1.27
-4.96,1.54,0.63
0.07,1.52,-0.0
0.11,1.52,0.01
0.13,1.52,0.04
0.15,1.52,0.06
0.16,1.52,0.09
0.15,1.52,0.12
0.14,1.52,0.14
0.13,1.52,0.17
0.11,1.52,0.18
0.08,1.52,0.19
0.05,1.52,0.2
0.02,1.52,0.19
-0.0,1.52,0.18
-0.02,1.52,0.16
-0.03,1.52,0.13
-0.04,1.52,0.1
2.51,1.52,-4.33
3.05,1.52,-3.96
3.54,1.52,-3.53
3.97,1.52,-3.04
4.34,1.52,-2.49
4.62,1.52,-1.9
4.83,1.52,-1.28
4.96,1.52,-0.64
0.03,1.52,0.0
0.02,1.52,0.0
0.02,1.52,0.01
0.02,1.52,0.01
0.01,1.52,0.01
0.01,1.52,0.01
0.01,1.52,0.01
0.01,1.52,0.01
0.01,1.52,0.01
0.01,1.52,0.01
0.0,1.52,0.01
0.0,1.52,0.02
-0.0,1.52,0.02
-0.0,1.52,0.02
-0.01,1.52,0.02
-0.01,1.52,0.03
-2.52,1.52,4.32
-3.06,1.52,3.95
-3.55,1.52,3.52
-3.98,1.52,3.03
-4.34,1.52,2.48
-4.63,1.52,1.89
-4.84,1.52,1.27
-4.96,1.52,0.63
0.13,1.5,0.0
0.15,1.5,0.02
0.17,1.5,0.04
0.18,1.5,0.07
0.18,1.5,0.1
0.17,1.5,0.13
0.16,1.5,0.16
0.14,1.5,0.18
0.12,1.5,0.2
0.09,1.5,0.21
0.06,1.5,0.21
0.03,1.5,0.21
-0.0,1.5,0.2
-0.02,1.5,0.18
-0.04,1.5,0.16
-0.05,1.5,0.13
-0.06,1.5,0.1
-0.06,1.5,0.07
-0.05,1.5,0.05
-0.04,1.5,0.03
-0.03,1.5,0.02
-0.02,1.5,0.01
-0.02,1.5,0.0
-0.01,1.5,0.0
-0.01,1.5,-0.0
-0.01,1.5,-0.0
-0.01,1.5,-0.0
-0.01,1.5,-0.0
-0.01,1.5,-0.0
-0.01,1.5,-0.0
-0.0,1.5,-0.0
-0.0,1.5,-0.0
-0.0,1.5,-0.01
-0.0,1.5,-0.01
-0.0,1.5,-0.01
-0.0,1.5,-0.01
0.0,1.5,-0.01
0.0,1.5,-0.01
0.0,1.5,-0.01
0.0,1.5,-0.01
0.01,1.5,-0.01
0.01,1.5,-0.01
0.01,1.5,-0.01
0.02,1.5,-0.02
0.04,1.5,-0.02
0.06,1.5,-0.02
0.08,1.5,-0.02
0.11,1.5,-0.01
0.15,1.48,0.0
0.17,1.48,0.02
0.18,1.48,0.05
0.19,1.48,0.08
0.19,1.48,0.11
0.18,1.48,0.14
0.17,1.48,0.17
0.15,1.48,0.19
0.12,1.48,0.21
0.09,1.48,0.22
0.06,1.48,0.23
0.03,1.48,0.23
-0.0,1.48,0.22
-0.03,1.48,0.2
-0.05,1.48,0.18
-0.06,1.48,0.15
-0.07,1.48,0.12
-0.07,1.48,0.1
-0.07,1.48,0.07
-0.07,1.48,0.05
-0.06,1.48,0.03
-0.05,1.48,0.02
-0.04,1.48,0.01
-0.04,1.48,0.0
-0.03,1.48,-0.0
-0.03,1.48,-0.0
-0.03,1.48,-0.01
-0.02,1.48,-0.01
-0.02,1.48,-0.01
-0.02,1.48,-0.01
-0.01,1.48,-0.01
-0.01,1.48,-0.02
-0.01,1.48,-0.02
-0.01,1.48,-0.02
-0.01,1.48,-0.02
-0.0,1.48,-0.02
0.0,1.48,-0.02
0.0,1.48,-0.02
0.01,1.48,-0.03
0.01,1.48,-0.03
0.02,1.48,-0.03
0.02,1.48,-0.03
0.03,1.48,-0.03
0.05,1.48,-0.04
0.06,1.48,-0.04
0.08,1.48,-0.03
0.1,1.48,-0.03
0.13,1.48,-0.02
0.16,1.46,0.0
0.18,1.46,0.02
0.19,1.46,0.05
0.2,1.46,0.08
0.2,1.46,0.12
0.19,1.46,0.15
0.18,1.46,0.18
0.16,1.46,0.2
0.13,1.46,0.22
0.1,1.46,0.24
0.06,1.46,0.24
0.03,1.46,0.24
-0.0,1.46,0.23
-0.03,1.46,0.22
-0.05,1.46,0.2
-0.07,1.46,0.17
-0.08,1.46,0.14
-0.09,1.46,0.11
-0.09,1.46,0.09
-0.08,1.46,0.06
-0.08,1.46,0.04
-0.07,1.46,0.03
-0.06,1.46,0.02
-0.05,1.46,0.01
-0.05,1.46,-0.0
-0.04,1.46,-0.01
-0.04,1.46,-0.01
-0.03,1.46,-0.01
-0.03,1.46,-0.02
-0.02,1.46,-0.02
-0.02,1.46,-0.02
-0.02,1.46,-0.02
-0.01,1.46,-0.02
-0.01,1.46,-0.03
-0.01,1.46,-0.03
-0.0,1.46,-0.03
0.0,1.46,-0.03
0.0,1.46,-0.03
0.01,1.46,-0.03
0.01,1.46,-0.03
0.02,1.46,-0.04
0.03,1.46,-0.04
0.04,1.46,-0.04
0.05,1.46,-0.04
0.07,1.46,-0.04
0.08,1.46,-0.03
0.1,1.46,-0.03
0.13,1.46,-0.02
0.16,1.44,-0.0
0.18,1.44,0.02
0.19,1.44,0.05
0.2,1.44,0.08
0.2,1.44,0.12
0.19,1.44,0.15
0.18,1.44,0.18
0.16,1.44,0.21
0.13,1.44,0.23
0.1,1.44,0.25
0.07,1.44,0.26
0.03,1.44,0.26
-0.0,1.44,0.25
-0.03,1.44,0.23
-0.06,1.44,0.21
-0.08,1.44,0.19
-0.09,1.44,0.16
-0.1,1.44,0.13
-0.1,1.44,0.1
-0.1,1.44,0.08
-0.09,1.44,0.05
-0.09,1.44,0.04
-0.08,1.44,0.02
-0.07,1.44,0.01
-0.06,1.44,-0.0
-0.05,1.44,-0.01
-0.05,1.44,-0.01
-0.04,1.44,-0.02
-0.04,1.44,-0.02
-0.03,1.44,-0.02
-0.03,1.44,-0.03
-0.02,1.44,-0.03
-0.02,1.44,-0.03
-0.01,1.44,-0.03
-0.01,1.44,-0.04
-0.0,1.44,-0.04
0.0,1.44,-0.04
0.01,1.44,-0.04
0.01,1.44,-0.04
0.02,1.44,-0.04
0.03,1.44,-0.04
0.04,1.44,-0.05
0.05,1.44,-0.05
0.06,1.44,-0.05
0.08,1.44,-0.04
0.1,1.44,-0.04
0.12,1.44,-0.03
0.14,1.44,-0.02
0.16,1.43,0.0
0.18,1.43,0.02
0.2,1.43,0.05
0.2,1.43,0.08
0.2,1.43,0.12
0.2,1.43,0.15
0.18,1.43,0.18
0.16,1.43,0.21
0.14,1.43,0.23
0.1,1.43,0.25
0.07,1.43,0.26
0.03,1.43,0.26
-0.0,1.43,0.25
-0.03,1.43,0.24
-0.06,1.43,0.22
-0.08,1.43,0.19
-0.1,1.43,0.17
-0.11,1.43,0.14
-0.11,1.43,0.11
-0.11,1.43,0.08
-0.1,1.43,0.06
-0.09,1.43,0.04
-0.09,1.43,0.02
-0.08,1.43,0.01
-0.07,1.43,-0.0
-0.06,1.43,-0.01
-0.05,1.43,-0.01
-0.05,1.43,-0.02
-0.04,1.43,-0.02
-0.04,1.43,-0.03
-0.03,1.43,-0.03
-0.03,1.43,-0.03
-0.02,1.43,-0.04
-0.02,1.43,-0.04
-0.01,1.43,-0.04
-0.01,1.43,-0.04
0.0,1.43,-0.04
0.01,1.43,-0.05
0.01,1.43,-0.05
0.02,1.43,-0.05
0.03,1.43,-0.05
0.04,1.43,-0.05
0.05,1.43,-0.05
0.07,1.43,-0.05
0.08,1.43,-0.05
0.1,1.43,-0.04
0.12,1.43,-0.03
0.14,1.43,-0.02
0.17,1.41,-0.0
0.19,1.41,0.02
0.2,1.41,0.05
0.21,1.41,0.09
0.21,1.41,0.12
0.2,1.41,0.15
0.19,1.41,0.19
0.16,1.41,0.21
0.14,1.41,0.24
0.1,1.41,0.25
0.07,1.41,0.26
0.03,1.41,0.26
-0.0,1.41,0.26
-0.03,1.41,0.24
-0.06,1.41,0.22
-0.08,1.41,0.2
-0.1,1.41,0.17
-0.11,1.41,0.14
-0.11,1.41,0.11
-0.11,1.41,0.09
-0.11,1.41,0.06
-0.1,1.41,0.04
-0.1,1.41,0.03
-0.09,1.41,0.01
-0.08,1.41,-0.0
-0.07,1.41,-0.01
-0.06,1.41,-0.02
-0.05,1.41,-0.02
-0.05,1.41,-0.03
-0.04,1.41,-0.03
-0.04,1.41,-0.04
-0.03,1.41,-0.04
-0.02,1.41,-0.04
-0.02,1.41,-0.04
-0.01,1.41,-0.05
-0.01,1.41,-0.05
0.0,1.41,-0.05
0.01,1.41,-0.05
0.01,1.41,-0.05
0.02,1.41,-0.05
0.03,1.41,-0.05
0.04,1.41,-0.05
0.05,1.41,-0.05
0.07,1.41,-0.05
0.08,1.41,-0.05
0.1,1.41,-0.04
0.12,1.41,-0.03
0.13,1.41,-0.02
0.15,1.39,-0.0
0.17,1.39,0.02
0.18,1.39,0.05
0.19,1.39,0.08
0.19,1.39,0.11
0.18,1.39,0.14
0.17,1.39,0.17
0.16,1.39,0.2
0.13,1.39,0.23
0.1,1.39,0.25
0.07,1.39,0.26
0.03,1.39,0.26
-0.0,1.39,0.26
-0.03,1.39,0.25
-0.06,1.39,0.23
-0.09,1.39,0.21
-0.11,1.39,0.19
-0.12,1.39,0.16
-0.13,1.39,0.13
-0.13,1.39,0.1
-0.13,1.39,0.08
-0.13,1.39,0.05
-0.12,1.39,0.03
-0.11,1.39,0.01
-0.1,1.39,-0.0
-0.09,1.39,-0.01
-0.08,1.39,-0.02
-0.07,1.39,-0.03
-0.06,1.39,-0.03
-0.05,1.39,-0.04
-0.04,1.39,-0.04
-0.04,1.39,-0.05
-0.03,1.39,-0.05
-0.02,1.39,-0.05
-0.01,1.39,-0.05
-0.01,1.39,-0.05
0.0,1.39,-0.06
0.01,1.39,-0.06
0.02,1.39,-0.06
0.02,1.39,-0.06
0.03,1.39,-0.06
0.04,1.39,-0.06
0.06,1.39,-0.06
0.07,1.39,-0.05
0.08,1.39,-0.05
0.1,1.39,-0.04
0.12,1.39,-0.03
0.13,1.39,-0.02
0.15,1.37,-0.0
0.17,1.37,0.02
0.18,1.37,0.05
0.18,1.37,0.08
0.19,1.37,0.11
0.18,1.37,0.14
0.17,1.37,0.17
0.15,1.37,0.2
0.13,1.37,0.22
0.1,1.37,0.24
0.07,1.37,0.26
0.03,1.37,0.26
-0.0,1.37,0.26
-0.03,1.37,0.25
-0.06,1.37,0.23
-0.09,1.37,0.21
-0.11,1.37,0.19
-0.12,1.37,0.16
-0.13,1.37,0.13
-0.13,1.37,0.1
-0.13,1.37,0.08
-0.13,1.37,0.05
-0.12,1.37,0.03
-0.11,1.37,0.01
-0.1,1.37,-0.0
-0.09,1.37,-0.01
-0.08,1.37,-0.02
-0.07,1.37,-0.03
-0.06,1.37,-0.03
-0.05,1.37,-0.04
-0.04,1.37,-0.04
-0.04,1.37,-0.05
-0.03,1.37,-0.05
-0.02,1.37,-0.05
-0.01,1.37,-0.05
-0.01,1.37,-0.06
0.0,1.37,-0.06
0.01,1.37,-0.06
0.02,1.37,-0.06
0.02,1.37,-0.06
0.03,1.37,-0.06
0.04,1.37,-0.06
0.06,1.37,-0.06
0.07,1.37,-0.05
0.08,1.37,-0.05
0.1,1.37,-0.04
0.12,1.37,-0.03
0.13,1.37,-0.02
0.15,1.35,0.0
0.16,1.35,0.02
0.18,1.35,0.05
0.18,1.35,0.08
0.19,1.35,0.11
0.18,1.35,0.14
0.17,1.35,0.17
0.15,1.35,0.2
0.13,1.35,0.22
0.1,1.35,0.24
0.07,1.35,0.25
0.03,1.35,0.26
-0.0,1.35,0.26
-0.03,1.35,0.25
-0.06,1.35,0.23
-0.09,1.35,0.21
-0.11,1.35,0.19
-0.12,1.35,0.16
-0.13,1.35,0.13
-0.13,1.35,0.1
-0.13,1.35,0.07
-0.12,1.35,0.05
-0.11,1.35,0.03
-0.1,1.35,0.01
-0.09,1.35,-0.0
-0.08,1.35,-0.01
-0.07,1.35,-0.02
-0.06,1.35,-0.03
-0.06,1.35,-0.03
-0.05,1.35,-0.04
-0.04,1.35,-0.04
-0.03,1.35,-0.04
-0.02,1.35,-0.04
-0.02,1.35,-0.05
-0.01,1.35,-0.05
-0.01,1.35,-0.05
0.0,1.35,-0.05
0.01,1.35,-0.05
0.01,1.35,-0.05
0.02,1.35,-0.05
0.03,1.35,-0.05
0.04,1.35,-0.05
0.05,1.35,-0.05
0.06,1.35,-0.05
0.07,1.35,-0.04
0.09,1.35,-0.04
0.11,1.35,-0.03
0.13,1.35,-0.02
0.14,1.33,0.0
0.16,1.33,0.02
0.17,1.33,0.05
0.18,1.33,0.08
0.19,1.33,0.11
0.18,1.33,0.14
0.17,1.33,0.17
0.15,1.33,0.2
0.13,1.33,0.23
0.1,1.33,0.25
0.07,1.33,0.26
0.03,1.33,0.26
-0.0,1.33,0.26
-0.03,1.33,0.25
-0.06,1.33,0.23
-0.09,1.33,0.21
-0.11,1.33,0.18
-0.12,1.33,0.15
-0.12,1.33,0.12
-0.12,1.33,0.09
-0.16,1.33,0.09
-0.18,1.33,0.07
-0.17,1.33,0.04
-0.11,1.33,0.01
-0.09,1.33,-0.0
-0.07,1.33,-0.01
-0.06,1.33,-0.02
-0.05,1.33,-0.02
-0.05,1.33,-0.03
-0.04,1.33,-0.03
-0.03,1.33,-0.03
-0.03,1.33,-0.04
-0.02,1.33,-0.04
-0.02,1.33,-0.04
-0.01,1.33,-0.04
-0.01,1.33,-0.04
0.0,1.33,-0.05
0.01,1.33,-0.05
0.01,1.33,-0.05
0.02,1.33,-0.06
0.04,1.33,-0.07
0.06,1.33,-0.07
0.07,1.33,-0.07
0.06,1.33,-0.04
0.07,1.33,-0.04
0.09,1.33,-0.04
0.11,1.33,-0.03
0.12,1.33,-0.02
0.13,1.31,-0.0
0.15,1.31,0.02
0.17,1.31,0.04
0.18,1.31,0.07
0.18,1.31,0.1
0.18,1.31,0.14
0.17,1.31,0.17
0.15,1.31,0.2
0.13,1.31,0.22
0.1,1.31,0.24
0.07,1.31,0.25
0.03,1.31,0.26
-0.0,1.31,0.26
-0.03,1.31,0.24
-0.06,1.31,0.23
-0.08,1.31,0.2
-0.1,1.31,0.18
-0.12,1.31,0.16
-0.16,1.31,0.16
-0.2,1.31,0.15
-0.23,1.31,0.13
-0.25,1.31,0.1
-0.25,1.31,0.07
-0.25,1.31,0.03
-0.23,1.31,-0.0
-0.19,1.31,-0.03
-0.16,1.31,-0.04
-0.14,1.31,-0.06
-0.12,1.31,-0.07
-0.1,1.31,-0.08
-0.09,1.31,-0.09
-0.07,1.31,-0.1
-0.06,1.31,-0.1
-0.05,1.31,-0.11
-0.03,1.31,-0.12
-0.02,1.31,-0.13
0.0,1.31,-0.14
0.02,1.31,-0.15
0.04,1.31,-0.16
0.07,1.31,-0.16
0.09,1.31,-0.15
0.11,1.31,-0.14
0.13,1.31,-0.13
0.14,1.31,-0.11
0.15,1.31,-0.09
0.16,1.31,-0.06
0.15,1.31,-0.04
0.14,1.31,-0.02
0.18,1.3,0.0
0.16,1.3,0.02
0.16,1.3,0.04
0.17,1.3,0.07
0.17,1.3,0.1
0.17,1.3,0.13
0.16,1.3,0.16
0.15,1.3,0.19
0.12,1.3,0.22
0.1,1.3,0.23
0.07,1.3,0.25
0.03,1.3,0.25
-0.0,1.3,0.25
-0.03,1.3,0.24
-0.06,1.3,0.22
-0.08,1.3,0.2
-0.11,1.3,0.19
-0.15,1.3,0.2
-0.19,1.3,0.19
-0.23,1.3,0.18
-0.26,1.3,0.15
-0.28,1.3,0.12
-0.29,1.3,0.08
-0.29,1.3,0.04
-0.27,1.3,-0.0
-0.25,1.3,-0.03
-0.21,1.3,-0.06
-0.18,1.3,-0.08
-0.16,1.3,-0.09
-0.13,1.3,-0.1
-0.11,1.3,-0.12
-0.1,1.3,-0.13
-0.08,1.3,-0.14
-0.06,1.3,-0.15
-0.04,1.3,-0.16
-0.02,1.3,-0.17
0.0,1.3,-0.18
0.03,1.3,-0.19
0.05,1.3,-0.2
0.08,1.3,-0.19
0.11,1.3,-0.19
0.13,1.3,-0.17
0.16,1.3,-0.15
0.17,1.3,-0.13
0.19,1.3,-0.11
0.19,1.3,-0.08
0.19,1.3,-0.05
0.19,1.3,-0.02
0.21,1.28,-0.0
0.19,1.28,0.03
0.17,1.28,0.05
0.16,1.28,0.06
0.16,1.28,0.09
0.16,1.28,0.12
0.15,1.28,0.15
0.14,1.28,0.18
0.12,1.28,0.21
0.09,1.28,0.22
0.06,1.28,0.24
0.03,1.28,0.24
-0.0,1.28,0.24
-0.03,1.28,0.22
-0.06,1.28,0.21
-0.09,1.28,0.21
-0.13,1.28,0.22
-0.17,1.28,0.23
-0.22,1.28,0.21
-0.25,1.28,0.19
-0.28,1.28,0.16
-0.3,1.28,0.13
-0.32,1.28,0.08
-0.31,1.28,0.04
-0.3,1.28,-0.0
-0.28,1.28,-0.04
-0.25,1.28,-0.07
-0.21,1.28,-0.09
-0.18,1.28,-0.11
-0.16,1.28,-0.12
-0.13,1.28,-0.13
-0.11,1.28,-0.15
-0.09,1.28,-0.16
-0.07,1.28,-0.17
-0.05,1.28,-0.18
-0.03,1.28,-0.2
0.0,1.28,-0.21
0.03,1.28,-0.22
0.06,1.28,-0.22
0.09,1.28,-0.22
0.12,1.28,-0.21
0.15,1.28,-0.19
0.17,1.28,-0.17
0.19,1.28,-0.15
0.21,1.28,-0.12
0.22,1.28,-0.09
0.22,1.28,-0.06
0.21,1.28,-0.03
0.23,1.26,0.0
0.21,1.26,0.03
0.2,1.26,0.05
0.18,1.26,0.07
0.16,1.26,0.09
0.15,1.26,0.11
0.14,1.26,0.14
0.13,1.26,0.17
0.11,1.26,0.19
0.09,1.26,0.21
0.06,1.26,0.22
0.03,1.26,0.22
-0.0,1.26,0.22
-0.03,1.26,0.21
-0.06,1.26,0.22
-0.1,1.26,0.24
-0.14,1.26,0.25
-0.19,1.26,0.24
-0.23,1.26,0.23
-0.27,1.26,0.21
-0.3,1.26,0.17
-0.32,1.26,0.13
-0.34,1.26,0.09
-0.34,1.26,0.04
-0.32,1.26,-0.0
-0.3,1.26,-0.04
-0.27,1.26,-0.07
-0.23,1.26,-0.1
-0.2,1.26,-0.12
-0.17,1.26,-0.13
-0.15,1.26,-0.15
-0.13,1.26,-0.16
-0.1,1.26,-0.18
-0.08,1.26,-0.19
-0.06,1.26,-0.21
-0.03,1.26,-0.23
0.0,1.26,-0.24
0.03,1.26,-0.25
0.07,1.26,-0.25
0.1,1.26,-0.24
0.13,1.26,-0.23
0.16,1.26,-0.21
0.19,1.26,-0.19
0.21,1.26,-0.16
0.23,1.26,-0.13
0.24,1.26,-0.1
0.24,1.26,-0.06
0.23,1.26,-0.03
0.24,1.24,-0.0
0.23,1.24,0.03
0.21,1.24,0.06
0.19,1.24,0.08
0.17,1.24,0.1
0.15,1.24,0.11
0.12,1.24,0.12
0.11,1.24,0.14
0.09,1.24,0.16
0.07,1.24,0.18
0.05,1.24,0.19
0.03,1.24,0.2
-0.0,1.24,0.2
-0.03,1.24,0.21
-0.06,1.24,0.24
-0.11,1.24,0.25
-0.15,1.24,0.26
-0.2,1.24,0.26
-0.24,1.24,0.24
-0.28,1.24,0.22
-0.31,1.24,0.18
-0.34,1.24,0.14
-0.35,1.24,0.09
-0.35,1.24,0.05
-0.34,1.24,-0.0
-0.32,1.24,-0.04
-0.29,1.24,-0.08
-0.25,1.24,-0.1
-0.22,1.24,-0.13
-0.19,1.24,-0.15
-0.16,1.24,-0.16
-0.14,1.24,-0.18
-0.11,1.24,-0.2
-0.09,1.24,-0.21
-0.06,1.24,-0.23
-0.03,1.24,-0.25
0.0,1.24,-0.26
0.04,1.24,-0.27
0.07,1.24,-0.27
0.11,1.24,-0.26
0.14,1.24,-0.25
0.17,1.24,-0.23
0.2,1.24,-0.2
0.22,1.24,-0.17
0.24,1.24,-0.14
0.25,1.24,-0.1
0.25,1.24,-0.07
0.25,1.24,-0.03
0.26,1.22,0.0
0.24,1.22,0.03
0.22,1.22,0.06
0.2,1.22,0.08
0.18,1.22,0.1
0.16,1.22,0.12
0.13,1.22,0.13
0.11,1.22,0.15
0.09,1.22,0.16
0.07,1.22,0.17
0.05,1.22,0.18
0.03,1.22,0.2
-0.0,1.22,0.21
-0.03,1.22,0.23
-0.07,1.22,0.25
-0.11,1.22,0.27
-0.16,1.22,0.27
-0.21,1.22,0.27
-0.25,1.22,0.25
-0.29,1.22,0.22
-0.33,1.22,0.19
-0.35,1.22,0.14
-0.36,1.22,0.1
-0.37,1.22,0.05
-0.36,1.22,-0.0
-0.33,1.22,-0.04
-0.3,1.22,-0.08
-0.27,1.22,-0.11
-0.23,1.22,-0.13
-0.2,1.22,-0.15
-0.17,1.22,-0.17
-0.14,1.22,-0.19
-0.12,1.22,-0.21
-0.09,1.22,-0.22
-0.06,1.22,-0.24
-0.03,1.22,-0.26
0.0,1.22,-0.27
0.04,1.22,-0.27
0.07,1.22,-0.27
0.11,1.22,-0.27
0.15,1.22,-0.25
0.18,1.22,-0.23
0.21,1.22,-0.21
0.24,1.22,-0.18
0.25,1.22,-0.14
0.27,1.22,-0.11
0.27,1.22,-0.07
0.27,1.22,-0.03
0.27,1.2,-0.0
0.26,1.2,0.03
0.24,1.2,0.06
0.22,1.2,0.09
0.2,1.2,0.11
0.17,1.2,0.13
0.15,1.2,0.15
0.12,1.2,0.16
0.1,1.2,0.17
0.08,1.2,0.19
0.05,1.2,0.2
0.03,1.2,0.22
-0.0,1.2,0.23
-0.03,1.2,0.25
-0.07,1.2,0.27
-0.12,1.2,0.29
-0.17,1.2,0.29
-0.22,1.2,0.28
-0.26,1.2,0.26
-0.3,1.2,0.23
-0.34,1.2,0.19
-0.36,1.2,0.15
-0.38,1.2,0.1
-0.38,1.2,0.05
-0.37,1.2,-0.0
-0.35,1.2,-0.05
-0.32,1.2,-0.09
-0.28,1.2,-0.12
-0.24,1.2,-0.14
-0.21,1.2,-0.16
-0.18,1.2,-0.18
-0.15,1.2,-0.2
-0.12,1.2,-0.21
-0.09,1.2,-0.23
-0.07,1.2,-0.25
-0.03,1.2,-0.27
0.0,1.2,-0.28
0.04,1.2,-0.28
0.08,1.2,-0.28
0.12,1.2,-0.28
0.15,1.2,-0.26
0.19,1.2,-0.24
0.22,1.2,-0.22
0.24,1.2,-0.19
0.26,1.2,-0.15
0.28,1.2,-0.11
0.28,1.2,-0.07
0.28,1.2,-0.04
0.28,1.18,-0.0
0.27,1.18,0.04
0.25,1.18,0.07
0.23,1.18,0.1
0.2,1.18,0.12
0.18,1.18,0.14
0.15,1.18,0.15
0.13,1.18,0.17
0.1,1.18,0.18
0.08,1.18,0.2
0.06,1.18,0.21
0.03,1.18,0.23
-0.0,1.18,0.24
-0.04,1.18,0.26
-0.08,1.18,0.28
-0.12,1.18,0.3
-0.17,1.18,0.3
-0.22,1.18,0.29
-0.27,1.18,0.27
-0.31,1.18,0.24
-0.35,1.18,0.2
-0.37,1.18,0.15
-0.39,1.18,0.1
-0.39,1.18,0.05
-0.38,1.18,-0.0
-0.36,1.18,-0.05
-0.33,1.18,-0.09
-0.29,1.18,-0.12
-0.25,1.18,-0.15
-0.22,1.18,-0.17
-0.19,1.18,-0.19
-0.16,1.18,-0.2
-0.13,1.18,-0.22
-0.1,1.18,-0.24
-0.07,1.18,-0.26
-0.04,1.18,-0.28
0.0,1.18,-0.29
0.04,1.18,-0.29
0.08,1.18,-0.29
0.12,1.18,-0.29
0.16,1.18,-0.27
0.19,1.18,-0.25
0.23,1.18,-0.22
0.25,1.18,-0.19
0.27,1.18,-0.16
0.29,1.18,-0.12
0.29,1.18,-0.08
0.29,1.18,-0.04
0.29,1.17,-0.0
0.28,1.17,0.04
0.26,1.17,0.07
0.24,1.17,0.1
0.21,1.17,0.12
0.18,1.17,0.14
0.16,1.17,0.16
0.13,1.17,0.17
0.11,1.17,0.19
0.08,1.17,0.2
0.06,1.17,0.22
0.03,1.17,0.23
-0.0,1.17,0.25
-0.04,1.17,0.27
-0.08,1.17,0.29
-0.13,1.17,0.3
-0.18,1.17,0.3
-0.23,1.17,0.29
-0.27,1.17,0.27
-0.32,1.17,0.24
-0.35,1.17,0.2
-0.38,1.17,0.16
-0.39,1.17,0.1
-0.4,1.17,0.05
-0.39,1.17,-0.0
-0.37,1.17,-0.05
-0.34,1.17,-0.09
-0.3,1.17,-0.13
-0.26,1.17,-0.15
-0.22,1.17,-0.17
-0.19,1.17,-0.19
-0.16,1.17,-0.21
-0.13,1.17,-0.23
-0.1,1.17,-0.25
-0.07,1.17,-0.27
-0.04,1.17,-0.28
0.0,1.17,-0.3
0.04,1.17,-0.3
0.08,1.17,-0.3
0.12,1.17,-0.29
0.16,1.17,-0.28
0.2,1.17,-0.26
0.23,1.17,-0.23
0.26,1.17,-0.2
0.28,1.17,-0.16
0.29,1.17,-0.12
0.3,1.17,-0.08
0.3,1.17,-0.04
0.3,1.15,0.0
0.28,1.15,0.04
0.27,1.15,0.07
0.24,1.15,0.1
0.22,1.15,0.13
0.19,1.15,0.15
0.16,1.15,0.16
0.14,1.15,0.18
0.11,1.15,0.19
0.09,1.15,0.21
0.06,1.15,0.22
0.03,1.15,0.24
-0.0,1.15,0.26
-0.04,1.15,0.28
-0.08,1.15,0.3
-0.13,1.15,0.31
-0.18,1.15,0.31
-0.23,1.15,0.3
-0.28,1.15,0.28
-0.32,1.15,0.25
-0.36,1.15,0.21
-0.38,1.15,0.16
-0.4,1.15,0.11
-0.4,1.15,0.05
-0.39,1.15,-0.0
-0.37,1.15,-0.05
-0.34,1.15,-0.09
-0.31,1.15,-0.13
-0.27,1.15,-0.15
-0.23,1.15,-0.18
-0.2,1.15,-0.2
-0.16,1.15,-0.22
-0.13,1.15,-0.23
-0.1,1.15,-0.25
-0.07,1.15,-0.27
-0.04,1.15,-0.29
0.0,1.15,-0.3
0.04,1.15,-0.31
0.08,1.15,-0.31
0.13,1.15,-0.3
0.17,1.15,-0.28
0.2,1.15,-0.26
0.24,1.15,-0.23
0.26,1.15,-0.2
0.28,1.15,-0.16
0.3,1.15,-0.12
0.3,1.15,-0.08
0.3,1.15,-0.04
0.3,1.13,-0.0
0.29,1.13,0.04
0.27,1.13,0.07
0.25,1.13,0.1
0.22,1.13,0.13
0.19,1.13,0.15
0.17,1.13,0.17
0.14,1.13,0.18
0.11,1.13,0.2
0.09,1.13,0.21
0.06,1.13,0.23
0.03,1.13,0.25
-0.0,1.13,0.26
-0.04,1.13,0.29
-0.08,1.13,0.31
-0.13,1.13,0.32
-0.18,1.13,0.31
-0.23,1.13,0.3
-0.28,1.13,0.28
-0.33,1.13,0.25
-0.36,1.13,0.21
-0.39,1.13,0.16
-0.4,1.13,0.11
-0.41,1.13,0.05
-0.4,1.13,-0.0
-0.38,1.13,-0.05
-0.35,1.13,-0.09
-0.31,1.13,-0.13
-0.27,1.13,-0.16
-0.23,1.13,-0.18
-0.2,1.13,-0.2
-0.17,1.13,-0.22
-0.14,1.13,-0.24
-0.11,1.13,-0.26
-0.07,1.13,-0.28
-0.04,1.13,-0.29
0.0,1.13,-0.31
0.04,1.13,-0.31
0.08,1.13,-0.31
0.13,1.13,-0.3
0.17,1.13,-0.29
0.21,1.13,-0.27
0.24,1.13,-0.24
0.27,1.13,-0.2
0.29,1.13,-0.16
0.3,1.13,-0.12
0.31,1.13,-0.08
0.31,1.13,-0.04
0.3,1.11,-0.0
0.29,1.11,0.04
0.27,1.11,0.07
0.25,1.11,0.1
0.22,1.11,0.13
0.2,1.11,0.15
0.17,1.11,0.17
0.14,1.11,0.18
0.11,1.11,0.2
0.09,1.11,0.22
0.06,1.11,0.23
0.03,1.11,0.25
-0.0,1.11,0.27
-0.04,1.11,0.29
-0.08,1.11,0.31
-0.13,1.11,0.32
-0.18,1.11,0.32
-0.24,1.11,0.31
-0.29,1.11,0.28
-0.33,1.11,0.25
-0.36,1.11,0.21
-0.39,1.11,0.16
-0.41,1.11,0.11
-0.41,1.11,0.05
-0.4,1.11,-0.0
-0.38,1.11,-0.05
-0.35,1.11,-0.1
-0.32,1.11,-0.13
-0.27,1.11,-0.16
-0.24,1.11,-0.18
-0.2,1.11,-0.2
-0.17,1.11,-0.22
-0.14,1.11,-0.24
-0.11,1.11,-0.26
-0.07,1.11,-0.28
-0.04,1.11,-0.3
0.0,1.11,-0.31
0.04,1.11,-0.32
0.09,1.11,-0.32
0.13,1.11,-0.31
0.17,1.11,-0.29
0.21,1.11,-0.27
0.24,1.11,-0.24
0.27,1.11,-0.2
0.29,1.11,-0.17
0.31,1.11,-0.12
0.31,1.11,-0.08
0.31,1.11,-0.04
0.31,1.09,-0.0
0.29,1.09,0.04
0.28,1.09,0.07
0.25,1.09,0.1
0.23,1.09,0.13
0.2,1.09,0.15
0.17,1.09,0.17
0.14,1.09,0.19
0.12,1.09,0.2
0.09,1.09,0.22
0.06,1.09,0.23
0.03,1.09,0.25
-0.0,1.09,0.27
-0.04,1.09,0.29
-0.08,1.09,0.31
-0.13,1.09,0.32
-0.19,1.09,0.32
-0.24,1.09,0.31
-0.29,1.09,0.29
-0.33,1.09,0.25
-0.37,1.09,0.21
-0.39,1.09,0.16
-0.41,1.09,0.11
-0.41,1.09,0.05
-0.4,1.09,-0.0
-0.38,1.09,-0.05
-0.35,1.09,-0.1
-0.32,1.09,-0.13
-0.28,1.09,-0.16
-0.24,1.09,-0.18
-0.2,1.09,-0.2
-0.17,1.09,-0.22
-0.14,1.09,-0.24
-0.11,1.09,-0.26
-0.07,1.09,-0.28
-0.04,1.09,-0.3
0.0,1.09,-0.31
0.04,1.09,-0.32
0.09,1.09,-0.32
0.13,1.09,-0.31
0.17,1.09,-0.29
0.21,1.09,-0.27
0.24,1.09,-0.24
0.27,1.09,-0.21
0.29,1.09,-0.17
0.31,1.09,-0.13
0.31,1.09,-0.08
0.31,1.09,-0.04
0.31,1.07,0.0
0.29,1.07,0.04
0.28,1.07,0.07
0.25,1.07,0.1
0.23,1.07,0.13
0.2,1.07,0.15
0.17,1.07,0.17
0.14,1.07,0.19
0.12,1.07,0.2
0.09,1.07,0.22
0.06,1.07,0.23
0.03,1.07,0.25
-0.0,1.07,0.27
-0.04,1.07,0.29
-0.08,1.07,0.31
-0.13,1.07,0.32
-0.19,1.07,0.32
-0.24,1.07,0.31
-0.29,1.07,0.29
-0.33,1.07,0.25
-0.37,1.07,0.21
-0.39,1.07,0.16
-0.41,1.07,0.11
-0.41,1.07,0.05
-0.4,1.07,-0.0
-0.38,1.07,-0.05
-0.35,1.07,-0.1
-0.32,1.07,-0.13
-0.28,1.07,-0.16
-0.24,1.07,-0.18
-0.2,1.07,-0.2
-0.17,1.07,-0.22
-0.14,1.07,-0.24
-0.11,1.07,-0.26
-0.07,1.07,-0.28
-0.04,1.07,-0.3
0.0,1.07,-0.31
0.04,1.07,-0.32
0.09,1.07,-0.32
0.13,1.07,-0.31
0.17,1.07,-0.29
0.21,1.07,-0.27
0.24,1.07,-0.24
0.27,1.07,-0.21
0.29,1.07,-0.17
0.31,1.07,-0.13
0.31,1.07,-0.08
0.31,1.07,-0.04
0.31,1.06,-0.0
0.29,1.06,0.04
0.27,1.06,0.07
0.25,1.06,0.1
0.23,1.06,0.13
0.2,1.06,0.15
0.17,1.06,0.17
0.16,1.06,0.2
0.13,1.06,0.23
0.1,1.06,0.24
0.07,1.06,0.24
0.03,1.06,0.25
-0.0,1.06,0.27
-0.04,1.06,0.29
-0.08,1.06,0.31
-0.13,1.06,0.32
-0.18,1.06,0.32
-0.24,1.06,0.31
-0.29,1.06,0.28
-0.33,1.06,0.25
-0.37,1.06,0.21
-0.39,1.06,0.16
-0.41,1.06,0.11
-0.41,1.06,0.05
-0.4,1.06,-0.0
-0.38,1.06,-0.05
-0.35,1.06,-0.1
-0.32,1.06,-0.13
-0.28,1.06,-0.16
-0.24,1.06,-0.18
-0.2,1.06,-0.2
-0.17,1.06,-0.22
-0.14,1.06,-0.24
-0.11,1.06,-0.26
-0.07,1.06,-0.28
-0.04,1.06,-0.3
0.0,1.06,-0.31
0.04,1.06,-0.32
0.09,1.06,-0.32
0.13,1.06,-0.31
0.17,1.06,-0.29
0.21,1.06,-0.27
0.24,1.06,-0.24
0.27,1.06,-0.21
0.29,1.06,-0.17
0.31,1.06,-0.13
0.31,1.06,-0.08
0.32,1.06,-0.04
0.33,1.04,-0.0
0.29,1.04,0.04
0.27,1.04,0.07
0.25,1.04,0.1
0.22,1.04,0.13
0.2,1.04,0.15
0.22,1.04,0.22
0.19,1.04,0.25
0.15,1.04,0.25
0.11,1.04,0.26
0.07,1.04,0.27
0.04,1.04,0.28
-0.0,1.04,0.28
-0.04,1.04,0.29
-0.08,1.04,0.31
-0.13,1.04,0.32
-0.18,1.04,0.32
-0.24,1.04,0.31
-0.28,1.04,0.28
-0.33,1.04,0.25
-0.36,1.04,0.21
-0.39,1.04,0.16
-0.4,1.04,0.11
-0.41,1.04,0.05
-0.4,1.04,-0.0
-0.38,1.04,-0.05
-0.35,1.04,-0.1
-0.31,1.04,-0.13
-0.27,1.04,-0.16
-0.24,1.04,-0.18
-0.2,1.04,-0.2
-0.17,1.04,-0.22
-0.14,1.04,-0.24
-0.11,1.04,-0.26
-0.07,1.04,-0.28
-0.04,1.04,-0.3
0.0,1.04,-0.31
0.04,1.04,-0.31
0.09,1.04,-0.31
0.13,1.04,-0.31
0.17,1.04,-0.29
0.21,1.04,-0.27
0.24,1.04,-0.24
0.27,1.04,-0.2
0.29,1.04,-0.17
0.3,1.04,-0.12
0.32,1.04,-0.08
0.35,1.04,-0.04
0.36,1.02,-0.0
0.29,1.02,0.04
0.27,1.02,0.07
0.25,1.02,0.1
0.22,1.02,0.13
0.26,1.02,0.2
0.25,1.02,0.25
0.2,1.02,0.27
0.15,1.02,0.26
0.11,1.02,0.27
0.07,1.02,0.28
0.04,1.02,0.29
-0.0,1.02,0.3
-0.04,1.02,0.3
-0.08,1.02,0.3
-0.13,1.02,0.31
-0.18,1.02,0.31
-0.23,1.02,0.3
-0.28,1.02,0.28
-0.32,1.02,0.25
-0.36,1.02,0.21
-0.39,1.02,0.16
-0.4,1.02,0.11
-0.4,1.02,0.05
-0.4,1.02,-0.0
-0.38,1.02,-0.05
-0.35,1.02,-0.09
-0.31,1.02,-0.13
-0.27,1.02,-0.16
-0.23,1.02,-0.18
-0.2,1.02,-0.2
-0.17,1.02,-0.22
-0.14,1.02,-0.24
-0.1,1.02,-0.26
-0.07,1.02,-0.27
-0.04,1.02,-0.29
0.0,1.02,-0.3
0.04,1.02,-0.31
0.08,1.02,-0.31
0.13,1.02,-0.3
0.17,1.02,-0.29
0.2,1.02,-0.26
0.24,1.02,-0.24
0.27,1.02,-0.2
0.29,1.02,-0.16
0.3,1.02,-0.12
0.34,1.02,-0.09
0.36,1.02,-0.05
0.38,1.0,-0.0
0.36,1.0,0.05
0.26,1.0,0.07
0.24,1.0,0.1
0.22,1.0,0.12
0.3,1.0,0.23
0.27,1.0,0.27
0.21,1.0,0.28
0.16,1.0,0.27
0.11,1.0,0.28
0.08,1.0,0.28
0.04,1.0,0.29
-0.0,1.0,0.3
-0.04,1.0,0.31
-0.08,1.0,0.3
-0.13,1.0,0.31
-0.18,1.0,0.31
-0.23,1.0,0.3
-0.28,1.0,0.28
-0.32,1.0,0.25
-0.36,1.0,0.2
-0.38,1.0,0.16
-0.4,1.0,0.11
-0.4,1.0,0.05
-0.39,1.0,-0.0
-0.37,1.0,-0.05
-0.34,1.0,-0.09
-0.3,1.0,-0.13
-0.26,1.0,-0.15
-0.23,1.0,-0.18
-0.19,1.0,-0.2
-0.16,1.0,-0.21
-0.13,1.0,-0.23
-0.1,1.0,-0.25
-0.07,1.0,-0.27
-0.04,1.0,-0.29
0.0,1.0,-0.3
0.04,1.0,-0.31
0.08,1.0,-0.31
0.12,1.0,-0.3
0.16,1.0,-0.28
0.2,1.0,-0.26
0.23,1.0,-0.23
0.26,1.0,-0.2
0.28,1.0,-0.16
0.3,1.0,-0.12
0.34,1.0,-0.09
0.37,1.0,-0.05
0.4,0.98,-0.0
0.39,0.98,0.05
0.26,0.98,0.07
0.23,0.98,0.1
0.21,0.98,0.12
0.31,0.98,0.24
0.28,0.98,0.28
0.22,0.98,0.28
0.16,0.98,0.28
0.11,0.98,0.28
0.08,0.98,0.28
0.04,0.98,0.29
-0.0,0.98,0.3
-0.04,0.98,0.31
-0.08,0.98,0.31
-0.13,0.98,0.3
-0.17,0.98,0.3
-0.23,0.98,0.29
-0.27,0.98,0.27
-0.32,0.98,0.24
-0.35,0.98,0.2
-0.38,0.98,0.15
-0.39,0.98,0.1
-0.39,0.98,0.05
-0.38,0.98,-0.0
-0.36,0.98,-0.05
-0.33,0.98,-0.09
-0.3,0.98,-0.12
-0.26,0.98,-0.15
-0.22,0.98,-0.17
-0.19,0.98,-0.19
-0.16,0.98,-0.21
-0.13,0.98,-0.23
-0.1,0.98,-0.24
-0.07,0.98,-0.26
-0.04,0.98,-0.28
0.0,0.98,-0.29
0.04,0.98,-0.3
0.08,0.98,-0.3
0.12,0.98,-0.29
0.16,0.98,-0.28
0.2,0.98,-0.26
0.23,0.98,-0.23
0.26,0.98,-0.19
0.28,0.98,-0.16
0.29,0.98,-0.12
0.34,0.98,-0.09
0.38,0.98,-0.05
0.41,0.96,-0.0
0.42,0.96,0.05
0.26,0.96,0.07
0.23,0.96,0.09
0.3,0.96,0.18
0.32,0.96,0.24
0.28,0.96,0.28
0.22,0.96,0.29
0.16,0.96,0.28
0.11,0.96,0.27
0.07,0.96,0.28
0.04,0.96,0.29
-0.0,0.96,0.3
-0.04,0.96,0.3
-0.08,0.96,0.31
-0.12,0.96,0.29
-0.17,0.96,0.29
-0.22,0.96,0.29
-0.27,0.96,0.27
-0.31,0.96,0.24
-0.34,0.96,0.2
-0.37,0.96,0.15
-0.38,0.96,0.1
-0.38,0.96,0.05
-0.37,0.96,-0.0
-0.35,0.96,-0.05
-0.33,0.96,-0.09
-0.29,0.96,-0.12
-0.25,0.96,-0.14
-0.21,0.96,-0.17
-0.19,0.96,-0.19
-0.15,0.96,-0.2
-0.13,0.96,-0.22
-0.1,0.96,-0.24
-0.07,0.96,-0.26
-0.03,0.96,-0.27
0.0,0.96,-0.27
0.04,0.96,-0.29
0.08,0.96,-0.29
0.12,0.96,-0.28
0.16,0.96,-0.27
0.19,0.96,-0.25
0.22,0.96,-0.22
0.25,0.96,-0.19
0.27,0.96,-0.15
0.28,0.96,-0.12
0.34,0.96,-0.09
0.38,0.96,-0.05
0.42,0.94,-0.0
0.43,0.94,0.06
0.41,0.94,0.11
0.22,0.94,0.09
0.31,0.94,0.18
0.32,0.94,0.24
0.28,0.94,0.28
0.22,0.94,0.29
0.16,0.94,0.27
0.11,0.94,0.26
0.07,0.94,0.27
0.04,0.94,0.28
-0.0,0.94,0.28
-0.04,0.94,0.29
-0.09,0.94,0.32
-0.12,0.94,0.29
-0.17,0.94,0.29
-0.21,0.94,0.28
-0.26,0.94,0.26
-0.3,0.94,0.23
-0.33,0.94,0.19
-0.36,0.94,0.15
-0.37,0.94,0.1
-0.37,0.94,0.05
-0.36,0.94,-0.0
-0.34,0.94,-0.05
-0.32,0.94,-0.09
-0.28,0.94,-0.12
-0.24,0.94,-0.14
-0.21,0.94,-0.16
-0.18,0.94,-0.18
-0.15,0.94,-0.19
-0.12,0.94,-0.21
-0.09,0.94,-0.23
-0.06,0.94,-0.24
-0.03,0.94,-0.26
0.0,0.94,-0.27
0.04,0.94,-0.28
0.08,0.94,-0.28
0.11,0.94,-0.27
0.15,0.94,-0.26
0.19,0.94,-0.24
0.22,0.94,-0.21
0.24,0.94,-0.18
0.26,0.94,-0.15
0.27,0.94,-0.11
0.32,0.94,-0.08
0.38,0.94,-0.05
0.42,0.93,-0.0
0.46,0.93,0.06
0.47,0.93,0.13
0.2,0.93,0.08
0.29,0.93,0.17
0.31,0.93,0.24
0.28,0.93,0.28
0.21,0.93,0.28
0.13,0.93,0.23
0.1,0.93,0.23
0.06,0.93,0.24
0.03,0.93,0.25
-0.0,0.93,0.26
-0.04,0.93,0.27
-0.08,0.93,0.3
-0.11,0.93,0.28
-0.16,0.93,0.27
-0.2,0.93,0.27
-0.25,0.93,0.25
-0.29,0.93,0.22
-0.33,0.93,0.19
-0.35,0.93,0.14
-0.37,0.93,0.1
-0.36,0.93,0.05
-0.35,0.93,-0.0
-0.33,0.93,-0.04
-0.3,0.93,-0.08
-0.26,0.93,-0.11
-0.23,0.93,-0.13
-0.2,0.93,-0.15
-0.17,0.93,-0.17
-0.14,0.93,-0.18
-0.11,0.93,-0.2
-0.09,0.93,-0.21
-0.06,0.93,-0.23
-0.03,0.93,-0.25
0.0,0.93,-0.26
0.04,0.93,-0.27
0.07,0.93,-0.27
0.11,0.93,-0.26
0.15,0.93,-0.25
0.18,0.93,-0.23
0.21,0.93,-0.21
0.23,0.93,-0.18
0.25,0.93,-0.14
0.26,0.93,-0.11
0.26,0.93,-0.07
0.38,0.93,-0.05
0.42,0.91,-0.0
0.52,0.91,0.07
0.52,0.91,0.14
0.19,0.91,0.08
0.17,0.91,0.1
0.3,0.91,0.23
0.27,0.91,0.27
0.19,0.91,0.25
0.08,0.91,0.15
0.06,0.91,0.16
0.04,0.91,0.17
0.02,0.91,0.18
-0.0,0.91,0.2
-0.03,0.91,0.21
-0.06,0.91,0.23
-0.1,0.91,0.25
-0.15,0.91,0.26
-0.19,0.91,0.25
-0.24,0.91,0.24
-0.28,0.91,0.21
-0.31,0.91,0.18
-0.33,0.91,0.14
-0.34,0.91,0.09
-0.35,0.91,0.04
-0.33,0.91,-0.0
-0.31,0.91,-0.04
-0.28,0.91,-0.08
-0.25,0.91,-0.1
-0.21,0.91,-0.12
-0.18,0.91,-0.14
-0.16,0.91,-0.16
-0.13,0.91,-0.17
-0.11,0.91,-0.19
-0.08,0.91,-0.2
-0.06,0.91,-0.22
-0.03,0.91,-0.23
0.0,0.91,-0.25
0.03,0.91,-0.25
0.07,0.91,-0.25
0.1,0.91,-0.25
0.14,0.91,-0.24
0.17,0.91,-0.22
0.2,0.91,-0.2
0.22,0.91,-0.17
0.24,0.91,-0.13
0.25,0.91,-0.1
0.25,0.91,-0.07
0.36,0.91,-0.05
0.42,0.89,0.0
0.56,0.89,0.07
0.55,0.89,0.15
0.18,0.89,0.08
0.17,0.89,0.1
0.29,0.89,0.22
0.25,0.89,0.25
0.11,0.89,0.14
0.09,0.89,0.15
0.07,0.89,0.16
0.05,0.89,0.17
0.02,0.89,0.19
-0.0,0.89,0.2
-0.03,0.89,0.21
-0.06,0.89,0.23
-0.1,0.89,0.24
-0.14,0.89,0.24
-0.18,0.89,0.24
-0.22,0.89,0.22
-0.26,0.89,0.2
-0.29,0.89,0.17
-0.31,0.89,0.13
-0.33,0.89,0.09
-0.32,0.89,0.04
-0.31,0.89,-0.0
-0.29,0.89,-0.04
-0.26,0.89,-0.07
-0.22,0.89,-0.09
-0.19,0.89,-0.11
-0.17,0.89,-0.13
-0.14,0.89,-0.14
-0.12,0.89,-0.16
-0.1,0.89,-0.17
-0.08,0.89,-0.19
-0.05,0.89,-0.2
-0.03,0.89,-0.22
0.0,0.89,-0.23
0.03,0.89,-0.24
0.06,0.89,-0.24
0.1,0.89,-0.23
0.13,0.89,-0.22
0.16,0.89,-0.21
0.19,0.89,-0.18
0.21,0.89,-0.16
0.22,0.89,-0.13
0.23,0.89,-0.09
0.23,0.89,-0.06
0.33,0.89,-0.04
0.42,0.87,-0.0
0.57,0.87,0.08
0.55,0.87,0.15
0.19,0.87,0.08
0.18,0.87,0.1
0.16,0.87,0.12
0.13,0.87,0.13
0.11,0.87,0.15
0.09,0.87,0.16
0.07,0.87,0.17
0.05,0.87,0.18
0.03,0.87,0.2
-0.0,0.87,0.21
-0.03,0.87,0.23
-0.06,0.87,0.24
-0.1,0.87,0.25
-0.14,0.87,0.25
-0.18,0.87,0.24
-0.22,0.87,0.22
-0.25,0.87,0.19
-0.28,0.87,0.16
-0.3,0.87,0.12
-0.31,0.87,0.08
-0.31,0.87,0.04
-0.3,0.87,-0.0
-0.28,0.87,-0.04
-0.26,0.87,-0.07
-0.23,0.87,-0.1
-0.2,0.87,-0.12
-0.17,0.87,-0.13
-0.14,0.87,-0.14
-0.12,0.87,-0.15
-0.09,0.87,-0.16
-0.07,0.87,-0.17
-0.05,0.87,-0.18
-0.03,0.87,-0.2
0.0,0.87,-0.21
0.03,0.87,-0.22
0.06,0.87,-0.22
0.09,0.87,-0.22
0.12,0.87,-0.21
0.15,0.87,-0.19
0.17,0.87,-0.17
0.19,0.87,-0.14
0.2,0.87,-0.11
0.21,0.87,-0.09
0.22,0.87,-0.06
0.22,0.87,-0.03
0.42,0.85,-0.0
0.58,0.85,0.08
0.55,0.85,0.15
0.2,0.85,0.08
0.18,0.85,0.11
0.16,0.85,0.13
0.14,0.85,0.14
0.12,0.85,0.15
0.1,0.85,0.17
0.07,0.85,0.18
0.05,0.85,0.19
0.03,0.85,0.2
-0.0,0.85,0.22
-0.03,0.85,0.23
-0.07,0.85,0.25
-0.11,0.85,0.25
-0.15,0.85,0.25
-0.19,0.85,0.24
-0.22,0.85,0.22
-0.26,0.85,0.2
-0.28,0.85,0.16
-0.3,0.85,0.12
-0.31,0.85,0.08
-0.31,0.85,0.04
-0.31,0.85,-0.0
-0.29,0.85,-0.04
-0.27,0.85,-0.07
-0.24,0.85,-0.1
-0.21,0.85,-0.12
-0.17,0.85,-0.13
-0.15,0.85,-0.15
-0.12,0.85,-0.16
-0.1,0.85,-0.17
-0.07,0.85,-0.18
-0.05,0.85,-0.19
-0.03,0.85,-0.2
0.0,0.85,-0.21
0.03,0.85,-0.21
0.06,0.85,-0.21
0.09,0.85,-0.21
0.12,0.85,-0.2
0.14,0.85,-0.18
0.17,0.85,-0.17
0.19,0.85,-0.14
0.21,0.85,-0.12
0.22,0.85,-0.09
0.23,0.85,-0.06
0.23,0.85,-0.03
0.55,0.83,-0.0
0.58,0.83,0.08
0.47,0.83,0.13
0.21,0.83,0.09
0.19,0.83,0.11
0.17,0.83,0.13
0.15,0.83,0.15
0.12,0.83,0.16
0.1,0.83,0.17
0.08,0.83,0.18
0.05,0.83,0.19
0.03,0.83,0.21
-0.0,0.83,0.22
-0.03,0.83,0.24
-0.07,0.83,0.25
-0.11,0.83,0.26
-0.15,0.83,0.26
-0.19,0.83,0.25
-0.23,0.83,0.23
-0.26,0.83,0.2
-0.29,0.83,0.17
-0.31,0.83,0.13
-0.32,0.83,0.08
-0.32,0.83,0.04
-0.31,0.83,-0.0
-0.29,0.83,-0.04
-0.27,0.83,-0.07
-0.24,0.83,-0.1
-0.21,0.83,-0.12
-0.18,0.83,-0.14
-0.15,0.83,-0.15
-0.12,0.83,-0.16
-0.1,0.83,-0.17
-0.08,0.83,-0.19
-0.05,0.83,-0.2
-0.03,0.83,-0.21
0.0,0.83,-0.22
0.03,0.83,-0.22
0.06,0.83,-0.22
0.09,0.83,-0.21
0.12,0.83,-0.2
0.15,0.83,-0.19
0.17,0.83,-0.17
0.19,0.83,-0.15
0.21,0.83,-0.12
0.23,0.83,-0.09
0.24,0.83,-0.06
0.24,0.83,-0.03
0.55,0.81,-0.0
0.58,0.81,0.08
0.23,0.81,0.06
0.21,0.81,0.09
0.19,0.81,0.11
0.17,0.81,0.13
0.15,0.81,0.15
0.12,0.81,0.16
0.1,0.81,0.17
0.08,0.81,0.19
0.05,0.81,0.2
0.03,0.81,0.21
-0.0,0.81,0.23
-0.03,0.81,0.24
-0.07,0.81,0.25
-0.11,0.81,0.26
-0.15,0.81,0.26
-0.19,0.81,0.25
-0.23,0.81,0.23
-0.26,0.81,0.2
-0.29,0.81,0.17
-0.31,0.81,0.13
-0.32,0.81,0.09
-0.32,0.81,0.04
-0.31,0.81,-0.0
-0.3,0.81,-0.04
-0.27,0.81,-0.07
-0.25,0.81,-0.1
-0.21,0.81,-0.12
-0.18,0.81,-0.14
-0.15,0.81,-0.15
-0.13,0.81,-0.17
-0.1,0.81,-0.18
-0.08,0.81,-0.19
-0.05,0.81,-0.2
-0.03,0.81,-0.21
0.0,0.81,-0.22
0.03,0.81,-0.22
0.06,0.81,-0.22
0.09,0.81,-0.22
0.12,0.81,-0.21
0.15,0.81,-0.19
0.18,0.81,-0.17
0.2,0.81,-0.15
0.22,0.81,-0.12
0.23,0.81,-0.09
0.24,0.81,-0.06
0.24,0.81,-0.03
0.54,0.8,0.0
0.56,0.8,0.07
0.23,0.8,0.06
0.21,0.8,0.09
0.19,0.8,0.11
0.17,0.8,0.13
0.15,0.8,0.15
0.13,0.8,0.16
0.1,0.8,0.18
0.08,0.8,0.19
0.05,0.8,0.2
0.03,0.8,0.21
-0.0,0.8,0.23
-0.03,0.8,0.24
-0.07,0.8,0.26
-0.11,0.8,0.26
-0.15,0.8,0.26
-0.19,0.8,0.25
-0.23,0.8,0.23
-0.27,0.8,0.2
-0.3,0.8,0.17
-0.32,0.8,0.13
-0.32,0.8,0.09
-0.32,0.8,0.04
-0.31,0.8,-0.0
-0.3,0.8,-0.04
-0.28,0.8,-0.07
-0.25,0.8,-0.1
-0.21,0.8,-0.12
-0.18,0.8,-0.14
-0.15,0.8,-0.15
-0.13,0.8,-0.17
-0.1,0.8,-0.18
-0.08,0.8,-0.19
-0.05,0.8,-0.2
-0.03,0.8,-0.21
0.0,0.8,-0.22
0.03,0.8,-0.23
0.06,0.8,-0.23
0.09,0.8,-0.22
0.12,0.8,-0.21
0.15,0.8,-0.2
0.18,0.8,-0.18
0.2,0.8,-0.15
0.22,0.8,-0.12
0.23,0.8,-0.1
0.24,0.8,-0.06
0.25,0.8,-0.03
0.25,0.78,0.0
0.56,0.78,0.07
0.23,0.78,0.06
0.22,0.78,0.09
0.2,0.78,0.12
0.17,0.78,0.13
0.15,0.78,0.15
0.13,0.78,0.16
0.1,0.78,0.18
0.08,0.78,0.19
0.05,0.78,0.2
0.03,0.78,0.21
-0.0,0.78,0.23
-0.03,0.78,0.24
-0.07,0.78,0.26
-0.11,0.78,0.26
-0.15,0.78,0.26
-0.19,0.78,0.25
-0.24,0.78,0.24
-0.28,0.78,0.21
-0.31,0.78,0.18
-0.33,0.78,0.14
-0.34,0.78,0.09
-0.33,0.78,0.04
-0.31,0.78,-0.0
-0.3,0.78,-0.04
-0.27,0.78,-0.07
-0.25,0.78,-0.1
-0.21,0.78,-0.12
-0.18,0.78,-0.14
-0.15,0.78,-0.15
-0.13,0.78,-0.17
-0.1,0.78,-0.18
-0.08,0.78,-0.19
-0.05,0.78,-0.2
-0.03,0.78,-0.22
0.0,0.78,-0.22
0.03,0.78,-0.23
0.06,0.78,-0.23
0.09,0.78,-0.22
0.12,0.78,-0.21
0.15,0.78,-0.2
0.18,0.78,-0.18
0.2,0.78,-0.15
0.22,0.78,-0.13
0.23,0.78,-0.1
0.24,0.78,-0.06
0.25,0.78,-0.03
0.26,0.76,0.0
0.26,0.76,0.03
0.25,0.76,0.07
0.24,0.76,0.1
0.21,0.76,0.12
0.19,0.76,0.14
0.16,0.76,0.16
0.13,0.76,0.17
0.1,0.76,0.18
0.08,0.76,0.19
0.05,0.76,0.2
0.03,0.76,0.21
-0.0,0.76,0.22
-0.03,0.76,0.24
-0.07,0.76,0.25
-0.11,0.76,0.26
-0.15,0.76,0.26
-0.2,0.76,0.26
-0.25,0.76,0.25
-0.29,0.76,0.22
-0.32,0.76,0.19
-0.34,0.76,0.14
-0.35,0.76,0.09
-0.34,0.76,0.04
-0.32,0.76,-0.0
-0.3,0.76,-0.04
-0.27,0.76,-0.07
-0.24,0.76,-0.1
-0.21,0.76,-0.12
-0.18,0.76,-0.14
-0.15,0.76,-0.15
-0.13,0.76,-0.17
-0.1,0.76,-0.18
-0.08,0.76,-0.19
-0.05,0.76,-0.2
-0.03,0.76,-0.21
0.0,0.76,-0.22
0.03,0.76,-0.23
0.06,0.76,-0.23
0.09,0.76,-0.22
0.12,0.76,-0.21
0.15,0.76,-0.2
0.18,0.76,-0.18
0.2,0.76,-0.15
0.22,0.76,-0.12
0.23,0.76,-0.1
0.24,0.76,-0.06
0.25,0.76,-0.03
0.27,0.74,0.0
0.28,0.74,0.04
0.27,0.74,0.07
0.25,0.74,0.1
0.23,0.74,0.13
0.2,0.74,0.15
0.17,0.74,0.17
0.14,0.74,0.18
0.1,0.74,0.18
0.08,0.74,0.18
0.05,0.74,0.2
0.03,0.74,0.21
-0.0,0.74,0.22
-0.03,0.74,0.23
-0.07,0.74,0.25
-0.11,0.74,0.25
-0.15,0.74,0.27
-0.21,0.74,0.27
-0.26,0.74,0.26
-0.3,0.74,0.23
-0.34,0.74,0.19
-0.36,0.74,0.15
-0.36,0.74,0.1
-0.35,0.74,0.05
-0.33,0.74,-0.0
-0.3,0.74,-0.04
-0.27,0.74,-0.07
-0.24,0.74,-0.1
-0.21,0.74,-0.12
-0.18,0.74,-0.14
-0.15,0.74,-0.15
-0.12,0.74,-0.16
-0.1,0.74,-0.18
-0.08,0.74,-0.19
-0.05,0.74,-0.2
-0.03,0.74,-0.21
0.0,0.74,-0.22
0.03,0.74,-0.22
0.06,0.74,-0.22
0.09,0.74,-0.22
0.12,0.74,-0.21
0.15,0.74,-0.19
0.18,0.74,-0.17
0.2,0.74,-0.15
0.22,0.74,-0.12
0.23,0.74,-0.1
0.25,0.74,-0.07
0.27,0.74,-0.03
0.29,0.72,-0.0
0.29,0.72,0.04
0.28,0.72,0.08
0.27,0.72,0.11
0.24,0.72,0.14
0.21,0.72,0.16
0.18,0.72,0.18
0.14,0.72,0.19
0.11,0.72,0.19
0.08,0.72,0.19
0.05,0.72,0.19
0.03,0.72,0.2
-0.0,0.72,0.21
-0.03,0.72,0.23
-0.07,0.72,0.24
-0.11,0.72,0.26
-0.16,0.72,0.27
-0.21,0.72,0.28
-0.27,0.72,0.26
-0.31,0.72,0.24
-0.35,0.72,0.2
-0.37,0.72,0.15
-0.37,0.72,0.1
-0.36,0.72,0.05
-0.34,0.72,-0.0
-0.31,0.72,-0.04
-0.26,0.72,-0.07
-0.23,0.72,-0.1
-0.2,0.72,-0.12
-0.17,0.72,-0.13
-0.15,0.72,-0.15
-0.12,0.72,-0.16
-0.1,0.72,-0.17
-0.08,0.72,-0.18
-0.05,0.72,-0.2
-0.03,0.72,-0.21
0.0,0.72,-0.22
0.03,0.72,-0.22
0.06,0.72,-0.22
0.09,0.72,-0.21
0.12,0.72,-0.2
0.15,0.72,-0.19
0.17,0.72,-0.17
0.19,0.72,-0.15
0.22,0.72,-0.12
0.24,0.72,-0.1
0.26,0.72,-0.07
0.28,0.72,-0.04
0.3,0.7,0.0
0.31,0.7,0.04
0.3,0.7,0.08
0.28,0.7,0.12
0.26,0.7,0.15
0.22,0.7,0.17
0.19,0.7,0.19
0.15,0.7,0.19
0.11,0.7,0.2
0.08,0.7,0.19
0.05,0.7,0.19
0.03,0.7,0.19
-0.0,0.7,0.21
-0.03,0.7,0.22
-0.06,0.7,0.24
-0.11,0.7,0.27
-0.16,0.7,0.28
-0.22,0.7,0.28
-0.27,0.7,0.27
-0.32,0.7,0.25
-0.36,0.7,0.21
-0.38,0.7,0.16
-0.38,0.7,0.1
-0.37,0.7,0.05
-0.35,0.7,-0.0
-0.31,0.7,-0.04
-0.27,0.7,-0.07
-0.22,0.7,-0.09
-0.19,0.7,-0.11
-0.16,0.7,-0.13
-0.14,0.7,-0.14
-0.12,0.7,-0.15
-0.09,0.7,-0.17
-0.07,0.7,-0.18
-0.05,0.7,-0.19
-0.03,0.7,-0.2
0.0,0.7,-0.21
0.03,0.7,-0.21
0.06,0.7,-0.21
0.09,0.7,-0.21
0.12,0.7,-0.2
0.14,0.7,-0.18
0.17,0.7,-0.17
0.19,0.7,-0.15
0.22,0.7,-0.13
0.25,0.7,-0.1
0.27,0.7,-0.07
0.29,0.7,-0.04
0.32,0.68,0.0
0.32,0.68,0.04
0.32,0.68,0.09
0.3,0.68,0.12
0.27,0.68,0.16
0.23,0.68,0.18
0.19,0.68,0.2
0.15,0.68,0.2
0.12,0.68,0.2
0.08,0.68,0.2
0.05,0.68,0.19
0.02,0.68,0.18
-0.0,0.68,0.2
-0.03,0.68,0.21
-0.07,0.68,0.24
-0.11,0.68,0.27
-0.17,0.68,0.29
-0.22,0.68,0.29
-0.28,0.68,0.28
-0.33,0.68,0.26
-0.37,0.68,0.21
-0.39,0.68,0.16
-0.4,0.68,0.11
-0.38,0.68,0.05
-0.35,0.68,-0.0
-0.32,0.68,-0.04
-0.27,0.68,-0.07
-0.22,0.68,-0.09
-0.18,0.68,-0.11
-0.16,0.68,-0.12
-0.13,0.68,-0.13
-0.11,0.68,-0.15
-0.09,0.68,-0.16
-0.07,0.68,-0.17
-0.05,0.68,-0.18
-0.02,0.68,-0.19
0.0,0.68,-0.2
0.03,0.68,-0.2
0.06,0.68,-0.2
0.08,0.68,-0.2
0.11,0.68,-0.19
0.14,0.68,-0.18
0.17,0.68,-0.17
0.2,0.68,-0.15
0.23,0.68,-0.13
0.26,0.68,-0.1
0.28,0.68,-0.07
0.3,0.68,-0.04
0.33,0.67,-0.0
0.34,0.67,0.04
0.33,0.67,0.09
0.32,0.67,0.13
0.29,0.67,0.17
0.25,0.67,0.19
0.2,0.67,0.2
0.16,0.67,0.21
0.12,0.67,0.21
0.08,0.67,0.2
0.05,0.67,0.2
0.02,0.67,0.19
-0.0,0.67,0.18
-0.03,0.67,0.2
-0.07,0.67,0.24
-0.11,0.67,0.27
-0.17,0.67,0.29
-0.23,0.67,0.3
-0.29,0.67,0.29
-0.34,0.67,0.26
-0.38,0.67,0.22
-0.41,0.67,0.17
-0.41,0.67,0.11
-0.39,0.67,0.05
-0.36,0.67,-0.0
-0.32,0.67,-0.04
-0.28,0.67,-0.07
-0.22,0.67,-0.09
-0.17,0.67,-0.1
-0.15,0.67,-0.11
-0.12,0.67,-0.13
-0.1,0.67,-0.14
-0.08,0.67,-0.15
-0.07,0.67,-0.16
-0.05,0.67,-0.17
-0.02,0.67,-0.18
0.0,0.67,-0.19
0.03,0.67,-0.19
0.05,0.67,-0.19
0.08,0.67,-0.19
0.11,0.67,-0.18
0.14,0.67,-0.18
0.17,0.67,-0.17
0.2,0.67,-0.15
0.23,0.67,-0.13
0.26,0.67,-0.11
0.29,0.67,-0.08
0.31,0.67,-0.04
0.34,0.65,0.0
0.35,0.65,0.05
0.35,0.65,0.09
0.33,0.65,0.14
0.3,0.65,0.17
0.26,0.65,0.2
0.21,0.65,0.21
0.17,0.65,0.22
0.12,0.65,0.21
0.09,0.65,0.21
0.05,0.65,0.2
0.02,0.65,0.19
-0.0,0.65,0.17
-0.03,0.65,0.2
-0.07,0.65,0.24
-0.11,0.65,0.28
-0.17,0.65,0.3
-0.24,0.65,0.31
-0.3,0.65,0.3
-0.35,0.65,0.27
-0.4,0.65,0.23
-0.42,0.65,0.17
-0.42,0.65,0.11
-0.4,0.65,0.05
-0.37,0.65,-0.0
-0.32,0.65,-0.04
-0.28,0.65,-0.07
-0.22,0.65,-0.09
-0.16,0.65,-0.09
-0.13,0.65,-0.1
-0.11,0.65,-0.11
-0.1,0.65,-0.13
-0.08,0.65,-0.14
-0.06,0.65,-0.15
-0.04,0.65,-0.16
-0.02,0.65,-0.17
0.0,0.65,-0.18
0.02,0.65,-0.18
0.05,0.65,-0.18
0.08,0.65,-0.18
0.11,0.65,-0.18
0.14,0.65,-0.18
0.17,0.65,-0.17
0.2,0.65,-0.15
0.23,0.65,-0.13
0.27,0.65,-0.11
0.3,0.65,-0.08
0.32,0.65,-0.04
0.36,0.63,0.0
0.37,0.63,0.05
0.37,0.63,0.1
0.35,0.63,0.14
0.31,0.63,0.18
0.27,0.63,0.21
0.22,0.63,0.22
0.17,0.63,0.22
0.13,0.63,0.22
0.09,0.63,0.21
0.05,0.63,0.2
0.02,0.63,0.19
-0.0,0.63,0.17
-0.03,0.63,0.2
-0.07,0.63,0.24
-0.12,0.63,0.28
-0.18,0.63,0.3
-0.24,0.63,0.31
-0.31,0.63,0.31
-0.37,0.63,0.28
-0.41,0.63,0.23
-0.43,0.63,0.18
-0.43,0.63,0.11
-0.41,0.63,0.05
-0.37,0.63,-0.0
-0.32,0.63,-0.04
-0.27,0.63,-0.07
-0.22,0.63,-0.09
-0.16,0.63,-0.09
-0.12,0.63,-0.09
-0.1,0.63,-0.1
-0.08,0.63,-0.11
-0.07,0.63,-0.12
-0.05,0.63,-0.13
-0.04,0.63,-0.14
-0.02,0.63,-0.15
0.0,0.63,-0.16
0.02,0.63,-0.16
0.05,0.63,-0.17
0.07,0.63,-0.18
0.1,0.63,-0.18
0.14,0.63,-0.18
0.17,0.63,-0.17
0.2,0.63,-0.15
0.24,0.63,-0.14
0.27,0.63,-0.11
0.3,0.63,-0.08
0.33,0.63,-0.04
0.37,0.61,-0.0
0.38,0.61,0.05
0.38,0.61,0.1
0.36,0.61,0.15
0.33,0.61,0.19
0.28,0.61,0.22
0.23,0.61,0.23
0.18,0.61,0.23
0.13,0.61,0.23
0.09,0.61,0.21
0.05,0.61,0.2
0.02,0.61,0.19
-0.0,0.61,0.17
-0.02,0.61,0.19
-0.06,0.61,0.24
-0.12,0.61,0.28
-0.18,0.61,0.31
-0.25,0.61,0.32
-0.32,0.61,0.31
-0.38,0.61,0.29
-0.42,0.61,0.24
-0.44,0.61,0.18
-0.44,0.61,0.12
-0.42,0.61,0.05
-0.38,0.61,-0.0
-0.33,0.61,-0.04
-0.27,0.61,-0.07
-0.21,0.61,-0.09
-0.15,0.61,-0.09
-0.1,0.61,-0.07
-0.08,0.61,-0.08
-0.07,0.61,-0.09
-0.06,0.61,-0.1
-0.04,0.61,-0.11
-0.03,0.61,-0.12
-0.02,0.61,-0.14
0.0,0.61,-0.15
0.02,0.61,-0.16
0.05,0.61,-0.17
0.07,0.61,-0.18
0.1,0.61,-0.18
0.13,0.61,-0.17
0.17,0.61,-0.17
0.2,0.61,-0.15
0.24,0.61,-0.14
0.28,0.61,-0.11
0.31,0.61,-0.08
0.34,0.61,-0.04
0.38,0.59,0.0
0.4,0.59,0.05
0.4,0.59,0.11
0.38,0.59,0.16
0.34,0.59,0.2
0.29,0.59,0.22
0.24,0.59,0.24
0.18,0.59,0.24
0.13,0.59,0.23
0.09,0.59,0.22
0.05,0.59,0.2
0.02,0.59,0.18
-0.0,0.59,0.17
-0.02,0.59,0.17
-0.06,0.59,0.23
-0.12,0.59,0.28
-0.18,0.59,0.31
-0.25,0.59,0.33
-0.32,0.59,0.32
-0.39,0.59,0.3
-0.43,0.59,0.25
-0.45,0.59,0.19
-0.45,0.59,0.12
-0.42,0.59,0.05
-0.38,0.59,-0.0
-0.33,0.59,-0.04
-0.26,0.59,-0.07
-0.2,0.59,-0.08
-0.13,0.59,-0.08
-0.07,0.59,-0.05
-0.07,0.59,-0.07
-0.06,0.59,-0.08
-0.05,0.59,-0.09
-0.04,0.59,-0.1
-0.03,0.59,-0.12
-0.02,0.59,-0.13
0.0,0.59,-0.14
0.02,0.59,-0.15
0.04,0.59,-0.16
0.07,0.59,-0.17
0.1,0.59,-0.17
0.13,0.59,-0.17
0.17,0.59,-0.16
0.2,0.59,-0.15
0.24,0.59,-0.14
0.28,0.59,-0.11
0.32,0.59,-0.08
0.35,0.59,-0.04
0.39,0.57,0.0
0.41,0.57,0.05
0.42,0.57,0.11
0.4,0.57,0.16
0.36,0.57,0.21
0.3,0.57,0.23
0.24,0.57,0.25
0.19,0.57,0.24
0.13,0.57,0.23
0.09,0.57,0.22
0.05,0.57,0.2
0.02,0.57,0.18
-0.0,0.57,0.16
-0.02,0.57,0.14
-0.06,0.57,0.22
-0.11,0.57,0.28
-0.18,0.57,0.32
-0.26,0.57,0.33
-0.33,0.57,0.33
-0.4,0.57,0.3
-0.44,0.57,0.26
-0.47,0.57,0.19
-0.46,0.57,0.12
-0.43,0.57,0.06
-0.38,0.57,-0.0
-0.32,0.57,-0.04
-0.26,0.57,-0.07
-0.18,0.57,-0.08
-0.07,0.57,-0.04
-0.06,0.57,-0.05
-0.06,0.57,-0.06
-0.05,0.57,-0.07
-0.05,0.57,-0.08
-0.04,0.57,-0.1
-0.03,0.57,-0.11
-0.02,0.57,-0.12
0.0,0.57,-0.13
0.02,0.57,-0.15
0.04,0.57,-0.16
0.07,0.57,-0.16
0.1,0.57,-0.17
0.13,0.57,-0.16
0.16,0.57,-0.16
0.2,0.57,-0.15
0.24,0.57,-0.14
0.28,0.57,-0.12
0.32,0.57,-0.09
0.36,0.57,-0.05
0.41,0.56,-0.0
0.43,0.56,0.06
0.43,0.56,0.12
0.41,0.56,0.17
0.37,0.56,0.21
0.32,0.56,0.24
0.25,0.56,0.25
0.19,0.56,0.25
0.14,0.56,0.24
0.09,0.56,0.22
0.05,0.56,0.19
0.02,0.56,0.17
-0.0,0.56,0.15
-0.02,0.56,0.13
-0.05,0.56,0.2
-0.11,0.56,0.27
-0.18,0.56,0.32
-0.26,0.56,0.34
-0.34,0.56,0.34
-0.41,0.56,0.31
-0.46,0.56,0.26
-0.48,0.56,0.2
-0.47,0.56,0.13
-0.44,0.56,0.06
-0.39,0.56,-0.0
-0.32,0.56,-0.04
-0.25,0.56,-0.07
-0.15,0.56,-0.06
-0.06,0.56,-0.03
-0.06,0.56,-0.04
-0.05,0.56,-0.05
-0.05,0.56,-0.06
-0.04,0.56,-0.07
-0.04,0.56,-0.09
-0.03,0.56,-0.1
-0.01,0.56,-0.11
0.0,0.56,-0.12
0.02,0.56,-0.13
0.04,0.56,-0.14
0.06,0.56,-0.15
0.09,0.56,-0.16
0.12,0.56,-0.16
0.16,0.56,-0.16
0.2,0.56,-0.15
0.24,0.56,-0.14
0.28,0.56,-0.12
0.33,0.56,-0.09
0.37,0.56,-0.05
0.42,0.54,-0.0
0.44,0.54,0.06
0.44,0.54,0.12
0.42,0.54,0.17
0.38,0.54,0.22
0.33,0.54,0.25
0.26,0.54,0.26
0.19,0.54,0.25
0.14,0.54,0.24
0.09,0.54,0.21
0.05,0.54,0.19
0.02,0.54,0.16
-0.0,0.54,0.14
-0.02,0.54,0.12
-0.03,0.54,0.1
-0.11,0.54,0.27
-0.19,0.54,0.32
-0.27,0.54,0.35
-0.35,0.54,0.35
-0.42,0.54,0.32
-0.47,0.54,0.27
-0.49,0.54,0.2
-0.48,0.54,0.13
-0.45,0.54,0.06
-0.39,0.54,-0.0
-0.32,0.54,-0.04
-0.23,0.54,-0.06
-0.05,0.54,-0.02
-0.05,0.54,-0.03
-0.05,0.54,-0.04
-0.04,0.54,-0.04
-0.04,0.54,-0.05
-0.04,0.54,-0.06
-0.03,0.54,-0.07
-0.02,0.54,-0.08
-0.01,0.54,-0.1
0.0,0.54,-0.11
0.02,0.54,-0.12
0.04,0.54,-0.13
0.06,0.54,-0.14
0.09,0.54,-0.15
0.12,0.54,-0.15
0.15,0.54,-0.15
0.19,0.54,-0.15
0.24,0.54,-0.14
0.28,0.54,-0.12
0.33,0.54,-0.09
0.38,0.54,-0.05
0.44,0.52,0.0
0.45,0.52,0.06
0.45,0.52,0.12
0.43,0.52,0.18
0.39,0.52,0.23
0.33,0.52,0.26
0.27,0.52,0.27
0.2,0.52,0.26
0.14,0.52,0.24
0.09,0.52,0.21
0.05,0.52,0.18
0.02,0.52,0.15
-0.0,0.52,0.13
-0.01,0.52,0.11
-0.02,0.52,0.09
-0.11,0.52,0.26
-0.19,0.52,0.32
-0.27,0.52,0.35
-0.36,0.52,0.36
-0.43,0.52,0.33
-0.48,0.52,0.27
-0.5,0.52,0.21
-0.49,0.52,0.13
-0.46,0.52,0.06
-0.39,0.52,-0.0
-0.31,0.52,-0.04
-0.19,0.52,-0.05
-0.04,0.52,-0.02
-0.04,0.52,-0.02
-0.03,0.52,-0.03
-0.03,0.52,-0.03
-0.03,0.52,-0.04
-0.03,0.52,-0.05
-0.02,0.52,-0.05
-0.02,0.52,-0.06
-0.01,0.52,-0.08
0.0,0.52,-0.09
0.01,0.52,-0.1
0.03,0.52,-0.11
0.05,0.52,-0.12
0.08,0.52,-0.13
0.11,0.52,-0.14
0.15,0.52,-0.14
0.19,0.52,-0.14
0.23,0.52,-0.13
0.28,0.52,-0.12
0.34,0.52,-0.09
0.4,0.52,-0.05
0.45,0.5,0.0
0.46,0.5,0.06
0.46,0.5,0.12
0.43,0.5,0.18
0.4,0.5,0.23
0.34,0.5,0.26
0.27,0.5,0.27
0.2,0.5,0.26
0.14,0.5,0.24
0.09,0.5,0.21
0.05,0.5,0.17
0.02,0.5,0.14
-0.0,0.5,0.11
-0.01,0.5,0.08
-0.02,0.5,0.07
-0.1,0.5,0.24
-0.19,0.5,0.32
-0.28,0.5,0.36
-0.36,0.5,0.36
-0.43,0.5,0.33
-0.48,0.5,0.28
-0.51,0.5,0.21
-0.5,0.5,0.13
-0.48,0.5,0.06
-0.42,0.5,-0.0
-0.3,0.5,-0.04
-0.02,0.5,-0.01
-0.02,0.5,-0.01
-0.02,0.5,-0.01
-0.02,0.5,-0.01
-0.02,0.5,-0.02
-0.02,0.5,-0.02
-0.02,0.5,-0.03
-0.01,0.5,-0.03
-0.01,0.5,-0.04
-0.01,0.5,-0.05
0.0,0.5,-0.06
0.01,0.5,-0.07
0.02,0.5,-0.09
0.04,0.5,-0.1
0.07,0.5,-0.12
0.1,0.5,-0.13
0.14,0.5,-0.14
0.18,0.5,-0.14
0.23,0.5,-0.13
0.28,0.5,-0.12
0.36,0.5,-0.1
0.42,0.5,-0.05
0.46,0.48,0.0
0.47,0.48,0.06
0.46,0.48,0.12
0.44,0.48,0.18
0.4,0.48,0.23
0.34,0.48,0.26
0.28,0.48,0.28
0.2,0.48,0.27
0.14,0.48,0.24
0.08,0.48,0.2
0.04,0.48,0.16
0.02,0.48,0.12
-0.0,0.48,0.08
-0.01,0.48,0.05
-0.01,0.48,0.03
-0.01,0.48,0.02
-0.19,0.48,0.32
-0.28,0.48,0.37
-0.37,0.48,0.37
-0.44,0.48,0.33
-0.49,0.48,0.28
-0.51,0.48,0.21
-0.51,0.48,0.14
-0.5,0.48,0.06
-0.45,0.48,-0.0
-0.29,0.48,-0.04
-0.01,0.48,-0.0
-0.0,0.48,-0.0
-0.0,0.48,-0.0
-0.0,0.48,-0.0
-0.0,0.48,-0.0
-0.0,0.48,-0.01
-0.0,0.48,-0.01
-0.0,0.48,-0.01
-0.0,0.48,-0.01
-0.0,0.48,-0.01
0.0,0.48,-0.02
0.0,0.48,-0.03
0.01,0.48,-0.05
0.03,0.48,-0.07
0.05,0.48,-0.09
0.08,0.48,-0.11
0.12,0.48,-0.12
0.17,0.48,-0.13
0.22,0.48,-0.13
0.29,0.48,-0.12
0.38,0.48,-0.1
0.44,0.48,-0.06
0.47,0.46,-0.0
0.48,0.46,0.06
0.47,0.46,0.12
0.44,0.46,0.18
0.4,0.46,0.23
0.35,0.46,0.27
0.28,0.46,0.28
0.21,0.46,0.27
0.13,0.46,0.23
0.08,0.46,0.19
0.03,0.46,0.13
-0.65,0.46,-4.96
0.01,0.46,-5.0
0.66,0.46,-4.96
1.3,0.46,-4.83
1.92,0.46,-4.62
-0.19,0.46,0.32
-0.29,0.46,0.37
-0.37,0.46,0.37
-0.44,0.46,0.34
-0.49,0.46,0.28
-0.52,0.46,0.21
-0.52,0.46,0.14
-0.51,0.46,0.07
-0.47,0.46,-0.0
-0.39,0.46,-0.05
0.01,0.46,0.0
0.01,0.46,0.0
0.01,0.46,0.01
0.01,0.46,0.01
0.01,0.46,0.01
0.01,0.46,0.01
0.01,0.46,0.02
0.01,0.46,0.02
0.01,0.46,0.03
0.64,0.46,4.96
-0.02,0.46,5.0
-0.67,0.46,4.95
-1.31,0.46,4.82
-1.93,0.46,4.61
-0.08,0.46,0.14
0.06,0.46,-0.08
0.11,0.46,-0.1
0.16,0.46,-0.12
0.21,0.46,-0.12
0.32,0.46,-0.13
0.4,0.46,-0.11
0.45,0.46,-0.06
0.48,0.44,0.0
0.48,0.44,0.06
0.47,0.44,0.13
0.44,0.44,0.18
0.4,0.44,0.23
0.35,0.44,0.27
0.28,0.44,0.28
0.21,0.44,0.27
0.13,0.44,0.23
0.07,0.44,0.16
-1.29,0.44,-4.83
-0.65,0.44,-4.96
0.01,0.44,-5.0
0.66,0.44,-4.96
1.3,0.44,-4.83
1.92,0.44,-4.62
-0.18,0.44,0.32
-0.29,0.44,0.37
-0.37,0.44,0.37
-0.44,0.44,0.34
-0.49,0.44,0.28
-0.52,0.44,0.21
-0.53,0.44,0.14
-0.52,0.44,0.07
-0.49,0.44,-0.0
-0.43,0.44,-0.06
0.03,0.44,0.01
0.03,0.44,0.01
0.03,0.44,0.02
0.03,0.44,0.02
0.02,0.44,0.02
0.02,0.44,0.03
0.02,0.44,0.04
0.02,0.44,0.06
1.28,0.44,4.83
0.64,0.44,4.96
-0.02,0.44,5.0
-0.67,0.44,4.95
-1.31,0.44,4.82
-1.93,0.44,4.61
-0.1,0.44,0.17
-0.1,0.44,0.12
-0.1,0.44,0.1
0.14,0.44,-0.1
0.2,0.44,-0.12
0.35,0.44,-0.14
0.42,0.44,-0.11
0.46,0.44,-0.06
0.49,0.43,-0.0
0.49,0.43,0.06
0.47,0.43,0.13
0.44,0.43,0.18
0.4,0.43,0.23
0.35,0.43,0.27
0.28,0.43,0.28
0.2,0.43,0.27
0.12,0.43,0.21
-1.91,0.43,-4.62
-1.29,0.43,-4.83
-0.65,0.43,-4.96
0.01,0.43,-5.0
0.66,0.43,-4.96
1.3,0.43,-4.83
1.92,0.43,-4.62
-0.18,0.43,0.31
-0.29,0.43,0.37
-0.37,0.43,0.37
-0.44,0.43,0.34
-0.49,0.43,0.28
-0.52,0.43,0.21
-0.53,0.43,0.14
-0.53,0.43,0.07
-0.51,0.43,-0.0
-0.46,0.43,-0.06
0.04,0.43,0.01
0.04,0.43,0.02
0.04,0.43,0.02
0.04,0.43,0.03
0.04,0.43,0.04
0.04,0.43,0.05
0.04,0.43,0.07
1.9,0.43,4.63
1.28,0.43,4.83
0.64,0.43,4.96
-0.02,0.43,5.0
-0.67,0.43,4.95
-1.31,0.43,4.82
-1.93,0.43,4.61
-0.11,0.43,0.19
-0.11,0.43,0.14
-0.11,0.43,0.11
-0.12,0.43,0.09
0.18,0.43,-0.1
0.37,0.43,-0.15
0.44,0.43,-0.12
0.48,0.43,-0.06
0.5,0.41,0.0
0.5,0.41,0.07
0.47,0.41,0.13
0.44,0.41,0.18
0.4,0.41,0.23
0.34,0.41,0.26
0.28,0.41,0.28
0.2,0.41,0.26
0.11,0.41,0.19
-1.91,0.41,-4.62
-1.29,0.41,-4.83
-0.65,0.41,-4.96
0.01,0.41,-5.0
0.66,0.41,-4.96
1.3,0.41,-4.83
1.92,0.41,-4.62
-0.17,0.41,0.29
-0.29,0.41,0.37
-0.37,0.41,0.37
-0.44,0.41,0.34
-0.49,0.41,0.28
-0.52,0.41,0.21
-0.54,0.41,0.14
-0.54,0.41,0.07
-0.52,0.41,-0.0
-0.48,0.41,-0.06
-0.39,0.41,-0.11
0.06,0.41,0.02
0.06,0.41,0.03
0.06,0.41,0.04
0.06,0.41,0.06
0.06,0.41,0.07
0.06,0.41,0.11
1.9,0.41,4.63
1.28,0.41,4.83
0.64,0.41,4.96
-0.02,0.41,5.0
-0.67,0.41,4.95
-1.31,0.41,4.82
-1.93,0.41,4.61
-0.13,0.41,0.22
-0.12,0.41,0.15
-0.12,0.41,0.12
-0.13,0.41,0.1
0.28,0.41,-0.16
0.39,0.41,-0.16
0.45,0.41,-0.12
0.49,0.41,-0.06
0.51,0.39,0.0
0.5,0.39,0.07
0.48,0.39,0.13
0.44,0.39,0.18
0.39,0.39,0.23
0.34,0.39,0.26
0.27,0.39,0.27
0.2,0.39,0.26
-2.5,0.39,-4.33
-1.91,0.39,-4.62
-1.29,0.39,-4.83
-0.65,0.39,-4.96
0.01,0.39,-5.0
0.66,0.39,-4.96
1.3,0.39,-4.83
1.92,0.39,-4.62
2.51,0.39,-4.33
-0.28,0.39,0.37
-0.37,0.39,0.37
-0.44,0.39,0.33
-0.49,0.39,0.28
-0.52,0.39,0.21
-0.54,0.39,0.14
-0.55,0.39,0.07
-0.53,0.39,-0.0
-0.5,0.39,-0.07
-0.43,0.39,-0.12
0.07,0.39,0.03
0.07,0.39,0.04
0.07,0.39,0.05
0.07,0.39,0.07
0.07,0.39,0.1
2.49,0.39,4.34
1.9,0.39,4.63
1.28,0.39,4.83
0.64,0.39,4.96
-0.02,0.39,5.0
-0.67,0.39,4.95
-1.31,0.39,4.82
-1.93,0.39,4.61
-2.52,0.39,4.32
-0.13,0.39,0.17
-0.13,0.39,0.13
-0.14,0.39,0.11
0.31,0.39,-0.18
0.41,0.39,-0.17
0.47,0.39,-0.12
0.5,0.39,-0.06
0.52,0.37,-0.0
0.51,0.37,0.07
0.48,0.37,0.13
0.44,0.37,0.18
0.39,0.37,0.22
0.33,0.37,0.26
0.27,0.37,0.27
0.19,0.37,0.24
-2.5,0.37,-4.33
-1.91,0.37,-4.62
-1.29,0.37,-4.83
-0.65,0.37,-4.96
0.01,0.37,-5.0
0.66,0.37,-4.96
1.3,0.37,-4.83
1.92,0.37,-4.62
2.51,0.37,-4.33
-0.28,0.37,0.36
-0.36,0.37,0.36
-0.43,0.37,0.33
-0.48,0.37,0.28
-0.52,0.37,0.21
-0.54,0.37,0.14
-0.55,0.37,0.07
-0.54,0.37,-0.0
-0.52,0.37,-0.07
-0.46,0.37,-0.12
0.09,0.37,0.04
0.09,0.37,0.05
0.09,0.37,0.07
0.09,0.37,0.09
0.1,0.37,0.13
2.49,0.37,4.34
1.9,0.37,4.63
1.28,0.37,4.83
0.64,0.37,4.96
-0.02,0.37,5.0
-0.67,0.37,4.95
-1.31,0.37,4.82
-1.93,0.37,4.61
-2.52,0.37,4.32
-0.14,0.37,0.18
-0.14,0.37,0.14
-0.15,0.37,0.11
0.33,0.37,-0.19
0.43,0.37,-0.18
0.48,0.37,-0.13
0.51,0.37,-0.06
0.52,0.35,-0.0
0.51,0.35,0.07
0.48,0.35,0.13
0.43,0.35,0.18
0.38,0.35,0.22
0.32,0.35,0.25
0.26,0.35,0.26
0.17,0.35,0.22
-2.5,0.35,-4.33
-1.91,0.35,-4.62
-1.29,0.35,-4.83
-0.65,0.35,-4.96
0.01,0.35,-5.0
0.66,0.35,-4.96
1.3,0.35,-4.83
1.92,0.35,-4.62
2.51,0.35,-4.33
-0.27,0.35,0.35
-0.36,0.35,0.36
-0.43,0.35,0.33
-0.48,0.35,0.27
-0.52,0.35,0.21
-0.54,0.35,0.14
-0.56,0.35,0.07
-0.55,0.35,-0.0
-0.53,0.35,-0.07
-0.48,0.35,-0.13
-0.37,0.35,-0.15
0.1,0.35,0.06
0.1,0.35,0.08
0.1,0.35,0.11
0.12,0.35,0.16
2.49,0.35,4.34
1.9,0.35,4.63
1.28,0.35,4.83
0.64,0.35,4.96
-0.02,0.35,5.0
-0.67,0.35,4.95
-1.31,0.35,4.82
-1.93,0.35,4.61
-2.52,0.35,4.32
-0.15,0.35,0.2
-0.15,0.35,0.15
-0.15,0.35,0.12
0.36,0.35,-0.2
0.45,0.35,-0.18
0.5,0.35,-0.13
0.52,0.35,-0.07
0.53,0.33,0.0
0.51,0.33,0.07
0.48,0.33,0.13
0.43,0.33,0.18
0.37,0.33,0.22
0.31,0.33,0.24
0.24,0.33,0.24
-3.04,0.33,-3.97
-2.5,0.33,-4.33
-1.91,0.33,-4.62
-1.29,0.33,-4.83
-0.65,0.33,-4.96
0.01,0.33,-5.0
0.66,0.33,-4.96
1.3,0.33,-4.83
1.92,0.33,-4.62
2.51,0.33,-4.33
-0.25,0.33,0.33
-0.35,0.33,0.35
-0.42,0.33,0.32
-0.47,0.33,0.27
-0.51,0.33,0.21
-0.54,0.33,0.14
-0.56,0.33,0.07
-0.56,0.33,-0.0
-0.55,0.33,-0.07
-0.5,0.33,-0.14
-0.41,0.33,-0.17
0.12,0.33,0.07
0.12,0.33,0.09
0.12,0.33,0.12
3.03,0.33,3.98
2.49,0.33,4.34
1.9,0.33,4.63
1.28,0.33,4.83
0.64,0.33,4.96
-0.02,0.33,5.0
-0.67,0.33,4.95
-1.31,0.33,4.82
-1.93,0.33,4.61
-2.52,0.33,4.32
-0.17,0.33,0.22
-0.16,0.33,0.16
-0.16,0.33,0.12
0.38,0.33,-0.22
0.46,0.33,-0.19
0.51,0.33,-0.13
0.53,0.33,-0.07
0.54,0.31,-0.0
0.51,0.31,0.07
0.48,0.31,0.13
0.43,0.31,0.18
0.37,0.31,0.21
0.3,0.31,0.23
0.22,0.31,0.22
-3.04,0.31,-3.97
-2.5,0.31,-4.33
-1.91,0.31,-4.62
-1.29,0.31,-4.83
-0.65,0.31,-4.96
0.01,0.31,-5.0
0.66,0.31,-4.96
1.3,0.31,-4.83
1.92,0.31,-4.62
2.51,0.31,-4.33
-0.23,0.31,0.3
-0.34,0.31,0.33
-0.41,0.31,0.31
-0.46,0.31,0.27
-0.51,0.31,0.21
-0.54,0.31,0.14
-0.57,0.31,0.07
-0.57,0.31,-0.0
-0.56,0.31,-0.07
-0.52,0.31,-0.14
-0.45,0.31,-0.19
0.12,0.31,0.07
0.13,0.31,0.1
0.15,0.31,0.15
3.03,0.31,3.98
2.49,0.31,4.34
1.9,0.31,4.63
1.28,0.31,4.83
0.64,0.31,4.96
-0.02,0.31,5.0
-0.67,0.31,4.95
-1.31,0.31,4.82
-1.93,0.31,4.61
-2.52,0.31,4.32
-0.19,0.31,0.25
-0.17,0.31,0.17
-0.16,0.31,0.13
0.4,0.31,-0.23
0.48,0.31,-0.2
0.52,0.31,-0.14
0.54,0.31,-0.07
0.54,0.3,-0.0
0.52,0.3,0.07
0.48,0.3,0.13
0.42,0.3,0.17
0.36,0.3,0.21
0.28,0.3,0.22
-3.53,0.3,-3.54
-3.04,0.3,-3.97
-2.5,0.3,-4.33
-1.91,0.3,-4.62
-1.29,0.3,-4.83
-0.65,0.3,-4.96
0.01,0.3,-5.0
0.66,0.3,-4.96
1.3,0.3,-4.83
1.92,0.3,-4.62
2.51,0.3,-4.33
3.05,0.3,-3.96
-0.32,0.3,0.32
-0.39,0.3,0.3
-0.45,0.3,0.26
-0.51,0.3,0.21
-0.54,0.3,0.14
-0.57,0.3,0.07
-0.58,0.3,-0.0
-0.57,0.3,-0.08
-0.54,0.3,-0.15
-0.47,0.3,-0.2
0.13,0.3,0.08
0.14,0.3,0.11
3.52,0.3,3.55
3.03,0.3,3.98
2.49,0.3,4.34
1.9,0.3,4.63
1.28,0.3,4.83
0.64,0.3,4.96
-0.02,0.3,5.0
-0.67,0.3,4.95
-1.31,0.3,4.82
-1.93,0.3,4.61
-2.52,0.3,4.32
-3.06,0.3,3.95
-0.18,0.3,0.18
0.26,0.3,-0.2
0.42,0.3,-0.24
0.49,0.3,-0.2
0.54,0.3,-0.14
0.55,0.3,-0.07
0.55,0.28,-0.0
0.52,0.28,0.07
0.47,0.28,0.13
0.42,0.28,0.17
0.35,0.28,0.2
0.26,0.28,0.2
-3.53,0.28,-3.54
-3.04,0.28,-3.97
-2.5,0.28,-4.33
-1.91,0.28,-4.62
-1.29,0.28,-4.83
-0.65,0.28,-4.96
0.01,0.28,-5.0
0.66,0.28,-4.96
1.3,0.28,-4.83
1.92,0.28,-4.62
2.51,0.28,-4.33
3.05,0.28,-3.96
-0.29,0.28,0.29
-0.38,0.28,0.29
-0.45,0.28,0.26
-0.5,0.28,0.21
-0.54,0.28,0.14
-0.57,0.28,0.07
-0.58,0.28,-0.0
-0.58,0.28,-0.08
-0.55,0.28,-0.15
-0.49,0.28,-0.21
-0.36,0.28,-0.21
0.17,0.28,0.13
3.52,0.28,3.55
3.03,0.28,3.98
2.49,0.28,4.34
1.9,0.28,4.63
1.28,0.28,4.83
0.64,0.28,4.96
-0.02,0.28,5.0
-0.67,0.28,4.95
-1.31,0.28,4.82
-1.93,0.28,4.61
-2.52,0.28,4.32
-3.06,0.28,3.95
-0.2,0.28,0.2
0.3,0.28,-0.23
0.43,0.28,-0.25
0.51,0.28,-0.21
0.55,0.28,-0.14
0.56,0.28,-0.07
0.55,0.26,-0.0
0.52,0.26,0.07
0.47,0.26,0.13
0.41,0.26,0.17
0.33,0.26,0.19
-3.97,0.26,-3.05
-3.53,0.26,-3.54
-3.04,0.26,-3.97
-2.5,0.26,-4.33
-1.91,0.26,-4.62
-1.29,0.26,-4.83
-0.65,0.26,-4.96
0.01,0.26,-5.0
0.66,0.26,-4.96
1.3,0.26,-4.83
1.92,0.26,-4.62
2.51,0.26,-4.33
3.05,0.26,-3.96
3.54,0.26,-3.53
-0.36,0.26,0.28
-0.44,0.26,0.25
-0.49,0.26,0.2
-0.54,0.26,0.14
-0.57,0.26,0.07
-0.59,0.26,-0.0
-0.59,0.26,-0.08
-0.56,0.26,-0.15
-0.51,0.26,-0.21
-0.41,0.26,-0.24
3.96,0.26,3.06
3.52,0.26,3.55
3.03,0.26,3.98
2.49,0.26,4.34
1.9,0.26,4.63
1.28,0.26,4.83
0.64,0.26,4.96
-0.02,0.26,5.0
-0.67,0.26,4.95
-1.31,0.26,4.82
-1.93,0.26,4.61
-2.52,0.26,4.32
-3.06,0.26,3.95
-3.55,0.26,3.52
0.33,0.26,-0.25
0.45,0.26,-0.26
0.52,0.26,-0.21
0.56,0.26,-0.15
0.57,0.26,-0.07
0.56,0.24,-0.0
0.52,0.24,0.07
0.47,0.24,0.12
0.4,0.24,0.16
0.31,0.24,0.18
-3.97,0.24,-3.05
-3.53,0.24,-3.54
-3.04,0.24,-3.97
-2.5,0.24,-4.33
-1.91,0.24,-4.62
-1.29,0.24,-4.83
-0.65,0.24,-4.96
0.01,0.24,-5.0
0.66,0.24,-4.96
1.3,0.24,-4.83
1.92,0.24,-4.62
2.51,0.24,-4.33
3.05,0.24,-3.96
3.54,0.24,-3.53
-0.34,0.24,0.26
-0.42,0.24,0.24
-0.49,0.24,0.2
-0.54,0.24,0.14
-0.57,0.24,0.07
-0.59,0.24,-0.0
-0.6,0.24,-0.08
-0.58,0.24,-0.16
-0.53,0.24,-0.22
-0.43,0.24,-0.25
3.96,0.24,3.06
3.52,0.24,3.55
3.03,0.24,3.98
2.49,0.24,4.34
1.9,0.24,4.63
1.28,0.24,4.83
0.64,0.24,4.96
-0.02,0.24,5.0
-0.67,0.24,4.95
-1.31,0.24,4.82
-1.93,0.24,4.61
-2.52,0.24,4.32
-3.06,0.24,3.95
-3.55,0.24,3.52
0.35,0.24,-0.27
0.47,0.24,-0.27
0.53,0.24,-0.22
0.57,0.24,-0.15
0.57,0.24,-0.07
0.56,0.22,0.0
0.52,0.22,0.07
0.46,0.22,0.12
0.39,0.22,0.16
0.28,0.22,0.16
-3.97,0.22,-3.05
-3.53,0.22,-3.54
-3.04,0.22,-3.97
-2.5,0.22,-4.33
-1.91,0.22,-4.62
-1.29,0.22,-4.83
-0.65,0.22,-4.96
0.01,0.22,-5.0
0.66,0.22,-4.96
1.3,0.22,-4.83
1.92,0.22,-4.62
2.51,0.22,-4.33
3.05,0.22,-3.96
3.54,0.22,-3.53
-0.31,0.22,0.24
-0.41,0.22,0.23
-0.48,0.22,0.2
-0.53,0.22,0.14
-0.57,0.22,0.07
-0.6,0.22,-0.0
-0.6,0.22,-0.08
-0.59,0.22,-0.16
-0.54,0.22,-0.22
-0.45,0.22,-0.26
3.96,0.22,3.06
3.52,0.22,3.55
3.03,0.22,3.98
2.49,0.22,4.34
1.9,0.22,4.63
1.28,0.22,4.83
0.64,0.22,4.96
-0.02,0.22,5.0
-0.67,0.22,4.95
-1.31,0.22,4.82
-1.93,0.22,4.61
-2.52,0.22,4.32
-3.06,0.22,3.95
-3.55,0.22,3.52
0.37,0.22,-0.28
0.48,0.22,-0.28
0.55,0.22,-0.22
0.58,0.22,-0.15
0.58,0.22,-0.07
0.56,0.2,-0.0
0.52,0.2,0.07
0.45,0.2,0.12
0.37,0.2,0.15
-0.25,0.2,-0.14
-3.97,0.2,-3.05
-3.53,0.2,-3.54
-3.04,0.2,-3.97
-2.5,0.2,-4.33
-1.91,0.2,-4.62
-1.29,0.2,-4.83
-0.65,0.2,-4.96
0.01,0.2,-5.0
0.66,0.2,-4.96
1.3,0.2,-4.83
1.92,0.2,-4.62
2.51,0.2,-4.33
3.05,0.2,-3.96
3.54,0.2,-3.53
0.21,0.2,-0.16
-0.39,0.2,0.22
-0.47,0.2,0.19
-0.53,0.2,0.14
-0.57,0.2,0.07
-0.6,0.2,-0.0
-0.61,0.2,-0.08
-0.6,0.2,-0.16
-0.55,0.2,-0.23
-0.46,0.2,-0.27
3.96,0.2,3.06
3.52,0.2,3.55
3.03,0.2,3.98
2.49,0.2,4.34
1.9,0.2,4.63
1.28,0.2,4.83
0.64,0.2,4.96
-0.02,0.2,5.0
-0.67,0.2,4.95
-1.31,0.2,4.82
-1.93,0.2,4.61
-2.52,0.2,4.32
-3.06,0.2,3.95
-3.55,0.2,3.52
0.39,0.2,-0.3
0.49,0.2,-0.28
0.56,0.2,-0.23
0.59,0.2,-0.15
0.59,0.2,-0.07
0.56,0.19,-0.0
0.51,0.19,0.07
0.44,0.19,0.12
0.35,0.19,0.15
-0.24,0.19,-0.14
-3.97,0.19,-3.05
-3.53,0.19,-3.54
-3.04,0.19,-3.97
-2.5,0.19,-4.33
-1.91,0.19,-4.62
-1.29,0.19,-4.83
-0.65,0.19,-4.96
0.01,0.19,-5.0
0.66,0.19,-4.96
1.3,0.19,-4.83
1.92,0.19,-4.62
2.51,0.19,-4.33
3.05,0.19,-3.96
3.54,0.19,-3.53
0.21,0.19,-0.16
-0.37,0.19,0.21
-0.45,0.19,0.19
-0.52,0.19,0.14
-0.57,0.19,0.07
-0.6,0.19,-0.0
-0.62,0.19,-0.08
-0.6,0.19,-0.16
-0.55,0.19,-0.23
-0.47,0.19,-0.27
3.96,0.19,3.06
3.52,0.19,3.55
3.03,0.19,3.98
2.49,0.19,4.34
1.9,0.19,4.63
1.28,0.19,4.83
0.64,0.19,4.96
-0.02,0.19,5.0
-0.67,0.19,4.95
-1.31,0.19,4.82
-1.93,0.19,4.61
-2.52,0.19,4.32
-3.06,0.19,3.95
-3.55,0.19,3.52
0.4,0.19,-0.31
0.5,0.19,-0.29
0.57,0.19,-0.23
0.6,0.19,-0.16
0.59,0.19,-0.08
0.56,0.17,0.0
0.51,0.17,0.07
0.43,0.17,0.12
0.31,0.17,0.13
-0.24,0.17,-0.14
-0.31,0.17,-0.23
-3.53,0.17,-3.54
-3.04,0.17,-3.97
-2.5,0.17,-4.33
-1.91,0.17,-4.62
-1.29,0.17,-4.83
-0.65,0.17,-4.96
0.01,0.17,-5.0
0.66,0.17,-4.96
1.3,0.17,-4.83
1.92,0.17,-4.62
2.51,0.17,-4.33
3.05,0.17,-3.96
3.54,0.17,-3.53
0.22,0.17,-0.17
-0.31,0.17,0.18
-0.44,0.17,0.18
-0.51,0.17,0.14
-0.56,0.17,0.07
-0.6,0.17,-0.0
-0.62,0.17,-0.08
-0.6,0.17,-0.16
-0.56,0.17,-0.23
-0.47,0.17,-0.28
3.96,0.17,3.06
3.52,0.17,3.55
3.03,0.17,3.98
2.49,0.17,4.34
1.9,0.17,4.63
1.28,0.17,4.83
0.64,0.17,4.96
-0.02,0.17,5.0
-0.67,0.17,4.95
-1.31,0.17,4.82
-1.93,0.17,4.61
-2.52,0.17,4.32
-3.06,0.17,3.95
-3.55,0.17,3.52
0.41,0.17,-0.31
0.51,0.17,-0.29
0.57,0.17,-0.23
0.6,0.17,-0.16
0.6,0.17,-0.08
0.57,0.15,-0.0
0.5,0.15,0.07
0.42,0.15,0.11
-0.23,0.15,-0.1
-0.24,0.15,-0.14
-0.29,0.15,-0.22
-3.53,0.15,-3.54
-3.04,0.15,-3.97
-2.5,0.15,-4.33
-1.91,0.15,-4.62
-1.29,0.15,-4.83
-0.65,0.15,-4.96
0.01,0.15,-5.0
0.66,0.15,-4.96
1.3,0.15,-4.83
1.92,0.15,-4.62
2.51,0.15,-4.33
3.05,0.15,-3.96
3.54,0.15,-3.53
0.22,0.15,-0.17
0.2,0.15,-0.12
-0.42,0.15,0.17
-0.5,0.15,0.13
-0.56,0.15,0.07
-0.6,0.15,-0.0
-0.62,0.15,-0.08
-0.61,0.15,-0.16
-0.56,0.15,-0.23
-0.48,0.15,-0.28
-0.33,0.15,-0.25
3.52,0.15,3.55
3.03,0.15,3.98
2.49,0.15,4.34
1.9,0.15,4.63
1.28,0.15,4.83
0.64,0.15,4.96
-0.02,0.15,5.0
-0.67,0.15,4.95
-1.31,0.15,4.82
-1.93,0.15,4.61
-2.52,0.15,4.32
-3.06,0.15,3.95
-3.55,0.15,3.52
0.42,0.15,-0.32
0.51,0.15,-0.29
0.58,0.15,-0.24
0.61,0.15,-0.16
0.6,0.15,-0.08
0.56,0.13,-0.0
0.5,0.13,0.07
0.4,0.13,0.11
-0.23,0.13,-0.1
-0.24,0.13,-0.14
-0.29,0.13,-0.22
-3.53,0.13,-3.54
-3.04,0.13,-3.97
-2.5,0.13,-4.33
-1.91,0.13,-4.62
-1.29,0.13,-4.83
-0.65,0.13,-4.96
0.01,0.13,-5.0
0.66,0.13,-4.96
1.3,0.13,-4.83
1.92,0.13,-4.62
2.51,0.13,-4.33
3.05,0.13,-3.96
3.54,0.13,-3.53
0.23,0.13,-0.17
0.21,0.13,-0.12
-0.39,0.13,0.16
-0.49,0.13,0.13
-0.55,0.13,0.07
-0.6,0.13,-0.0
-0.62,0.13,-0.08
-0.61,0.13,-0.16
-0.56,0.13,-0.23
-0.48,0.13,-0.28
-0.33,0.13,-0.25
3.52,0.13,3.55
3.03,0.13,3.98
2.49,0.13,4.34
1.9,0.13,4.63
1.28,0.13,4.83
0.64,0.13,4.96
-0.02,0.13,5.0
-0.67,0.13,4.95
-1.31,0.13,4.82
-1.93,0.13,4.61
-2.52,0.13,4.32
-3.06,0.13,3.95
-3.55,0.13,3.52
0.42,0.13,-0.32
0.52,0.13,-0.29
0.58,0.13,-0.24
0.61,0.13,-0.16
0.6,0.13,-0.08
0.56,0.11,0.0
0.49,0.11,0.06
0.36,0.11,0.1
-0.24,0.11,-0.1
-0.25,0.11,-0.14
-0.3,0.11,-0.23
-3.53,0.11,-3.54
-3.04,0.11,-3.97
-2.5,0.11,-4.33
-1.91,0.11,-4.62
-1.29,0.11,-4.83
-0.65,0.11,-4.96
0.01,0.11,-5.0
0.66,0.11,-4.96
1.3,0.11,-4.83
1.92,0.11,-4.62
2.51,0.11,-4.33
3.05,0.11,-3.96
3.54,0.11,-3.53
0.23,0.11,-0.18
0.22,0.11,-0.12
0.21,0.11,-0.09
-0.47,0.11,0.13
-0.54,0.11,0.07
-0.6,0.11,-0.0
-0.62,0.11,-0.08
-0.6,0.11,-0.16
-0.56,0.11,-0.23
-0.47,0.11,-0.28
3.96,0.11,3.06
3.52,0.11,3.55
3.03,0.11,3.98
2.49,0.11,4.34
1.9,0.11,4.63
1.28,0.11,4.83
0.64,0.11,4.96
-0.02,0.11,5.0
-0.67,0.11,4.95
-1.31,0.11,4.82
-1.93,0.11,4.61
-2.52,0.11,4.32
-3.06,0.11,3.95
-3.55,0.11,3.52
0.42,0.11,-0.32
0.52,0.11,-0.29
0.58,0.11,-0.24
0.61,0.11,-0.16
0.6,0.11,-0.08
0.56,0.09,0.0
0.48,0.09,0.06
-0.24,0.09,-0.06
-0.24,0.09,-0.1
-0.25,0.09,-0.14
-3.97,0.09,-3.05
-3.53,0.09,-3.54
-3.04,0.09,-3.97
-2.5,0.09,-4.33
-1.91,0.09,-4.62
-1.29,0.09,-4.83
-0.65,0.09,-4.96
0.01,0.09,-5.0
0.66,0.09,-4.96
1.3,0.09,-4.83
1.92,0.09,-4.62
2.51,0.09,-4.33
3.05,0.09,-3.96
3.54,0.09,-3.53
0.24,0.09,-0.18
0.22,0.09,-0.13
0.22,0.09,-0.09
-0.45,0.09,0.12
-0.54,0.09,0.07
-0.59,0.09,-0.0
-0.62,0.09,-0.08
-0.6,0.09,-0.16
-0.55,0.09,-0.23
-0.47,0.09,-0.27
3.96,0.09,3.06
3.52,0.09,3.55
3.03,0.09,3.98
2.49,0.09,4.34
1.9,0.09,4.63
1.28,0.09,4.83
0.64,0.09,4.96
-0.02,0.09,5.0
-0.67,0.09,4.95
-1.31,0.09,4.82
-1.93,0.09,4.61
-2.52,0.09,4.32
-3.06,0.09,3.95
-3.55,0.09,3.52
0.42,0.09,-0.32
0.51,0.09,-0.29
0.58,0.09,-0.24
0.61,0.09,-0.16
0.6,0.09,-0.08
0.56,0.07,0.0
0.46,0.07,0.06
-0.25,0.07,-0.07
-0.25,0.07,-0.1
-0.26,0.07,-0.15
-3.97,0.07,-3.05
-3.53,0.07,-3.54
-3.04,0.07,-3.97
-2.5,0.07,-4.33
-1.91,0.07,-4.62
-1.29,0.07,-4.83
-0.65,0.07,-4.96
0.01,0.07,-5.0
0.66,0.07,-4.96
1.3,0.07,-4.83
1.92,0.07,-4.62
2.51,0.07,-4.33
3.05,0.07,-3.96
3.54,0.07,-3.53
0.24,0.07,-0.18
0.23,0.07,-0.13
0.23,0.07,-0.09
-0.41,0.07,0.11
-0.52,0.07,0.07
-0.59,0.07,-0.0
-0.61,0.07,-0.08
-0.6,0.07,-0.16
-0.55,0.07,-0.23
-0.46,0.07,-0.27
3.96,0.07,3.06
3.52,0.07,3.55
3.03,0.07,3.98
2.49,0.07,4.34
1.9,0.07,4.63
1.28,0.07,4.83
0.64,0.07,4.96
-0.02,0.07,5.0
-0.67,0.07,4.95
-1.31,0.07,4.82
-1.93,0.07,4.61
-2.52,0.07,4.32
-3.06,0.07,3.95
-3.55,0.07,3.52
0.41,0.07,-0.32
0.51,0.07,-0.29
0.57,0.07,-0.23
0.6,0.07,-0.16
0.6,0.07,-0.08
0.55,0.06,-0.0
0.44,0.06,0.06
-0.26,0.06,-0.07
-0.26,0.06,-0.11
-0.27,0.06,-0.15
-3.97,0.06,-3.05
-3.53,0.06,-3.54
-3.04,0.06,-3.97
-2.5,0.06,-4.33
-1.91,0.06,-4.62
-1.29,0.06,-4.83
-0.65,0.06,-4.96
0.01,0.06,-5.0
0.66,0.06,-4.96
1.3,0.06,-4.83
1.92,0.06,-4.62
2.51,0.06,-4.33
3.05,0.06,-3.96
3.54,0.06,-3.53
0.25,0.06,-0.19
0.24,0.06,-0.14
0.24,0.06,-0.1
0.24,0.06,-0.06
-0.51,0.06,0.07
-0.58,0.06,-0.0
-0.6,0.06,-0.08
-0.59,0.06,-0.16
-0.54,0.06,-0.22
-0.45,0.06,-0.26
3.96,0.06,3.06
3.52,0.06,3.55
3.03,0.06,3.98
2.49,0.06,4.34
1.9,0.06,4.63
1.28,0.06,4.83
0.64,0.06,4.96
-0.02,0.06,5.0
-0.67,0.06,4.95
-1.31,0.06,4.82
-1.93,0.06,4.61
-2.52,0.06,4.32
-3.06,0.06,3.95
-3.55,0.06,3.52
0.41,0.06,-0.31
0.51,0.06,-0.29
0.57,0.06,-0.23
0.6,0.06,-0.16
0.59,0.06,-0.08
0.54,0.04,0.0
-0.28,0.04,-0.04
-0.27,0.04,-0.07
-0.27,0.04,-0.11
-0.28,0.04,-0.16
-3.97,0.04,-3.05
-3.53,0.04,-3.54
-3.04,0.04,-3.97
-2.5,0.04,-4.33
-1.91,0.04,-4.62
-1.29,0.04,-4.83
-0.65,0.04,-4.96
0.01,0.04,-5.0
0.66,0.04,-4.96
1.3,0.04,-4.83
1.92,0.04,-4.62
2.51,0.04,-4.33
3.05,0.04,-3.96
3.54,0.04,-3.53
0.26,0.04,-0.2
0.25,0.04,-0.14
0.25,0.04,-0.1
0.25,0.04,-0.07
-0.49,0.04,0.06
-0.57,0.04,-0.0
-0.59,0.04,-0.08
-0.58,0.04,-0.16
-0.53,0.04,-0.22
-0.44,0.04,-0.25
3.96,0.04,3.06
3.52,0.04,3.55
3.03,0.04,3.98
2.49,0.04,4.34
1.9,0.04,4.63
1.28,0.04,4.83
0.64,0.04,4.96
-0.02,0.04,5.0
-0.67,0.04,4.95
-1.31,0.04,4.82
-1.93,0.04,4.61
-2.52,0.04,4.32
-3.06,0.04,3.95
-3.55,0.04,3.52
0.4,0.04,-0.3
0.5,0.04,-0.28
0.56,0.04,-0.23
0.59,0.04,-0.16
0.59,0.04,-0.07
0.53,0.02,-0.0
-0.29,0.02,-0.04
-0.28,0.02,-0.07
-0.28,0.02,-0.12
-0.31,0.02,-0.18
-3.97,0.02,-3.05
-3.53,0.02,-3.54
-3.04,0.02,-3.97
-2.5,0.02,-4.33
-1.91,0.02,-4.62
-1.29,0.02,-4.83
-0.65,0.02,-4.96
0.01,0.02,-5.0
0.66,0.02,-4.96
1.3,0.02,-4.83
1.92,0.02,-4.62
2.51,0.02,-4.33
3.05,0.02,-3.96
3.54,0.02,-3.53
0.28,0.02,-0.21
0.26,0.02,-0.15
0.26,0.02,-0.11
0.26,0.02,-0.07
-0.45,0.02,0.06
-0.55,0.02,-0.0
-0.58,0.02,-0.08
-0.57,0.02,-0.15
-0.51,0.02,-0.21
-0.41,0.02,-0.24
3.96,0.02,3.06
3.52,0.02,3.55
3.03,0.02,3.98
2.49,0.02,4.34
1.9,0.02,4.63
1.28,0.02,4.83
0.64,0.02,4.96
-0.02,0.02,5.0
-0.67,0.02,4.95
-1.31,0.02,4.82
-1.93,0.02,4.61
-2.52,0.02,4.32
-3.06,0.02,3.95
-3.55,0.02,3.52
0.38,0.02,-0.29
0.49,0.02,-0.28
0.55,0.02,-0.23
