-4.96,2.3,-0.65
-4.83,2.3,-1.3
-4.62,2.3,-1.91
-4.33,2.3,-2.5
-3.97,2.3,-3.05
-3.53,2.3,-3.54
-3.04,2.3,-3.97
-2.5,2.3,-4.33
-1.91,2.3,-4.62
-1.29,2.3,-4.83
-0.65,2.3,-4.96
0.01,2.3,-5.0
0.66,2.3,-4.96
1.3,2.3,-4.83
1.92,2.3,-4.62
2.51,2.3,-4.33
3.05,2.3,-3.96
3.54,2.3,-3.53
3.97,2.3,-3.04
4.34,2.3,-2.49
4.62,2.3,-1.9
4.83,2.3,-1.28
4.96,2.3,-0.64
5.0,2.3,0.01
4.96,2.3,0.67
4.83,2.3,1.31
4.61,2.3,1.93
4.32,2.3,2.51
3.96,2.3,3.06
3.52,2.3,3.55
3.03,2.3,3.98
2.49,2.3,4.34
1.9,2.3,4.63
1.28,2.3,4.83
0.64,2.3,4.96
-0.02,2.3,5.0
-0.67,2.3,4.95
-1.31,2.3,4.82
-1.93,2.3,4.61
-2.52,2.3,4.32
-3.06,2.3,3.95
-3.55,2.3,3.52
-3.98,2.3,3.03
-4.34,2.3,2.48
-4.63,2.3,1.89
-4.84,2.3,1.27
-4.96,2.3,0.63
-5.0,2.28,0.0
-4.96,2.28,-0.65
-4.83,2.28,-1.3
-4.62,2.28,-1.91
-4.33,2.28,-2.5
-3.97,2.28,-3.05
-3.53,2.28,-3.54
-3.04,2.28,-3.97
-2.5,2.28,-4.33
-1.91,2.28,-4.62
-1.29,2.28,-4.83
-0.65,2.28,-4.96
0.01,2.28,-5.0
0.66,2.28,-4.96
1.3,2.28,-4.83
1.92,2.28,-4.62
2.51,2.28,-4.33
3.05,2.28,-3.96
3.54,2.28,-3.53
3.97,2.28,-3.04
4.34,2.28,-2.49
4.62,2.28,-1.9
4.83,2.28,-1.28
4.96,2.28,-0.64
5.0,2.28,0.01
4.96,2.28,0.67
4.83,2.28,1.31
4.61,2.28,1.93
4.32,2.28,2.51
3.96,2.28,3.06
3.52,2.28,3.55
3.03,2.28,3.98
2.49,2.28,4.34
1.9,2.28,4.63
1.28,2.28,4.83
0.64,2.28,4.96
-0.02,2.28,5.0
-0.67,2.28,4.95
-1.31,2.28,4.82
-1.93,2.28,4.61
-2.52,2.28,4.32
-3.06,2.28,3.95
-3.55,2.28,3.52
-3.98,2.28,3.03
-4.34,2.28,2.48
-4.63,2.28,1.89
-4.84,2.28,1.27
-4.96,2.28,0.63
-5.0,2.25,0.0
-4.96,2.25,-0.65
-4.83,2.25,-1.3
-4.62,2.25,-1.91
-4.33,2.25,-2.5
-3.97,2.25,-3.05
-3.53,2.25,-3.54
-3.04,2.25,-3.97
-2.5,2.25,-4.33
-1.91,2.25,-4.62
-1.29,2.25,-4.83
-0.65,2.25,-4.96
0.01,2.25,-5.0
0.66,2.25,-4.96
1.3,2.25,-4.83
1.92,2.25,-4.62
2.51,2.25,-4.33
3.05,2.25,-3.96
3.54,2.25,-3.53
3.97,2.25,-3.04
4.34,2.25,-2.49
4.62,2.25,-1.9
4.83,2.25,-1.28
4.96,2.25,-0.64
5.0,2.25,0.01
4.96,2.25,0.67
4.83,2.25,1.31
4.61,2.25,1.93
4.32,2.25,2.51
3.96,2.25,3.06
3.52,2.25,3.55
3.03,2.25,3.98
2.49,2.25,4.34
1.9,2.25,4.63
1.28,2.25,4.83
0.64,2.25,4.96
-0.02,2.25,5.0
-0.67,2.25,4.95
-1.31,2.25,4.82
-1.93,2.25,4.61
-2.52,2.25,4.32
-3.06,2.25,3.95
-3.55,2.25,3.52
-3.98,2.25,3.03
-4.34,2.25,2.48
-4.63,2.25,1.89
-4.84,2.25,1.27
-4.96,2.25,0.63
-5.0,2.23,0.0
-4.96,2.23,-0.65
-4.83,2.23,-1.3
-4.62,2.23,-1.91
-4.33,2.23,-2.5
-3.97,2.23,-3.05
-3.53,2.23,-3.54
-3.04,2.23,-3.97
-2.5,2.23,-4.33
-1.91,2.23,-4.62
-1.29,2.23,-4.83
-0.65,2.23,-4.96
0.01,2.23,-5.0
0.66,2.23,-4.96
1.3,2.23,-4.83
1.92,2.23,-4.62
2.51,2.23,-4.33
3.05,2.23,-3.96
3.54,2.23,-3.53
3.97,2.23,-3.04
4.34,2.23,-2.49
4.62,2.23,-1.9
4.83,2.23,-1.28
4.96,2.23,-0.64
5.0,2.23,0.01
4.96,2.23,0.67
4.83,2.23,1.31
4.61,2.23,1.93
4.32,2.23,2.51
3.96,2.23,3.06
3.52,2.23,3.55
3.03,2.23,3.98
2.49,2.23,4.34
1.9,2.23,4.63
1.28,2.23,4.83
0.64,2.23,4.96
-0.02,2.23,5.0
-0.67,2.23,4.95
-1.31,2.23,4.82
-1.93,2.23,4.61
-2.52,2.23,4.32
-3.06,2.23,3.95
-3.55,2.23,3.52
-3.98,2.23,3.03
-4.34,2.23,2.48
-4.63,2.23,1.89
-4.84,2.23,1.27
-4.96,2.23,0.63
-5.0,2.21,0.0
-4.96,2.21,-0.65
-4.83,2.21,-1.3
-4.62,2.21,-1.91
-4.33,2.21,-2.5
-3.97,2.21,-3.05
-3.53,2.21,-3.54
-3.04,2.21,-3.97
-2.5,2.21,-4.33
-1.91,2.21,-4.62
-1.29,2.21,-4.83
-0.65,2.21,-4.96
0.01,2.21,-5.0
0.66,2.21,-4.96
1.3,2.21,-4.83
1.92,2.21,-4.62
2.51,2.21,-4.33
3.05,2.21,-3.96
3.54,2.21,-3.53
3.97,2.21,-3.04
4.34,2.21,-2.49
4.62,2.21,-1.9
4.83,2.21,-1.28
4.96,2.21,-0.64
5.0,2.21,0.01
4.96,2.21,0.67
4.83,2.21,1.31
4.61,2.21,1.93
4.32,2.21,2.51
3.96,2.21,3.06
3.52,2.21,3.55
3.03,2.21,3.98
2.49,2.21,4.34
1.9,2.21,4.63
1.28,2.21,4.83
0.64,2.21,4.96
-0.02,2.21,5.0
-0.67,2.21,4.95
-1.31,2.21,4.82
-1.93,2.21,4.61
-2.52,2.21,4.32
-3.06,2.21,3.95
-3.55,2.21,3.52
-3.98,2.21,3.03
-4.34,2.21,2.48
-4.63,2.21,1.89
-4.84,2.21,1.27
-4.96,2.21,0.63
-5.0,2.19,0.0
-4.96,2.19,-0.65
-4.83,2.19,-1.3
-4.62,2.19,-1.91
-4.33,2.19,-2.5
-3.97,2.19,-3.05
-3.53,2.19,-3.54
-3.04,2.19,-3.97
-2.5,2.19,-4.33
-1.91,2.19,-4.62
-1.29,2.19,-4.83
-0.65,2.19,-4.96
0.01,2.19,-5.0
0.66,2.19,-4.96
1.3,2.19,-4.83
1.92,2.19,-4.62
2.51,2.19,-4.33
3.05,2.19,-3.96
3.54,2.19,-3.53
3.97,2.19,-3.04
4.34,2.19,-2.49
4.62,2.19,-1.9
4.83,2.19,-1.28
4.96,2.19,-0.64
5.0,2.19,0.01
4.96,2.19,0.67
4.83,2.19,1.31
4.61,2.19,1.93
4.32,2.19,2.51
3.96,2.19,3.06
3.52,2.19,3.55
3.03,2.19,3.98
2.49,2.19,4.34
1.9,2.19,4.63
1.28,2.19,4.83
0.64,2.19,4.96
-0.02,2.19,5.0
-0.67,2.19,4.95
-1.31,2.19,4.82
-1.93,2.19,4.61
-2.52,2.19,4.32
-3.06,2.19,3.95
-3.55,2.19,3.52
-3.98,2.19,3.03
-4.34,2.19,2.48
-4.63,2.19,1.89
-4.84,2.19,1.27
-4.96,2.19,0.63
-5.0,2.16,0.0
-4.96,2.16,-0.65
-4.83,2.16,-1.3
-4.62,2.16,-1.91
-4.33,2.16,-2.5
-3.97,2.16,-3.05
-3.53,2.16,-3.54
-3.04,2.16,-3.97
-2.5,2.16,-4.33
-1.91,2.16,-4.62
-1.29,2.16,-4.83
-0.65,2.16,-4.96
0.01,2.16,-5.0
0.66,2.16,-4.96
1.3,2.16,-4.83
1.92,2.16,-4.62
2.51,2.16,-4.33
3.05,2.16,-3.96
3.54,2.16,-3.53
3.97,2.16,-3.04
4.34,2.16,-2.49
4.62,2.16,-1.9
4.83,2.16,-1.28
4.96,2.16,-0.64
5.0,2.16,0.01
4.96,2.16,0.67
4.83,2.16,1.31
4.61,2.16,1.93
4.32,2.16,2.51
3.96,2.16,3.06
3.52,2.16,3.55
3.03,2.16,3.98
2.49,2.16,4.34
1.9,2.16,4.63
1.28,2.16,4.83
0.64,2.16,4.96
-0.02,2.16,5.0
-0.67,2.16,4.95
-1.31,2.16,4.82
-1.93,2.16,4.61
-2.52,2.16,4.32
-3.06,2.16,3.95
-3.55,2.16,3.52
-3.98,2.16,3.03
-4.34,2.16,2.48
-4.63,2.16,1.89
-4.84,2.16,1.27
-4.96,2.16,0.63
-5.0,2.14,0.0
-4.96,2.14,-0.65
-4.83,2.14,-1.3
-4.62,2.14,-1.91
-4.33,2.14,-2.5
-3.97,2.14,-3.05
-3.53,2.14,-3.54
-3.04,2.14,-3.97
-2.5,2.14,-4.33
-1.91,2.14,-4.62
-1.29,2.14,-4.83
-0.65,2.14,-4.96
0.01,2.14,-5.0
0.66,2.14,-4.96
1.3,2.14,-4.83
1.92,2.14,-4.62
2.51,2.14,-4.33
3.05,2.14,-3.96
3.54,2.14,-3.53
3.97,2.14,-3.04
4.34,2.14,-2.49
4.62,2.14,-1.9
4.83,2.14,-1.28
4.96,2.14,-0.64
5.0,2.14,0.01
4.96,2.14,0.67
4.83,2.14,1.31
4.61,2.14,1.93
4.32,2.14,2.51
3.96,2.14,3.06
3.52,2.14,3.55
3.03,2.14,3.98
2.49,2.14,4.34
1.9,2.14,4.63
1.28,2.14,4.83
0.64,2.14,4.96
-0.02,2.14,5.0
-0.67,2.14,4.95
-1.31,2.14,4.82
-1.93,2.14,4.61
-2.52,2.14,4.32
-3.06,2.14,3.95
-3.55,2.14,3.52
-3.98,2.14,3.03
-4.34,2.14,2.48
-4.63,2.14,1.89
-4.84,2.14,1.27
-4.96,2.14,0.63
-5.0,2.12,0.0
-4.96,2.12,-0.65
-4.83,2.12,-1.3
-4.62,2.12,-1.91
-4.33,2.12,-2.5
-3.97,2.12,-3.05
-3.53,2.12,-3.54
-3.04,2.12,-3.97
-2.5,2.12,-4.33
-1.91,2.12,-4.62
-1.29,2.12,-4.83
-0.65,2.12,-4.96
0.01,2.12,-5.0
0.66,2.12,-4.96
1.3,2.12,-4.83
1.92,2.12,-4.62
2.51,2.12,-4.33
3.05,2.12,-3.96
3.54,2.12,-3.53
3.97,2.12,-3.04
4.34,2.12,-2.49
4.62,2.12,-1.9
4.83,2.12,-1.28
4.96,2.12,-0.64
5.0,2.12,0.01
4.96,2.12,0.67
4.83,2.12,1.31
4.61,2.12,1.93
4.32,2.12,2.51
3.96,2.12,3.06
3.52,2.12,3.55
3.03,2.12,3.98
2.49,2.12,4.34
1.9,2.12,4.63
1.28,2.12,4.83
0.64,2.12,4.96
-0.02,2.12,5.0
-0.67,2.12,4.95
-1.31,2.12,4.82
-1.93,2.12,4.61
-2.52,2.12,4.32
-3.06,2.12,3.95
-3.55,2.12,3.52
-3.98,2.12,3.03
-4.34,2.12,2.48
-4.63,2.12,1.89
-4.84,2.12,1.27
-4.96,2.12,0.63
-5.0,2.09,0.0
-4.96,2.09,-0.65
-4.83,2.09,-1.3
-4.62,2.09,-1.91
-4.33,2.09,-2.5
0.24,2.09,0.18
0.24,2.09,0.24
0.22,2.09,0.29
0.18,2.09,0.32
0.14,2.09,0.33
0.08,2.09,0.31
-0.65,2.09,-4.96
-0.0,2.09,0.28
-0.03,2.09,0.22
1.3,2.09,-4.83
1.92,2.09,-4.62
2.51,2.09,-4.33
3.05,2.09,-3.96
3.54,2.09,-3.53
3.97,2.09,-3.04
4.34,2.09,-2.49
4.62,2.09,-1.9
4.83,2.09,-1.28
4.96,2.09,-0.64
5.0,2.09,0.01
4.96,2.09,0.67
0.12,2.09,0.03
0.09,2.09,0.04
0.07,2.09,0.04
0.06,2.09,0.04
0.08,2.09,0.08
0.07,2.09,0.09
0.06,2.09,0.1
0.05,2.09,0.11
0.03,2.09,0.13
0.02,2.09,0.15
-0.02,2.09,5.0
-0.67,2.09,4.95
-1.31,2.09,4.82
-1.93,2.09,4.61
-2.52,2.09,4.32
-3.06,2.09,3.95
-3.55,2.09,3.52
-3.98,2.09,3.03
-4.34,2.09,2.48
-4.63,2.09,1.89
-4.84,2.09,1.27
-4.96,2.09,0.63
-5.0,2.07,0.0
-4.96,2.07,-0.65
-4.83,2.07,-1.3
-4.62,2.07,-1.91
-4.33,2.07,-2.5
-3.97,2.07,-3.05
-3.53,2.07,-3.54
-3.04,2.07,-3.97
-2.5,2.07,-4.33
-1.91,2.07,-4.62
-1.29,2.07,-4.83
-0.65,2.07,-4.96
0.01,2.07,-5.0
0.66,2.07,-4.96
1.3,2.07,-4.83
1.92,2.07,-4.62
2.51,2.07,-4.33
3.05,2.07,-3.96
3.54,2.07,-3.53
3.97,2.07,-3.04
4.34,2.07,-2.49
4.62,2.07,-1.9
4.83,2.07,-1.28
4.96,2.07,-0.64
5.0,2.07,0.01
4.96,2.07,0.67
4.83,2.07,1.31
4.61,2.07,1.93
4.32,2.07,2.51
3.96,2.07,3.06
3.52,2.07,3.55
3.03,2.07,3.98
2.49,2.07,4.34
1.9,2.07,4.63
1.28,2.07,4.83
0.64,2.07,4.96
-0.0,2.07,0.24
-0.04,2.07,0.29
-1.31,2.07,4.82
-1.93,2.07,4.61
-2.52,2.07,4.32
-3.06,2.07,3.95
-3.55,2.07,3.52
-3.98,2.07,3.03
-4.34,2.07,2.48
-4.63,2.07,1.89
-4.84,2.07,1.27
-4.96,2.07,0.63
-5.0,2.05,0.0
-4.96,2.05,-0.65
-4.83,2.05,-1.3
-4.62,2.05,-1.91
-4.33,2.05,-2.5
-3.97,2.05,-3.05
0.19,2.05,0.19
0.2,2.05,0.26
0.18,2.05,0.32
0.16,2.05,0.38
0.11,2.05,0.43
0.06,2.05,0.47
-0.0,2.05,0.49
-0.07,2.05,0.5
-0.13,2.05,0.49
-0.17,2.05,0.41
-0.23,2.05,0.39
-0.28,2.05,0.36
-0.32,2.05,0.32
-0.35,2.05,0.27
-0.37,2.05,0.21
-0.38,2.05,0.16
-0.38,2.05,0.1
-0.36,2.05,0.05
-0.26,2.05,-0.0
-0.24,2.05,-0.03
-0.22,2.05,-0.06
-0.19,2.05,-0.08
-0.17,2.05,-0.1
-0.14,2.05,-0.11
-0.12,2.05,-0.12
-0.1,2.05,-0.13
-0.08,2.05,-0.13
-0.02,2.05,-0.06
-0.02,2.05,-0.06
-0.01,2.05,-0.06
0.0,2.05,-0.07
0.01,2.05,-0.07
0.02,2.05,-0.07
0.03,2.05,-0.08
0.05,2.05,-0.08
0.06,2.05,-0.08
-3.55,2.05,3.52
-3.98,2.05,3.03
-4.34,2.05,2.48
-4.63,2.05,1.89
-4.84,2.05,1.27
-4.96,2.05,0.63
0.23,2.02,0.0
0.27,2.02,0.04
0.3,2.02,0.08
-4.62,2.02,-1.91
-4.33,2.02,-2.5
-3.97,2.02,-3.05
-3.53,2.02,-3.54
-3.04,2.02,-3.97
-2.5,2.02,-4.33
-1.91,2.02,-4.62
-1.29,2.02,-4.83
-0.65,2.02,-4.96
0.01,2.02,-5.0
0.66,2.02,-4.96
1.3,2.02,-4.83
1.92,2.02,-4.62
2.51,2.02,-4.33
3.05,2.02,-3.96
3.54,2.02,-3.53
3.97,2.02,-3.04
4.34,2.02,-2.49
4.62,2.02,-1.9
4.83,2.02,-1.28
4.96,2.02,-0.64
5.0,2.02,0.01
4.96,2.02,0.67
4.83,2.02,1.31
4.61,2.02,1.93
4.32,2.02,2.51
3.96,2.02,3.06
3.52,2.02,3.55
3.03,2.02,3.98
2.49,2.02,4.34
1.9,2.02,4.63
1.28,2.02,4.83
0.64,2.02,4.96
-0.02,2.02,5.0
-0.67,2.02,4.95
-1.31,2.02,4.82
-1.93,2.02,4.61
-2.52,2.02,4.32
-3.06,2.02,3.95
-3.55,2.02,3.52
-3.98,2.02,3.03
-4.34,2.02,2.48
-4.63,2.02,1.89
-4.84,2.02,1.27
-4.96,2.02,0.63
-5.0,2.0,0.0
-4.96,2.0,-0.65
-4.83,2.0,-1.3
-4.62,2.0,-1.91
-4.33,2.0,-2.5
-3.97,2.0,-3.05
-3.53,2.0,-3.54
-3.04,2.0,-3.97
-2.5,2.0,-4.33
-1.91,2.0,-4.62
-1.29,2.0,-4.83
-0.65,2.0,-4.96
0.01,2.0,-5.0
0.66,2.0,-4.96
1.3,2.0,-4.83
1.92,2.0,-4.62
2.51,2.0,-4.33
3.05,2.0,-3.96
3.54,2.0,-3.53
3.97,2.0,-3.04
4.34,2.0,-2.49
4.62,2.0,-1.9
4.83,2.0,-1.28
4.96,2.0,-0.64
5.0,2.0,0.01
4.96,2.0,0.67
4.83,2.0,1.31
0.03,2.0,0.01
0.03,2.0,0.02
0.02,2.0,0.02
0.02,2.0,0.02
0.02,2.0,0.02
0.01,2.0,0.02
0.01,2.0,0.02
0.01,2.0,0.03
0.0,2.0,0.03
0.0,2.0,-0.04
0.01,2.0,-0.04
0.01,2.0,-0.04
0.02,2.0,-0.05
0.03,2.0,-0.05
0.04,2.0,-0.06
0.06,2.0,-0.06
0.09,2.0,-0.07
0.12,2.0,-0.07
0.17,2.0,-0.07
0.22,2.0,-0.06
0.26,2.0,-0.03
0.32,1.98,0.0
0.36,1.98,0.05
0.38,1.98,0.1
0.39,1.98,0.16
0.39,1.98,0.22
0.37,1.98,0.28
0.34,1.98,0.34
0.3,1.98,0.39
0.25,1.98,0.43
0.18,1.98,0.45
0.12,1.98,0.45
0.06,1.98,0.44
-0.0,1.98,0.42
-0.05,1.98,0.38
-0.1,1.98,0.36
1.92,1.98,-4.62
2.51,1.98,-4.33
3.05,1.98,-3.96
3.54,1.98,-3.53
3.97,1.98,-3.04
4.34,1.98,-2.49
4.62,1.98,-1.9
4.83,1.98,-1.28
4.96,1.98,-0.64
5.0,1.98,0.01
4.96,1.98,0.67
4.83,1.98,1.31
4.61,1.98,1.93
4.32,1.98,2.51
0.19,1.98,0.15
0.16,1.98,0.16
0.13,1.98,0.17
0.11,1.98,0.18
1.9,1.98,4.63
1.28,1.98,4.83
0.64,1.98,4.96
-0.02,1.98,5.0
-0.67,1.98,4.95
-1.31,1.98,4.82
-1.93,1.98,4.61
-2.52,1.98,4.32
-3.06,1.98,3.95
-3.55,1.98,3.52
-3.98,1.98,3.03
-4.34,1.98,2.48
-4.63,1.98,1.89
-4.84,1.98,1.27
-4.96,1.98,0.63
-5.0,1.96,0.0
-4.96,1.96,-0.65
-4.83,1.96,-1.3
-4.62,1.96,-1.91
-4.33,1.96,-2.5
-3.97,1.96,-3.05
-3.53,1.96,-3.54
0.28,1.96,0.37
0.22,1.96,0.39
-1.91,1.96,-4.62
-1.29,1.96,-4.83
-0.65,1.96,-4.96
0.01,1.96,-5.0
0.66,1.96,-4.96
1.3,1.96,-4.83
1.92,1.96,-4.62
2.51,1.96,-4.33
3.05,1.96,-3.96
3.54,1.96,-3.53
3.97,1.96,-3.04
4.34,1.96,-2.49
4.62,1.96,-1.9
4.83,1.96,-1.28
4.96,1.96,-0.64
5.0,1.96,0.01
4.96,1.96,0.67
4.83,1.96,1.31
4.61,1.96,1.93
4.32,1.96,2.51
3.96,1.96,3.06
0.11,1.96,0.11
0.09,1.96,0.12
0.08,1.96,0.13
0.06,1.96,0.14
0.04,1.96,0.16
0.02,1.96,0.18
-0.0,1.96,0.22
-0.67,1.96,4.95
-1.31,1.96,4.82
0.0,1.96,-0.01
0.0,1.96,-0.01
0.01,1.96,-0.01
0.01,1.96,-0.01
0.02,1.96,-0.02
0.05,1.96,-0.03
0.11,1.96,-0.04
0.17,1.96,-0.04
0.23,1.96,-0.03
0.35,1.93,0.0
0.38,1.93,0.05
0.41,1.93,0.11
0.42,1.93,0.17
0.41,1.93,0.24
0.39,1.93,0.3
0.36,1.93,0.36
0.32,1.93,0.41
0.26,1.93,0.45
0.19,1.93,0.47
0.13,1.93,0.47
0.06,1.93,0.47
-0.0,1.93,0.45
-0.06,1.93,0.42
-0.12,1.93,0.44
-0.19,1.93,0.46
-0.27,1.93,0.46
-0.34,1.93,0.44
-0.37,1.93,0.36
-0.38,1.93,0.29
-0.37,1.93,0.21
-0.34,1.93,0.14
-0.11,1.93,0.03
-0.1,1.93,0.01
-0.09,1.93,-0.0
-0.08,1.93,-0.01
-0.07,1.93,-0.02
0.02,1.93,0.01
0.02,1.93,0.01
0.02,1.93,0.01
0.01,1.93,0.01
0.01,1.93,0.02
0.01,1.93,0.02
0.01,1.93,0.02
0.01,1.93,0.02
0.0,1.93,0.02
-0.0,1.93,0.21
-0.67,1.93,4.95
-1.31,1.93,4.82
-1.93,1.93,4.61
-2.52,1.93,4.32
-3.06,1.93,3.95
-3.55,1.93,3.52
-3.98,1.93,3.03
-4.34,1.93,2.48
-4.63,1.93,1.89
-4.84,1.93,1.27
-4.96,1.93,0.63
-5.0,1.91,0.0
-4.96,1.91,-0.65
-4.83,1.91,-1.3
-4.62,1.91,-1.91
0.41,1.91,0.24
0.43,1.91,0.33
0.41,1.91,0.41
0.36,1.91,0.47
0.3,1.91,0.51
0.21,1.91,0.52
0.13,1.91,0.49
-0.65,1.91,-4.96
0.01,1.91,-5.0
0.66,1.91,-4.96
1.3,1.91,-4.83
1.92,1.91,-4.62
2.51,1.91,-4.33
3.05,1.91,-3.96
3.54,1.91,-3.53
3.97,1.91,-3.04
4.34,1.91,-2.49
4.62,1.91,-1.9
4.83,1.91,-1.28
4.96,1.91,-0.64
5.0,1.91,0.01
4.96,1.91,0.67
4.83,1.91,1.31
4.61,1.91,1.93
4.32,1.91,2.51
0.24,1.91,0.19
0.19,1.91,0.19
0.16,1.91,0.21
0.13,1.91,0.23
0.09,1.91,0.22
0.07,1.91,0.26
0.64,1.91,4.96
-0.02,1.91,5.0
-0.67,1.91,4.95
-1.31,1.91,4.82
-1.93,1.91,4.61
-2.52,1.91,4.32
-3.06,1.91,3.95
0.15,1.91,-0.15
0.16,1.91,-0.12
0.14,1.91,-0.08
-4.63,1.91,1.89
-4.84,1.91,1.27
-4.96,1.91,0.63
-5.0,1.89,0.0
-4.96,1.89,-0.65
0.34,1.89,0.09
0.44,1.89,0.18
0.45,1.89,0.26
0.43,1.89,0.33
0.4,1.89,0.4
0.35,1.89,0.45
0.29,1.89,0.5
0.22,1.89,0.52
0.14,1.89,0.53
0.07,1.89,0.52
-0.0,1.89,0.48
-0.06,1.89,0.47
-0.13,1.89,0.5
-0.22,1.89,0.53
-0.31,1.89,0.54
-0.4,1.89,0.52
-0.45,1.89,0.45
-0.47,1.89,0.36
-0.46,1.89,0.26
-0.43,1.89,0.18
-0.39,1.89,0.1
-0.33,1.89,0.04
-0.22,1.89,-0.0
-0.12,1.89,-0.02
-0.11,1.89,-0.03
-0.1,1.89,-0.04
-0.09,1.89,-0.05
-0.08,1.89,-0.06
-0.06,1.89,-0.06
-0.17,1.89,-0.22
-0.16,1.89,-0.28
-0.13,1.89,-0.33
-0.1,1.89,-0.36
-0.05,1.89,-0.38
0.0,1.89,-0.38
0.05,1.89,-0.37
0.09,1.89,-0.34
0.12,1.89,-0.28
0.15,1.89,-0.25
0.17,1.89,-0.22
0.19,1.89,-0.19
0.21,1.89,-0.16
0.2,1.89,-0.12
0.14,1.89,-0.06
0.21,1.89,-0.05
0.27,1.89,-0.03
-5.0,1.86,0.0
0.3,1.86,0.04
0.39,1.86,0.11
0.44,1.86,0.18
0.46,1.86,0.27
0.46,1.86,0.35
0.43,1.86,0.43
0.37,1.86,0.49
0.31,1.86,0.53
0.24,1.86,0.57
0.15,1.86,0.56
0.07,1.86,0.51
-0.0,1.86,0.51
-0.07,1.86,0.53
-0.14,1.86,0.52
-0.2,1.86,0.48
-0.24,1.86,0.41
0.04,1.86,-0.05
0.06,1.86,-0.06
0.06,1.86,-0.05
0.07,1.86,-0.04
0.08,1.86,-0.03
0.1,1.86,-0.03
4.96,1.86,-0.64
5.0,1.86,0.01
4.96,1.86,0.67
4.83,1.86,1.31
0.31,1.86,0.13
0.21,1.86,0.12
0.17,1.86,0.13
0.14,1.86,0.14
0.12,1.86,0.16
0.1,1.86,0.17
0.08,1.86,0.19
0.06,1.86,0.22
0.03,1.86,0.26
-0.0,1.86,0.31
-0.04,1.86,0.29
-0.08,1.86,0.28
-0.12,1.86,0.3
0.1,1.86,-0.17
0.14,1.86,-0.18
0.18,1.86,-0.17
0.2,1.86,-0.15
0.22,1.86,-0.12
0.23,1.86,-0.09
0.22,1.86,-0.06
0.2,1.86,-0.03
0.22,1.84,0.0
0.18,1.84,0.02
0.14,1.84,0.04
0.43,1.84,0.18
0.48,1.84,0.28
0.49,1.84,0.38
0.45,1.84,0.45
0.4,1.84,0.52
0.33,1.84,0.57
0.25,1.84,0.6
0.16,1.84,0.6
0.08,1.84,0.58
-0.0,1.84,0.53
-0.08,1.84,0.57
-0.16,1.84,0.58
-0.25,1.84,0.59
-0.35,1.84,0.6
-0.43,1.84,0.56
-0.49,1.84,0.49
-0.5,1.84,0.38
-0.47,1.84,0.27
-0.43,1.84,0.18
-0.38,1.84,0.1
-0.28,1.84,0.04
-0.29,1.84,-0.0
-0.12,1.84,-0.02
-0.11,1.84,-0.03
-0.1,1.84,-0.04
-0.16,1.84,-0.1
-0.21,1.84,-0.16
-0.22,1.84,-0.23
-0.22,1.84,-0.28
-0.19,1.84,-0.34
-0.16,1.84,-0.38
-0.11,1.84,-0.41
-0.05,1.84,-0.42
0.0,1.84,-0.42
0.05,1.84,-0.4
0.1,1.84,-0.38
0.15,1.84,-0.36
0.2,1.84,-0.34
0.25,1.84,-0.32
0.28,1.84,-0.28
0.32,1.84,-0.24
0.34,1.84,-0.19
0.34,1.84,-0.14
0.32,1.84,-0.08
0.35,1.84,-0.04
0.39,1.82,0.0
0.42,1.82,0.06
0.44,1.82,0.12
0.47,1.82,0.19
0.47,1.82,0.27
0.45,1.82,0.35
0.41,1.82,0.41
0.36,1.82,0.47
0.3,1.82,0.51
0.22,1.82,0.54
0.15,1.82,0.54
0.07,1.82,0.53
-0.0,1.82,0.55
-0.08,1.82,0.58
-0.16,1.82,0.59
-0.24,1.82,0.59
-0.32,1.82,0.55
-0.36,1.82,0.47
-0.35,1.82,0.35
-0.32,1.82,0.24
-0.0,1.82,0.0
0.01,1.82,-0.0
0.01,1.82,-0.0
0.02,1.82,-0.0
0.02,1.82,0.0
0.02,1.82,0.0
0.03,1.82,0.01
0.13,1.82,0.05
0.11,1.82,0.06
0.09,1.82,0.07
0.1,1.82,0.1
0.08,1.82,0.11
0.07,1.82,0.12
0.06,1.82,0.13
-0.02,1.82,-0.09
-0.02,1.82,-0.15
0.0,1.82,-0.2
0.03,1.82,-0.23
0.07,1.82,-0.25
0.1,1.82,-0.25
0.15,1.82,-0.25
0.19,1.82,-0.24
0.22,1.82,-0.22
0.25,1.82,-0.19
0.27,1.82,-0.16
0.29,1.82,-0.12
0.29,1.82,-0.08
0.28,1.82,-0.04
0.31,1.79,-0.0
0.27,1.79,0.04
0.35,1.79,0.09
0.48,1.79,0.2
0.52,1.79,0.3
0.52,1.79,0.4
0.49,1.79,0.49
0.43,1.79,0.56
0.35,1.79,0.61
0.26,1.79,0.63
0.17,1.79,0.62
0.08,1.79,0.58
-0.0,1.79,0.61
-0.08,1.79,0.62
-0.17,1.79,0.62
-0.25,1.79,0.6
-0.31,1.79,0.53
-0.32,1.79,0.42
-0.42,1.79,0.42
-0.39,1.79,0.3
-0.32,1.79,0.18
-0.06,1.79,0.02
-0.07,1.79,0.02
-0.08,1.79,0.01
-0.09,1.79,-0.0
-0.1,1.79,-0.01
-0.12,1.79,-0.03
-0.05,1.79,-0.02
-0.05,1.79,-0.03
-0.16,1.79,-0.12
-0.19,1.79,-0.19
-0.19,1.79,-0.25
-0.18,1.79,-0.31
-0.15,1.79,-0.36
-0.1,1.79,-0.39
-0.05,1.79,-0.42
0.0,1.79,-0.49
0.07,1.79,-0.49
0.13,1.79,-0.47
0.18,1.79,-0.44
0.24,1.79,-0.41
0.3,1.79,-0.38
0.35,1.79,-0.35
0.38,1.79,-0.29
0.4,1.79,-0.23
0.34,1.79,-0.14
0.37,1.79,-0.1
0.4,1.79,-0.05
0.41,1.77,0.0
0.43,1.77,0.06
0.43,1.77,0.12
0.42,1.77,0.17
0.4,1.77,0.23
0.37,1.77,0.28
0.24,1.77,0.25
0.22,1.77,0.29
0.19,1.77,0.34
0.16,1.77,0.38
0.11,1.77,0.41
0.06,1.77,0.43
-0.0,1.77,0.45
-0.06,1.77,0.45
-0.12,1.77,0.44
-0.24,1.77,0.57
-0.37,1.77,0.64
-0.5,1.77,0.65
-0.61,1.77,0.61
-0.68,1.77,0.52
-0.69,1.77,0.4
-0.66,1.77,0.27
-0.6,1.77,0.16
-0.54,1.77,0.07
-0.27,1.77,-0.0
-0.28,1.77,-0.04
-0.31,1.77,-0.08
-0.32,1.77,-0.13
-0.33,1.77,-0.19
-0.31,1.77,-0.24
-0.29,1.77,-0.29
-0.25,1.77,-0.33
-0.36,1.77,-0.63
-0.27,1.77,-0.66
-0.19,1.77,-0.72
-0.09,1.77,-0.7
0.0,1.77,-0.55
0.06,1.77,-0.46
0.11,1.77,-0.39
0.14,1.77,-0.34
0.16,1.77,-0.28
0.2,1.77,-0.26
0.23,1.77,-0.23
0.27,1.77,-0.21
0.3,1.77,-0.17
0.33,1.77,-0.13
0.34,1.77,-0.09
0.34,1.77,-0.04
0.34,1.75,0.0
0.31,1.75,0.04
0.33,1.75,0.09
0.47,1.75,0.2
0.49,1.75,0.28
0.48,1.75,0.37
0.45,1.75,0.45
0.4,1.75,0.52
0.33,1.75,0.57
0.25,1.75,0.6
0.16,1.75,0.61
0.08,1.75,0.59
-0.0,1.75,0.59
-0.08,1.75,0.61
-0.17,1.75,0.63
-0.25,1.75,0.61
-0.32,1.75,0.55
-0.33,1.75,0.43
-0.28,1.75,0.28
0.05,1.75,-0.04
0.06,1.75,-0.04
0.07,1.75,-0.03
0.08,1.75,-0.02
0.1,1.75,-0.01
0.13,1.75,0.0
0.21,1.75,0.03
0.17,1.75,0.04
0.14,1.75,0.06
0.12,1.75,0.07
0.11,1.75,0.08
-0.07,1.75,-0.07
-0.08,1.75,-0.11
-0.09,1.75,-0.16
-0.08,1.75,-0.21
-0.07,1.75,-0.25
-0.04,1.75,-0.29
0.0,1.75,-0.32
0.05,1.75,-0.34
0.1,1.75,-0.35
0.19,1.75,-0.46
0.24,1.75,-0.41
0.27,1.75,-0.35
0.32,1.75,-0.32
0.37,1.75,-0.28
0.4,1.75,-0.23
0.42,1.75,-0.17
0.42,1.75,-0.11
0.39,1.75,-0.05
0.42,1.73,-0.0
0.45,1.73,0.06
0.47,1.73,0.13
0.48,1.73,0.2
0.47,1.73,0.27
0.44,1.73,0.34
0.4,1.73,0.4
0.34,1.73,0.45
0.28,1.73,0.48
0.2,1.73,0.48
0.13,1.73,0.49
0.06,1.73,0.48
-0.0,1.73,0.49
-0.07,1.73,0.55
-0.17,1.73,0.63
-0.28,1.73,0.68
-0.39,1.73,0.68
-0.49,1.73,0.64
-0.56,1.73,0.56
-0.6,1.73,0.46
-0.6,1.73,0.34
-0.53,1.73,0.22
-0.46,1.73,0.12
-0.4,1.73,0.05
-0.34,1.73,-0.0
-0.27,1.73,-0.04
-0.19,1.73,-0.05
-0.12,1.73,-0.05
-0.15,1.73,-0.09
-0.17,1.73,-0.13
-0.18,1.73,-0.18
-0.18,1.73,-0.23
-0.16,1.73,-0.28
-0.13,1.73,-0.33
-0.09,1.73,-0.36
-0.06,1.73,-0.48
0.0,1.73,-0.33
0.05,1.73,-0.38
0.11,1.73,-0.41
0.17,1.73,-0.39
0.21,1.73,-0.36
0.25,1.73,-0.33
0.28,1.73,-0.28
0.32,1.73,-0.24
0.37,1.73,-0.21
0.4,1.73,-0.16
0.43,1.73,-0.11
0.44,1.73,-0.06
0.44,1.7,0.0
0.41,1.7,0.05
0.48,1.7,0.13
0.52,1.7,0.22
0.54,1.7,0.31
0.53,1.7,0.4
0.5,1.7,0.5
0.44,1.7,0.58
0.36,1.7,0.63
0.27,1.7,0.65
0.17,1.7,0.64
0.08,1.7,0.62
-0.0,1.7,0.67
-0.09,1.7,0.71
-0.2,1.7,0.74
-0.3,1.7,0.73
-0.39,1.7,0.67
-0.43,1.7,0.56
-0.4,1.7,0.39
-0.29,1.7,0.22
-0.03,1.7,0.02
-0.03,1.7,0.01
-0.03,1.7,0.01
-0.04,1.7,0.0
-0.04,1.7,-0.0
-0.04,1.7,-0.01
-0.04,1.7,-0.01
-0.05,1.7,-0.02
-0.05,1.7,-0.03
-0.05,1.7,-0.04
-0.06,1.7,-0.06
-0.06,1.7,-0.08
-0.06,1.7,-0.11
-0.07,1.7,-0.16
-0.05,1.7,-0.2
-0.03,1.7,-0.23
0.0,1.7,-0.26
0.04,1.7,-0.28
0.1,1.7,-0.37
0.16,1.7,-0.38
0.21,1.7,-0.37
0.26,1.7,-0.33
0.3,1.7,-0.29
0.33,1.7,-0.25
0.38,1.7,-0.22
0.41,1.7,-0.17
0.43,1.7,-0.11
0.44,1.7,-0.06
0.43,1.68,0.0
0.4,1.68,0.05
0.45,1.68,0.12
0.45,1.68,0.19
0.45,1.68,0.26
0.44,1.68,0.33
0.4,1.68,0.4
0.35,1.68,0.46
0.29,1.68,0.5
0.22,1.68,0.53
0.14,1.68,0.54
0.07,1.68,0.53
-0.0,1.68,0.49
-0.08,1.68,0.57
-0.18,1.68,0.66
-0.29,1.68,0.7
-0.41,1.68,0.7
-0.51,1.68,0.66
-0.59,1.68,0.58
-0.63,1.68,0.48
-0.63,1.68,0.36
-0.58,1.68,0.24
-0.49,1.68,0.13
-0.42,1.68,0.05
-0.36,1.68,-0.0
-0.28,1.68,-0.04
-0.19,1.68,-0.05
-0.08,1.68,-0.03
-0.07,1.68,-0.04
-0.19,1.68,-0.14
-0.2,1.68,-0.2
-0.2,1.68,-0.27
-0.18,1.68,-0.32
-0.15,1.68,-0.37
-0.18,1.68,-0.7
-0.1,1.68,-0.78
0.0,1.68,-0.76
0.09,1.68,-0.66
0.16,1.68,-0.57
0.2,1.68,-0.49
0.25,1.68,-0.42
0.28,1.68,-0.37
0.31,1.68,-0.3
0.35,1.68,-0.27
0.39,1.68,-0.22
0.41,1.68,-0.17
0.42,1.68,-0.11
0.4,1.68,-0.05
0.44,1.66,-0.0
0.41,1.66,0.05
0.46,1.66,0.12
0.5,1.66,0.21
0.51,1.66,0.29
0.49,1.66,0.38
0.45,1.66,0.45
0.4,1.66,0.52
0.33,1.66,0.57
0.26,1.66,0.63
0.17,1.66,0.63
0.08,1.66,0.62
-0.0,1.66,0.67
-0.1,1.66,0.73
-0.21,1.66,0.77
-0.32,1.66,0.77
-0.42,1.66,0.72
-0.48,1.66,0.63
-0.48,1.66,0.48
-0.38,1.66,0.29
-0.03,1.66,0.02
-0.03,1.66,0.01
-0.03,1.66,0.01
-0.04,1.66,0.0
-0.04,1.66,-0.0
-0.05,1.66,-0.01
-0.05,1.66,-0.01
-0.05,1.66,-0.02
-0.05,1.66,-0.03
-0.06,1.66,-0.05
-0.06,1.66,-0.06
-0.07,1.66,-0.09
-0.07,1.66,-0.12
-0.06,1.66,-0.15
-0.05,1.66,-0.19
-0.03,1.66,-0.22
0.0,1.66,-0.24
0.06,1.66,-0.41
0.12,1.66,-0.45
0.18,1.66,-0.44
0.24,1.66,-0.41
0.28,1.66,-0.36
0.32,1.66,-0.32
0.35,1.66,-0.27
0.37,1.66,-0.21
0.43,1.66,-0.17
0.47,1.66,-0.12
0.49,1.66,-0.06
0.49,1.63,0.0
0.47,1.63,0.06
0.47,1.63,0.13
0.53,1.63,0.22
0.56,1.63,0.32
0.55,1.63,0.42
0.47,1.63,0.47
0.42,1.63,0.54
0.34,1.63,0.6
0.26,1.63,0.63
0.17,1.63,0.63
0.08,1.63,0.61
-0.0,1.63,0.65
-0.09,1.63,0.71
-0.21,1.63,0.76
-0.31,1.63,0.74
-0.42,1.63,0.73
-0.52,1.63,0.67
-0.59,1.63,0.59
-0.63,1.63,0.48
-0.62,1.63,0.36
-0.54,1.63,0.22
-0.43,1.63,0.11
-0.35,1.63,0.04
-0.32,1.63,-0.0
-0.22,1.63,-0.03
-0.18,1.63,-0.05
-0.17,1.63,-0.07
-0.15,1.63,-0.09
-0.14,1.63,-0.11
-0.17,1.63,-0.17
-0.18,1.63,-0.24
-0.17,1.63,-0.29
-0.21,1.63,-0.51
-0.21,1.63,-0.78
-0.11,1.63,-0.84
0.0,1.63,-0.83
0.09,1.63,-0.69
0.16,1.63,-0.6
0.21,1.63,-0.5
0.25,1.63,-0.42
0.27,1.63,-0.34
0.3,1.63,-0.3
0.34,1.63,-0.26
0.36,1.63,-0.21
0.36,1.63,-0.15
0.35,1.63,-0.09
0.31,1.63,-0.04
0.31,1.61,0.0
0.34,1.61,0.05
0.37,1.61,0.1
0.43,1.61,0.18
0.43,1.61,0.25
0.41,1.61,0.32
0.38,1.61,0.38
0.33,1.61,0.43
0.27,1.61,0.47
0.2,1.61,0.49
0.13,1.61,0.5
0.06,1.61,0.49
-0.0,1.61,0.64
-0.1,1.61,0.72
-0.21,1.61,0.77
-0.32,1.61,0.78
-0.43,1.61,0.74
-0.51,1.61,0.66
-0.56,1.61,0.56
-0.55,1.61,0.42
-0.46,1.61,0.26
-0.02,1.61,0.01
-0.02,1.61,0.01
-0.03,1.61,0.0
-0.03,1.61,-0.0
-0.03,1.61,-0.0
-0.04,1.61,-0.01
-0.05,1.61,-0.02
-0.05,1.61,-0.03
-0.06,1.61,-0.05
-0.06,1.61,-0.06
-0.06,1.61,-0.08
-0.07,1.61,-0.11
-0.06,1.61,-0.15
-0.05,1.61,-0.19
-0.03,1.61,-0.23
0.0,1.61,-0.52
0.08,1.61,-0.56
0.15,1.61,-0.55
0.21,1.61,-0.5
0.26,1.61,-0.44
0.3,1.61,-0.39
0.34,1.61,-0.33
0.37,1.61,-0.28
0.39,1.61,-0.22
0.44,1.61,-0.18
0.48,1.61,-0.13
0.5,1.61,-0.06
0.51,1.59,0.0
0.49,1.59,0.06
0.47,1.59,0.13
0.54,1.59,0.22
0.56,1.59,0.32
0.55,1.59,0.43
0.52,1.59,0.52
0.45,1.59,0.59
0.37,1.59,0.64
0.27,1.59,0.66
0.18,1.59,0.66
0.09,1.59,0.65
-0.0,1.59,0.72
-0.1,1.59,0.78
-0.22,1.59,0.82
-0.33,1.59,0.8
-0.43,1.59,0.75
-0.5,1.59,0.65
-0.57,1.59,0.57
-0.57,1.59,0.44
-0.46,1.59,0.27
-0.29,1.59,0.12
-0.2,1.59,0.05
-0.19,1.59,0.03
-0.19,1.59,-0.0
-0.18,1.59,-0.02
-0.17,1.59,-0.05
-0.25,1.59,-0.1
-0.23,1.59,-0.13
-0.21,1.59,-0.16
-0.18,1.59,-0.18
-0.16,1.59,-0.2
-0.13,1.59,-0.22
-0.18,1.59,-0.44
-0.2,1.59,-0.74
-0.1,1.59,-0.81
0.0,1.59,-0.86
0.11,1.59,-0.79
0.17,1.59,-0.61
0.21,1.59,-0.5
0.23,1.59,-0.4
0.25,1.59,-0.32
0.27,1.59,-0.26
0.29,1.59,-0.22
0.31,1.59,-0.18
0.31,1.59,-0.13
0.28,1.59,-0.07
0.28,1.59,-0.04
0.33,1.56,-0.0
0.33,1.56,0.04
0.32,1.56,0.09
0.32,1.56,0.13
0.32,1.56,0.19
0.31,1.56,0.24
0.3,1.56,0.3
0.26,1.56,0.34
0.21,1.56,0.37
0.16,1.56,0.39
0.1,1.56,0.39
0.05,1.56,0.39
-0.0,1.56,0.46
-0.08,1.56,0.57
-0.18,1.56,0.67
-0.31,1.56,0.75
-0.42,1.56,0.72
-0.51,1.56,0.67
-0.58,1.56,0.58
-0.61,1.56,0.47
-0.59,1.56,0.34
-0.49,1.56,0.2
-0.37,1.56,0.1
-0.3,1.56,0.04
-0.19,1.56,-0.0
-0.18,1.56,-0.02
-0.17,1.56,-0.05
-0.16,1.56,-0.07
-0.15,1.56,-0.09
-0.13,1.56,-0.1
-0.12,1.56,-0.12
-0.1,1.56,-0.13
-0.08,1.56,-0.14
-0.05,1.56,-0.13
-0.05,1.56,-0.18
-0.08,1.56,-0.64
0.0,1.56,-0.7
0.09,1.56,-0.69
0.17,1.56,-0.61
0.23,1.56,-0.54
0.27,1.56,-0.47
0.31,1.56,-0.4
0.34,1.56,-0.34
0.37,1.56,-0.28
0.39,1.56,-0.23
0.45,1.56,-0.18
0.48,1.56,-0.13
0.5,1.56,-0.06
0.49,1.54,-0.0
0.46,1.54,0.06
0.45,1.54,0.12
0.52,1.54,0.22
0.55,1.54,0.32
0.54,1.54,0.42
0.5,1.54,0.5
0.44,1.54,0.58
0.36,1.54,0.63
0.27,1.54,0.65
0.17,1.54,0.64
0.09,1.54,0.65
-0.0,1.54,0.73
-0.11,1.54,0.8
-0.23,1.54,0.84
-0.34,1.54,0.82
-0.44,1.54,0.76
-0.51,1.54,0.66
-0.53,1.54,0.53
-0.46,1.54,0.35
-0.25,1.54,0.14
-0.27,1.54,0.11
-0.28,1.54,0.07
-0.27,1.54,0.03
-0.26,1.54,-0.0
-0.24,1.54,-0.03
-0.23,1.54,-0.06
-0.22,1.54,-0.09
-0.2,1.54,-0.12
-0.18,1.54,-0.14
-0.19,1.54,-0.19
-0.16,1.54,-0.22
-0.13,1.54,-0.23
-0.1,1.54,-0.24
-0.16,1.54,-0.59
-0.09,1.54,-0.71
0.0,1.54,-0.76
0.1,1.54,-0.74
0.18,1.54,-0.67
0.22,1.54,-0.52
0.24,1.54,-0.41
0.25,1.54,-0.32
0.24,1.54,-0.24
0.26,1.54,-0.2
0.29,1.54,-0.16
0.31,1.54,-0.13
0.33,1.54,-0.09
0.34,1.54,-0.04
0.39,1.52,0.0
0.39,1.52,0.05
0.38,1.52,0.1
0.37,1.52,0.15
0.35,1.52,0.2
0.32,1.52,0.25
0.29,1.52,0.29
0.26,1.52,0.33
0.22,1.52,0.38
0.17,1.52,0.41
0.12,1.52,0.45
0.06,1.52,0.47
-0.0,1.52,0.48
-0.07,1.52,0.51
-0.17,1.52,0.64
-0.29,1.52,0.69
-0.4,1.52,0.69
-0.5,1.52,0.65
-0.57,1.52,0.57
-0.61,1.52,0.47
-0.61,1.52,0.35
-0.55,1.52,0.23
-0.43,1.52,0.11
-0.42,1.52,0.05
-0.41,1.52,-0.0
-0.39,1.52,-0.05
-0.37,1.52,-0.1
-0.31,1.52,-0.13
-0.28,1.52,-0.16
-0.25,1.52,-0.2
-0.22,1.52,-0.23
-0.19,1.52,-0.25
-0.16,1.52,-0.27
-0.25,1.52,-0.62
-0.2,1.52,-0.77
-0.11,1.52,-0.84
0.0,1.52,-0.78
0.1,1.52,-0.76
0.18,1.52,-0.67
0.23,1.52,-0.55
0.27,1.52,-0.46
0.3,1.52,-0.39
0.32,1.52,-0.32
0.33,1.52,-0.25
0.37,1.52,-0.21
0.46,1.52,-0.19
0.49,1.52,-0.13
0.5,1.52,-0.06
0.47,1.5,0.0
0.43,1.5,0.06
0.44,1.5,0.12
0.49,1.5,0.2
0.51,1.5,0.29
0.49,1.5,0.38
0.48,1.5,0.48
0.41,1.5,0.53
0.32,1.5,0.56
0.23,1.5,0.56
0.14,1.5,0.53
0.08,1.5,0.6
-0.0,1.5,0.67
-0.1,1.5,0.74
-0.21,1.5,0.76
-0.31,1.5,0.75
-0.41,1.5,0.71
-0.49,1.5,0.64
-0.54,1.5,0.54
-0.55,1.5,0.42
-0.5,1.5,0.29
-0.41,1.5,0.17
-0.42,1.5,0.11
-0.42,1.5,0.05
-0.48,1.5,-0.0
-0.46,1.5,-0.06
-0.43,1.5,-0.12
-0.4,1.5,-0.17
-0.37,1.5,-0.21
-0.33,1.5,-0.26
-0.29,1.5,-0.29
-0.24,1.5,-0.32
-0.19,1.5,-0.34
-0.26,1.5,-0.64
-0.2,1.5,-0.74
-0.1,1.5,-0.81
0.0,1.5,-0.84
0.11,1.5,-0.84
0.21,1.5,-0.77
0.14,1.5,-0.34
0.18,1.5,-0.32
0.22,1.5,-0.29
0.27,1.5,-0.27
0.31,1.5,-0.23
0.33,1.5,-0.19
0.35,1.5,-0.14
0.37,1.5,-0.1
0.38,1.5,-0.05
0.41,1.47,0.0
0.4,1.47,0.05
0.4,1.47,0.11
0.42,1.47,0.17
0.4,1.47,0.23
0.37,1.47,0.28
0.33,1.47,0.33
0.29,1.47,0.38
0.25,1.47,0.43
0.19,1.47,0.47
0.13,1.47,0.51
0.07,1.47,0.53
-0.0,1.47,0.54
-0.07,1.47,0.55
-0.15,1.47,0.54
-0.22,1.47,0.54
-0.38,1.47,0.66
-0.51,1.47,0.67
-0.62,1.47,0.62
-0.7,1.47,0.53
-0.73,1.47,0.42
-0.64,1.47,0.26
-0.53,1.47,0.14
-0.5,1.47,0.06
-0.49,1.47,-0.0
-0.48,1.47,-0.06
-0.45,1.47,-0.12
-0.42,1.47,-0.17
-0.38,1.47,-0.22
-0.35,1.47,-0.27
-0.27,1.47,-0.27
-0.23,1.47,-0.3
-0.18,1.47,-0.32
-0.14,1.47,-0.34
-0.22,1.47,-0.85
-0.12,1.47,-0.93
0.0,1.47,-0.94
0.12,1.47,-0.85
0.18,1.47,-0.66
0.25,1.47,-0.59
0.29,1.47,-0.49
0.32,1.47,-0.41
0.33,1.47,-0.33
0.37,1.47,-0.28
0.4,1.47,-0.23
0.41,1.47,-0.17
0.39,1.47,-0.1
0.32,1.47,-0.04
0.42,1.45,0.0
0.4,1.45,0.05
0.46,1.45,0.12
0.48,1.45,0.2
0.48,1.45,0.28
0.46,1.45,0.35
0.42,1.45,0.42
0.35,1.45,0.46
0.28,1.45,0.48
0.23,1.45,0.56
0.15,1.45,0.55
0.08,1.45,0.63
-0.0,1.45,0.72
-0.1,1.45,0.79
-0.22,1.45,0.81
-0.33,1.45,0.79
-0.42,1.45,0.73
-0.49,1.45,0.63
-0.52,1.45,0.52
-0.47,1.45,0.36
-0.4,1.45,0.23
-0.42,1.45,0.17
-0.44,1.45,0.12
-0.44,1.45,0.06
-0.43,1.45,-0.0
-0.41,1.45,-0.06
-0.39,1.45,-0.11
-0.36,1.45,-0.15
-0.33,1.45,-0.19
-0.3,1.45,-0.23
-0.27,1.45,-0.27
-0.23,1.45,-0.3
-0.18,1.45,-0.32
-0.14,1.45,-0.34
-0.16,1.45,-0.59
-0.09,1.45,-0.7
0.0,1.45,-0.74
0.1,1.45,-0.75
0.19,1.45,-0.71
0.26,1.45,-0.62
0.29,1.45,-0.5
0.32,1.45,-0.41
0.34,1.45,-0.34
0.36,1.45,-0.27
0.37,1.45,-0.21
0.4,1.45,-0.16
0.44,1.45,-0.12
0.46,1.45,-0.06
0.44,1.43,-0.0
0.41,1.43,0.05
0.38,1.43,0.1
0.39,1.43,0.16
0.47,1.43,0.27
0.48,1.43,0.37
0.38,1.43,0.38
0.35,1.43,0.45
0.28,1.43,0.49
0.21,1.43,0.51
0.13,1.43,0.5
0.07,1.43,0.51
-0.0,1.43,0.62
-0.1,1.43,0.73
-0.21,1.43,0.79
-0.29,1.43,0.71
-0.42,1.43,0.72
-0.53,1.43,0.69
-0.58,1.43,0.58
-0.6,1.43,0.46
-0.56,1.43,0.32
-0.5,1.43,0.21
-0.52,1.43,0.14
-0.52,1.43,0.07
-0.52,1.43,-0.0
-0.5,1.43,-0.07
-0.47,1.43,-0.13
-0.44,1.43,-0.18
-0.4,1.43,-0.23
-0.37,1.43,-0.28
-0.32,1.43,-0.33
-0.28,1.43,-0.36
-0.23,1.43,-0.39
-0.26,1.43,-0.64
-0.22,1.43,-0.82
-0.12,1.43,-0.93
0.0,1.43,-0.99
0.13,1.43,-0.96
0.22,1.43,-0.81
0.17,1.43,-0.41
0.23,1.43,-0.39
0.28,1.43,-0.36
0.32,1.43,-0.32
0.36,1.43,-0.27
0.39,1.43,-0.23
0.42,1.43,-0.17
0.45,1.43,-0.12
0.46,1.43,-0.06
0.49,1.4,-0.0
0.49,1.4,0.06
0.48,1.4,0.13
0.45,1.4,0.19
0.43,1.4,0.25
0.4,1.4,0.3
0.36,1.4,0.36
0.31,1.4,0.41
0.26,1.4,0.46
0.21,1.4,0.5
0.14,1.4,0.53
0.07,1.4,0.56
-0.0,1.4,0.55
-0.09,1.4,0.68
-0.2,1.4,0.75
-0.32,1.4,0.76
-0.42,1.4,0.72
-0.51,1.4,0.66
-0.55,1.4,0.54
-0.54,1.4,0.41
-0.46,1.4,0.26
-0.47,1.4,0.19
-0.48,1.4,0.13
-0.48,1.4,0.06
-0.47,1.4,-0.0
-0.45,1.4,-0.06
-0.42,1.4,-0.12
-0.39,1.4,-0.16
-0.36,1.4,-0.21
-0.33,1.4,-0.25
-0.29,1.4,-0.29
-0.25,1.4,-0.33
-0.2,1.4,-0.35
-0.15,1.4,-0.37
-0.16,1.4,-0.6
-0.09,1.4,-0.71
0.0,1.4,-0.77
0.11,1.4,-0.79
0.21,1.4,-0.75
0.28,1.4,-0.66
0.29,1.4,-0.49
0.31,1.4,-0.4
0.32,1.4,-0.32
0.33,1.4,-0.25
0.35,1.4,-0.2
0.37,1.4,-0.15
0.4,1.4,-0.1
0.42,1.4,-0.05
0.43,1.38,0.0
0.43,1.38,0.06
0.42,1.38,0.11
0.41,1.38,0.17
0.39,1.38,0.23
0.44,1.38,0.34
0.42,1.38,0.42
0.38,1.38,0.49
0.31,1.38,0.53
0.22,1.38,0.54
0.13,1.38,0.5
0.08,1.38,0.58
-0.0,1.38,0.69
-0.11,1.38,0.79
-0.22,1.38,0.83
-0.34,1.38,0.81
-0.44,1.38,0.76
-0.51,1.38,0.66
-0.56,1.38,0.55
-0.54,1.38,0.41
-0.49,1.38,0.28
-0.51,1.38,0.21
-0.53,1.38,0.14
-0.53,1.38,0.07
-0.52,1.38,-0.0
-0.5,1.38,-0.07
-0.48,1.38,-0.13
-0.46,1.38,-0.19
-0.43,1.38,-0.25
-0.39,1.38,-0.3
-0.34,1.38,-0.34
-0.29,1.38,-0.38
-0.24,1.38,-0.42
-0.18,1.38,-0.44
-0.19,1.38,-0.72
-0.11,1.38,-0.84
0.0,1.38,-0.98
0.13,1.38,-0.97
0.23,1.38,-0.86
0.19,1.38,-0.44
0.24,1.38,-0.42
0.3,1.38,-0.38
0.34,1.38,-0.34
0.39,1.38,-0.3
0.43,1.38,-0.24
0.46,1.38,-0.19
0.48,1.38,-0.13
0.5,1.38,-0.06
0.52,1.36,-0.0
0.52,1.36,0.07
0.51,1.36,0.14
0.49,1.36,0.2
0.46,1.36,0.27
0.43,1.36,0.33
0.38,1.36,0.39
0.34,1.36,0.44
0.29,1.36,0.49
0.22,1.36,0.54
0.15,1.36,0.57
0.08,1.36,0.6
-0.0,1.36,0.61
-0.12,1.36,0.9
-0.25,1.36,0.93
-0.36,1.36,0.87
-0.49,1.36,0.84
-0.56,1.36,0.73
-0.61,1.36,0.6
-0.56,1.36,0.43
-0.51,1.36,0.29
-0.53,1.36,0.22
-0.55,1.36,0.14
-0.55,1.36,0.07
-0.52,1.36,-0.0
-0.5,1.36,-0.07
-0.47,1.36,-0.13
-0.44,1.36,-0.18
-0.4,1.36,-0.23
-0.36,1.36,-0.28
-0.32,1.36,-0.32
-0.27,1.36,-0.36
-0.22,1.36,-0.39
-0.17,1.36,-0.41
-0.16,1.36,-0.62
-0.09,1.36,-0.74
0.0,1.36,-0.8
0.11,1.36,-0.83
0.22,1.36,-0.8
0.29,1.36,-0.69
0.25,1.36,-0.43
0.27,1.36,-0.35
0.31,1.36,-0.31
0.35,1.36,-0.27
0.38,1.36,-0.22
0.41,1.36,-0.17
0.43,1.36,-0.11
0.45,1.36,-0.06
0.47,1.33,-0.0
0.47,1.33,0.06
0.46,1.33,0.12
0.45,1.33,0.18
0.42,1.33,0.24
0.39,1.33,0.3
0.35,1.33,0.35
0.31,1.33,0.4
0.26,1.33,0.45
0.2,1.33,0.49
0.14,1.33,0.52
0.07,1.33,0.55
-0.0,1.33,0.66
-0.1,1.33,0.77
-0.22,1.33,0.81
-0.33,1.33,0.79
-0.43,1.33,0.74
-0.52,1.33,0.67
-0.53,1.33,0.53
-0.46,1.33,0.36
-0.5,1.33,0.29
-0.53,1.33,0.22
-0.55,1.33,0.14
-0.55,1.33,0.07
-0.54,1.33,-0.0
-0.52,1.33,-0.07
-0.49,1.33,-0.13
-0.46,1.33,-0.19
-0.42,1.33,-0.25
-0.38,1.33,-0.3
-0.35,1.33,-0.35
-0.3,1.33,-0.39
-0.24,1.33,-0.42
-0.18,1.33,-0.45
-0.15,1.33,-0.56
-0.09,1.33,-0.72
0.0,1.33,-0.8
0.11,1.33,-0.84
0.23,1.33,-0.83
0.29,1.33,-0.7
0.25,1.33,-0.43
0.31,1.33,-0.39
0.36,1.33,-0.35
0.4,1.33,-0.3
0.44,1.33,-0.25
0.47,1.33,-0.19
0.49,1.33,-0.13
0.51,1.33,-0.06
0.54,1.31,-0.0
0.54,1.31,0.07
0.53,1.31,0.14
0.51,1.31,0.21
0.48,1.31,0.28
0.45,1.31,0.34
0.4,1.31,0.4
0.35,1.31,0.46
0.3,1.31,0.51
0.23,1.31,0.56
0.23,1.31,0.86
0.12,1.31,0.94
-0.0,1.31,0.89
-0.13,1.31,0.96
-0.26,1.31,0.97
-0.39,1.31,0.93
-0.51,1.31,0.89
-0.61,1.31,0.79
-0.63,1.31,0.62
-0.57,1.31,0.44
-0.54,1.31,0.31
-0.57,1.31,0.24
-0.59,1.31,0.16
-0.59,1.31,0.08
-0.58,1.31,-0.0
-0.56,1.31,-0.08
-0.53,1.31,-0.14
-0.48,1.31,-0.2
-0.44,1.31,-0.26
-0.4,1.31,-0.31
-0.35,1.31,-0.36
-0.3,1.31,-0.4
-0.25,1.31,-0.43
-0.19,1.31,-0.46
-0.19,1.31,-0.73
-0.12,1.31,-0.91
0.0,1.31,-0.88
0.12,1.31,-0.9
0.23,1.31,-0.85
0.29,1.31,-0.7
0.24,1.31,-0.41
0.29,1.31,-0.38
0.34,1.31,-0.34
0.39,1.31,-0.3
0.43,1.31,-0.24
0.45,1.31,-0.18
0.47,1.31,-0.12
0.49,1.31,-0.06
0.51,1.29,0.0
0.51,1.29,0.07
0.5,1.29,0.13
0.48,1.29,0.2
0.45,1.29,0.26
0.42,1.29,0.32
0.37,1.29,0.37
0.33,1.29,0.43
0.28,1.29,0.48
0.22,1.29,0.52
0.15,1.29,0.56
0.08,1.29,0.59
-0.0,1.29,0.6
-0.09,1.29,0.7
-0.2,1.29,0.75
-0.32,1.29,0.77
-0.45,1.29,0.78
-0.55,1.29,0.71
-0.57,1.29,0.56
-0.49,1.29,0.37
-0.53,1.29,0.3
-0.56,1.29,0.23
-0.57,1.29,0.15
-0.57,1.29,0.07
-0.57,1.29,-0.0
-0.55,1.29,-0.07
-0.52,1.29,-0.14
-0.48,1.29,-0.2
-0.44,1.29,-0.26
-0.4,1.29,-0.31
-0.36,1.29,-0.36
-0.3,1.29,-0.4
-0.25,1.29,-0.43
-0.19,1.29,-0.46
-0.13,1.29,-0.48
-0.08,1.29,-0.64
0.0,1.29,-0.75
0.11,1.29,-0.81
0.22,1.29,-0.82
0.32,1.29,-0.77
0.38,1.29,-0.65
0.3,1.29,-0.38
0.35,1.29,-0.35
0.4,1.29,-0.3
0.43,1.29,-0.25
0.46,1.29,-0.19
0.49,1.29,-0.13
0.5,1.29,-0.06
0.52,1.27,-0.0
0.52,1.27,0.07
0.51,1.27,0.14
0.52,1.27,0.21
0.49,1.27,0.28
0.45,1.27,0.35
0.4,1.27,0.41
0.36,1.27,0.46
0.3,1.27,0.52
0.23,1.27,0.57
0.16,1.27,0.6
0.12,1.27,0.91
-0.0,1.27,0.94
-0.13,1.27,0.98
-0.27,1.27,0.99
-0.39,1.27,0.95
-0.52,1.27,0.89
-0.62,1.27,0.81
-0.64,1.27,0.63
-0.58,1.27,0.45
-0.57,1.27,0.33
-0.59,1.27,0.24
-0.61,1.27,0.16
-0.61,1.27,0.08
-0.6,1.27,-0.0
-0.59,1.27,-0.08
-0.56,1.27,-0.15
-0.52,1.27,-0.22
-0.48,1.27,-0.28
-0.43,1.27,-0.33
-0.38,1.27,-0.38
-0.32,1.27,-0.43
-0.26,1.27,-0.46
-0.2,1.27,-0.49
-0.14,1.27,-0.51
-0.12,1.27,-0.93
0.0,1.27,-1.0
0.13,1.27,-0.98
0.23,1.27,-0.85
0.2,1.27,-0.48
0.26,1.27,-0.45
0.32,1.27,-0.42
0.38,1.27,-0.37
0.43,1.27,-0.32
0.47,1.27,-0.27
0.5,1.27,-0.21
0.53,1.27,-0.14
0.55,1.27,-0.07
0.55,1.24,-0.0
0.55,1.24,0.07
0.54,1.24,0.14
0.52,1.24,0.21
0.49,1.24,0.28
0.45,1.24,0.35
0.41,1.24,0.41
0.36,1.24,0.47
0.3,1.24,0.52
0.23,1.24,0.55
0.16,1.24,0.59
0.08,1.24,0.62
-0.0,1.24,0.63
-0.08,1.24,0.63
-0.23,1.24,0.86
-0.37,1.24,0.88
-0.49,1.24,0.85
-0.57,1.24,0.74
-0.6,1.24,0.6
-0.51,1.24,0.39
-0.55,1.24,0.32
-0.58,1.24,0.24
-0.59,1.24,0.16
-0.6,1.24,0.08
-0.59,1.24,-0.0
-0.57,1.24,-0.08
-0.54,1.24,-0.15
-0.51,1.24,-0.21
-0.46,1.24,-0.27
-0.42,1.24,-0.33
-0.37,1.24,-0.37
-0.32,1.24,-0.42
-0.26,1.24,-0.45
-0.2,1.24,-0.48
-0.13,1.24,-0.5
-0.08,1.24,-0.65
0.0,1.24,-0.76
0.11,1.24,-0.83
0.23,1.24,-0.83
0.32,1.24,-0.78
0.38,1.24,-0.65
0.31,1.24,-0.4
0.36,1.24,-0.36
0.41,1.24,-0.31
0.45,1.24,-0.25
0.48,1.24,-0.2
0.5,1.24,-0.13
0.52,1.24,-0.07
0.53,1.22,0.0
0.53,1.22,0.07
0.52,1.22,0.14
0.5,1.22,0.21
0.48,1.22,0.28
0.44,1.22,0.34
0.4,1.22,0.4
0.35,1.22,0.46
0.29,1.22,0.51
0.23,1.22,0.56
0.16,1.22,0.6
0.08,1.22,0.62
-0.0,1.22,0.64
-0.09,1.22,0.64
-0.24,1.22,0.89
-0.39,1.22,0.94
-0.52,1.22,0.89
-0.62,1.22,0.81
-0.64,1.22,0.64
-0.56,1.22,0.42
-0.58,1.22,0.33
-0.61,1.22,0.25
-0.62,1.22,0.17
-0.63,1.22,0.08
-0.62,1.22,-0.0
-0.6,1.22,-0.08
-0.57,1.22,-0.16
-0.53,1.22,-0.22
-0.49,1.22,-0.29
-0.45,1.22,-0.34
-0.4,1.22,-0.4
-0.34,1.22,-0.44
-0.28,1.22,-0.48
-0.21,1.22,-0.51
-0.14,1.22,-0.53
-0.11,1.22,-0.9
0.0,1.22,-1.0
0.14,1.22,-1.07
0.27,1.22,-0.99
0.21,1.22,-0.51
0.28,1.22,-0.48
0.34,1.22,-0.44
0.39,1.22,-0.39
0.44,1.22,-0.34
0.49,1.22,-0.28
0.52,1.22,-0.21
0.55,1.22,-0.14
0.57,1.22,-0.07
0.58,1.2,-0.0
0.58,1.2,0.08
0.57,1.2,0.15
0.55,1.2,0.23
0.52,1.2,0.3
0.48,1.2,0.37
0.43,1.2,0.43
0.38,1.2,0.5
0.32,1.2,0.55
0.25,1.2,0.6
0.25,1.2,0.95
0.13,1.2,1.01
-0.0,1.2,0.89
-0.13,1.2,0.98
-0.26,1.2,0.98
-0.39,1.2,0.94
-0.52,1.2,0.9
-0.61,1.2,0.79
-0.61,1.2,0.61
-0.53,1.2,0.4
-0.57,1.2,0.33
-0.6,1.2,0.25
-0.61,1.2,0.16
-0.62,1.2,0.08
-0.61,1.2,-0.0
-0.59,1.2,-0.08
-0.56,1.2,-0.15
-0.52,1.2,-0.22
-0.48,1.2,-0.28
-0.43,1.2,-0.34
-0.39,1.2,-0.39
-0.33,1.2,-0.43
-0.27,1.2,-0.47
-0.2,1.2,-0.5
-0.14,1.2,-0.52
-0.08,1.2,-0.63
0.0,1.2,-0.8
0.12,1.2,-0.86
0.23,1.2,-0.85
0.33,1.2,-0.78
0.38,1.2,-0.65
0.32,1.2,-0.42
0.38,1.2,-0.37
0.42,1.2,-0.32
0.46,1.2,-0.26
0.5,1.2,-0.2
0.52,1.2,-0.14
0.54,1.2,-0.07
0.55,1.17,0.0
0.55,1.17,0.07
0.54,1.17,0.15
0.52,1.17,0.22
0.49,1.17,0.28
0.45,1.17,0.35
0.41,1.17,0.41
0.36,1.17,0.47
0.3,1.17,0.52
0.24,1.17,0.57
0.16,1.17,0.61
0.08,1.17,0.64
-0.0,1.17,0.65
-0.09,1.17,0.66
-0.25,1.17,0.92
-0.38,1.17,0.91
-0.51,1.17,0.87
-0.6,1.17,0.78
-0.63,1.17,0.63
-0.54,1.17,0.41
-0.58,1.17,0.34
-0.62,1.17,0.25
-0.63,1.17,0.17
-0.64,1.17,0.08
-0.63,1.17,-0.0
-0.61,1.17,-0.08
-0.58,1.17,-0.16
-0.55,1.17,-0.23
-0.5,1.17,-0.29
-0.46,1.17,-0.35
-0.4,1.17,-0.41
-0.35,1.17,-0.45
-0.28,1.17,-0.49
-0.21,1.17,-0.52
-0.14,1.17,-0.54
-0.07,1.17,-0.55
0.0,1.17,-1.0
0.14,1.17,-1.07
0.27,1.17,-1.0
0.34,1.17,-0.82
0.28,1.17,-0.49
0.34,1.17,-0.45
0.4,1.17,-0.4
0.45,1.17,-0.34
0.5,1.17,-0.28
0.54,1.17,-0.22
0.57,1.17,-0.15
0.58,1.17,-0.07
0.59,1.15,-0.0
0.59,1.15,0.08
0.58,1.15,0.16
0.56,1.15,0.23
0.52,1.15,0.3
0.48,1.15,0.37
0.42,1.15,0.42
0.37,1.15,0.49
0.31,1.15,0.54
0.24,1.15,0.59
0.24,1.15,0.89
0.13,1.15,1.0
-0.0,1.15,1.02
-0.12,1.15,0.93
-0.26,1.15,0.97
-0.42,1.15,1.01
-0.54,1.15,0.93
-0.65,1.15,0.84
-0.73,1.15,0.72
-0.59,1.15,0.45
-0.64,1.15,0.37
-0.67,1.15,0.28
-0.69,1.15,0.18
-0.7,1.15,0.09
-0.69,1.15,-0.0
-0.67,1.15,-0.09
-0.63,1.15,-0.17
-0.59,1.15,-0.25
-0.54,1.15,-0.31
-0.49,1.15,-0.37
-0.43,1.15,-0.43
-0.36,1.15,-0.47
-0.29,1.15,-0.51
-0.22,1.15,-0.54
-0.15,1.15,-0.56
-0.11,1.15,-0.82
0.0,1.15,-0.97
0.13,1.15,-0.98
0.25,1.15,-0.92
0.34,1.15,-0.8
0.27,1.15,-0.47
0.33,1.15,-0.43
0.38,1.15,-0.38
0.43,1.15,-0.33
0.47,1.15,-0.27
0.5,1.15,-0.21
0.53,1.15,-0.14
0.54,1.15,-0.07
0.55,1.13,0.0
0.55,1.13,0.07
0.54,1.13,0.15
0.52,1.13,0.22
0.49,1.13,0.28
0.46,1.13,0.35
0.41,1.13,0.41
0.36,1.13,0.47
0.3,1.13,0.53
0.24,1.13,0.58
0.17,1.13,0.62
0.13,1.13,0.98
-0.0,1.13,0.93
-0.13,1.13,0.95
-0.26,1.13,0.98
-0.39,1.13,0.94
-0.52,1.13,0.9
-0.62,1.13,0.8
-0.64,1.13,0.64
-0.56,1.13,0.43
-0.61,1.13,0.35
-0.63,1.13,0.26
-0.65,1.13,0.17
-0.66,1.13,0.09
-0.66,1.13,-0.0
-0.64,1.13,-0.09
-0.61,1.13,-0.16
-0.57,1.13,-0.24
-0.52,1.13,-0.3
-0.47,1.13,-0.36
-0.42,1.13,-0.42
-0.36,1.13,-0.47
-0.29,1.13,-0.51
-0.22,1.13,-0.54
-0.15,1.13,-0.56
-0.09,1.13,-0.7
0.0,1.13,-0.86
0.12,1.13,-0.91
0.24,1.13,-0.88
0.3,1.13,-0.71
0.28,1.13,-0.49
0.34,1.13,-0.44
0.39,1.13,-0.39
0.44,1.13,-0.34
0.48,1.13,-0.27
0.51,1.13,-0.21
0.53,1.13,-0.14
0.55,1.13,-0.07
0.57,1.1,-0.0
0.57,1.1,0.07
0.56,1.1,0.15
0.53,1.1,0.22
0.5,1.1,0.29
0.46,1.1,0.35
0.42,1.1,0.42
0.37,1.1,0.48
0.31,1.1,0.53
0.24,1.1,0.59
0.25,1.1,0.93
0.13,1.1,1.01
-0.0,1.1,0.99
-0.13,1.1,0.97
-0.27,1.1,0.99
-0.38,1.1,0.92
-0.49,1.1,0.85
-0.58,1.1,0.76
-0.5,1.1,0.5
-0.55,1.1,0.42
-0.6,1.1,0.34
-0.63,1.1,0.26
-0.65,1.1,0.17
-0.66,1.1,0.09
-0.65,1.1,-0.0
-0.63,1.1,-0.08
-0.6,1.1,-0.16
-0.55,1.1,-0.23
-0.51,1.1,-0.29
-0.46,1.1,-0.35
-0.41,1.1,-0.41
-0.35,1.1,-0.46
-0.28,1.1,-0.5
-0.22,1.1,-0.53
-0.14,1.1,-0.55
-0.07,1.1,-0.56
0.0,1.1,-0.9
0.14,1.1,-1.0
0.26,1.1,-0.96
0.36,1.1,-0.85
0.28,1.1,-0.48
0.34,1.1,-0.44
0.4,1.1,-0.4
0.45,1.1,-0.34
0.49,1.1,-0.28
0.52,1.1,-0.21
0.55,1.1,-0.15
0.57,1.1,-0.07
0.58,1.08,-0.0
0.58,1.08,0.08
0.57,1.08,0.15
0.55,1.08,0.23
0.52,1.08,0.3
0.48,1.08,0.37
0.43,1.08,0.43
0.38,1.08,0.49
0.32,1.08,0.55
0.25,1.08,0.6
0.25,1.08,0.93
0.13,1.08,1.0
-0.0,1.08,0.96
-0.13,1.08,1.0
-0.27,1.08,1.01
-0.4,1.08,0.96
-0.53,1.08,0.91
-0.62,1.08,0.81
-0.6,1.08,0.6
-0.55,1.08,0.42
-0.6,1.08,0.34
-0.63,1.08,0.26
-0.65,1.08,0.17
-0.65,1.08,0.08
-0.65,1.08,-0.0
-0.63,1.08,-0.08
-0.6,1.08,-0.16
-0.56,1.08,-0.23
-0.51,1.08,-0.3
-0.46,1.08,-0.36
-0.41,1.08,-0.41
-0.35,1.08,-0.46
-0.29,1.08,-0.5
-0.22,1.08,-0.53
-0.15,1.08,-0.55
-0.07,1.08,-0.56
0.0,1.08,-0.56
0.11,1.08,-0.79
0.22,1.08,-0.82
0.34,1.08,-0.82
0.43,1.08,-0.74
0.34,1.08,-0.44
0.4,1.08,-0.4
0.45,1.08,-0.34
0.49,1.08,-0.28
0.53,1.08,-0.21
0.55,1.08,-0.14
0.57,1.08,-0.07
0.58,1.06,0.0
0.58,1.06,0.08
0.56,1.06,0.15
0.55,1.06,0.23
0.52,1.06,0.3
0.48,1.06,0.37
0.43,1.06,0.43
0.38,1.06,0.5
0.32,1.06,0.56
0.25,1.06,0.6
0.25,1.06,0.93
0.13,1.06,1.01
-0.0,1.06,1.01
-0.13,1.06,0.96
-0.26,1.06,0.98
-0.38,1.06,0.91
-0.49,1.06,0.84
-0.58,1.06,0.75
-0.5,1.06,0.5
-0.55,1.06,0.42
-0.6,1.06,0.34
-0.63,1.06,0.26
-0.64,1.06,0.17
-0.65,1.06,0.08
-0.64,1.06,-0.0
-0.62,1.06,-0.08
-0.59,1.06,-0.16
-0.55,1.06,-0.23
-0.51,1.06,-0.29
-0.46,1.06,-0.36
-0.41,1.06,-0.41
-0.35,1.06,-0.46
-0.28,1.06,-0.5
-0.22,1.06,-0.53
-0.15,1.06,-0.55
-0.07,1.06,-0.56
0.0,1.06,-1.11
0.15,1.06,-1.14
0.29,1.06,-1.08
0.38,1.06,-0.9
0.29,1.06,-0.49
0.35,1.06,-0.45
0.41,1.06,-0.41
0.46,1.06,-0.35
0.51,1.06,-0.29
0.54,1.06,-0.22
0.57,1.06,-0.15
0.59,1.06,-0.08
0.6,1.04,0.0
0.6,1.04,0.08
0.59,1.04,0.16
0.57,1.04,0.23
0.53,1.04,0.31
0.49,1.04,0.38
0.44,1.04,0.44
0.39,1.04,0.51
0.33,1.04,0.57
0.25,1.04,0.61
0.26,1.04,0.96
0.13,1.04,1.02
-0.0,1.04,0.99
-0.14,1.04,1.02
-0.27,1.04,1.02
-0.4,1.04,0.96
-0.52,1.04,0.9
-0.62,1.04,0.8
-0.5,1.04,0.5
-0.56,1.04,0.43
-0.6,1.04,0.35
-0.63,1.04,0.26
-0.65,1.04,0.17
-0.66,1.04,0.09
-0.65,1.04,-0.0
-0.63,1.04,-0.08
-0.6,1.04,-0.16
-0.56,1.04,-0.23
-0.52,1.04,-0.3
-0.47,1.04,-0.36
-0.41,1.04,-0.42
-0.35,1.04,-0.46
-0.29,1.04,-0.5
-0.22,1.04,-0.53
-0.15,1.04,-0.55
-0.07,1.04,-0.57
0.0,1.04,-0.57
0.1,1.04,-0.74
0.24,1.04,-0.87
0.35,1.04,-0.85
0.45,1.04,-0.77
0.46,1.04,-0.59
0.4,1.04,-0.4
0.45,1.04,-0.34
0.49,1.04,-0.28
0.53,1.04,-0.22
0.56,1.04,-0.15
0.57,1.04,-0.07
0.58,1.01,0.0
0.58,1.01,0.08
0.57,1.01,0.15
0.55,1.01,0.23
0.52,1.01,0.3
0.48,1.01,0.36
0.43,1.01,0.43
0.38,1.01,0.49
0.32,1.01,0.55
0.25,1.01,0.6
0.25,1.01,0.93
0.13,1.01,1.0
-0.0,1.01,0.99
-0.13,1.01,1.0
-0.27,1.01,0.99
-0.39,1.01,0.93
-0.5,1.01,0.86
-0.59,1.01,0.77
-0.5,1.01,0.5
-0.56,1.01,0.43
-0.6,1.01,0.35
-0.63,1.01,0.26
-0.65,1.01,0.17
-0.65,1.01,0.08
-0.64,1.01,-0.0
-0.62,1.01,-0.08
-0.59,1.01,-0.16
-0.55,1.01,-0.23
-0.51,1.01,-0.3
-0.46,1.01,-0.36
-0.41,1.01,-0.41
-0.35,1.01,-0.46
-0.28,1.01,-0.5
-0.22,1.01,-0.53
-0.15,1.01,-0.55
-0.07,1.01,-0.56
0.0,1.01,-1.09
0.15,1.01,-1.13
0.29,1.01,-1.06
0.37,1.01,-0.89
0.29,1.01,-0.49
0.35,1.01,-0.45
0.41,1.01,-0.4
0.46,1.01,-0.35
0.5,1.01,-0.29
0.54,1.01,-0.22
0.57,1.01,-0.15
0.59,1.01,-0.07
0.59,0.99,0.0
0.59,0.99,0.08
0.59,0.99,0.16
0.57,0.99,0.24
0.54,0.99,0.31
0.49,0.99,0.38
0.45,0.99,0.45
0.39,0.99,0.51
0.33,0.99,0.57
0.26,0.99,0.62
0.25,0.99,0.95
0.14,0.99,1.04
-0.0,0.99,1.0
-0.13,0.99,1.0
-0.27,0.99,1.0
-0.38,0.99,0.92
-0.49,0.99,0.85
-0.56,0.99,0.73
-0.5,0.99,0.5
-0.55,0.99,0.42
-0.6,0.99,0.35
-0.63,0.99,0.26
-0.65,0.99,0.17
-0.66,0.99,0.08
-0.65,0.99,-0.0
-0.63,0.99,-0.08
-0.6,0.99,-0.16
-0.56,0.99,-0.23
-0.51,0.99,-0.3
-0.47,0.99,-0.36
-0.41,0.99,-0.42
-0.35,0.99,-0.46
-0.29,0.99,-0.5
-0.22,0.99,-0.53
-0.15,0.99,-0.55
-0.07,0.99,-0.57
0.0,0.99,-0.57
0.12,0.99,-0.89
0.25,0.99,-0.91
0.37,0.99,-0.87
0.46,0.99,-0.79
0.49,0.99,-0.63
0.4,0.99,-0.4
0.45,0.99,-0.35
0.5,0.99,-0.28
0.53,0.99,-0.22
0.56,0.99,-0.15
0.58,0.99,-0.07
0.58,0.97,-0.0
0.58,0.97,0.08
0.57,0.97,0.15
0.55,0.97,0.23
0.52,0.97,0.3
0.48,0.97,0.37
0.43,0.97,0.43
0.38,0.97,0.49
0.32,0.97,0.55
0.25,0.97,0.6
0.25,0.97,0.94
0.13,0.97,1.02
-0.0,0.97,1.0
-0.13,0.97,1.0
-0.27,0.97,1.02
-0.4,0.97,0.96
-0.51,0.97,0.89
-0.61,0.97,0.79
-0.5,0.97,0.5
-0.56,0.97,0.43
-0.61,0.97,0.35
-0.64,0.97,0.26
-0.66,0.97,0.18
-0.67,0.97,0.09
-0.66,0.97,-0.0
-0.64,0.97,-0.09
-0.6,0.97,-0.16
-0.56,0.97,-0.23
-0.51,0.97,-0.3
-0.47,0.97,-0.36
-0.41,0.97,-0.41
-0.35,0.97,-0.46
-0.29,0.97,-0.5
-0.22,0.97,-0.53
-0.15,0.97,-0.55
-0.07,0.97,-0.56
0.0,0.97,-1.02
0.15,0.97,-1.08
0.28,0.97,-1.03
0.38,0.97,-0.9
0.28,0.97,-0.49
0.35,0.97,-0.45
0.4,0.97,-0.4
0.45,0.97,-0.35
0.5,0.97,-0.28
0.53,0.97,-0.22
0.56,0.97,-0.15
0.58,0.97,-0.07
0.58,0.94,-0.0
0.58,0.94,0.08
0.57,0.94,0.15
0.55,0.94,0.23
0.52,0.94,0.3
0.48,0.94,0.37
0.44,0.94,0.44
0.38,0.94,0.5
0.32,0.94,0.56
0.25,0.94,0.61
0.23,0.94,0.86
0.13,0.94,0.96
-0.0,0.94,0.92
-0.09,0.94,0.69
-0.18,0.94,0.68
-0.27,0.94,0.65
-0.35,0.94,0.61
-0.43,0.94,0.55
-0.49,0.94,0.49
-0.55,0.94,0.42
-0.59,0.94,0.34
-0.62,0.94,0.25
-0.63,0.94,0.17
-0.64,0.94,0.08
-0.64,0.94,-0.0
-0.62,0.94,-0.08
-0.59,0.94,-0.16
-0.55,0.94,-0.23
-0.5,0.94,-0.29
-0.45,0.94,-0.35
-0.4,0.94,-0.4
-0.34,0.94,-0.45
-0.29,0.94,-0.5
-0.22,0.94,-0.53
-0.15,0.94,-0.55
-0.07,0.94,-0.56
0.0,0.94,-0.57
0.13,0.94,-0.95
0.26,0.94,-0.96
0.38,0.94,-0.9
0.46,0.94,-0.79
0.35,0.94,-0.45
0.4,0.94,-0.4
0.45,0.94,-0.35
0.5,0.94,-0.28
0.53,0.94,-0.22
0.56,0.94,-0.15
0.58,0.94,-0.07
0.58,0.92,0.0
0.58,0.92,0.08
0.57,0.92,0.15
0.55,0.92,0.23
0.52,0.92,0.3
0.48,0.92,0.37
0.43,0.92,0.43
0.38,0.92,0.49
0.32,0.92,0.55
0.25,0.92,0.6
0.25,0.92,0.95
0.13,0.92,1.02
-0.0,0.92,1.01
-0.13,0.92,1.0
-0.27,0.92,1.01
-0.39,0.92,0.94
-0.5,0.92,0.86
-0.58,0.92,0.76
-0.5,0.92,0.5
-0.56,0.92,0.43
-0.61,0.92,0.35
-0.64,0.92,0.26
-0.66,0.92,0.17
-0.66,0.92,0.09
-0.66,0.92,-0.0
-0.64,0.92,-0.09
-0.61,0.92,-0.16
-0.57,0.92,-0.24
-0.52,0.92,-0.3
-0.47,0.92,-0.36
-0.42,0.92,-0.42
-0.36,0.92,-0.47
-0.29,0.92,-0.51
-0.22,0.92,-0.54
-0.15,0.92,-0.56
-0.07,0.92,-0.57
0.0,0.92,-0.57
0.12,0.92,-0.9
0.27,0.92,-0.99
0.38,0.92,-0.91
0.44,0.92,-0.76
0.34,0.92,-0.44
0.4,0.92,-0.4
0.45,0.92,-0.34
0.52,0.92,-0.3
0.57,0.92,-0.23
0.6,0.92,-0.16
0.62,0.92,-0.08
0.64,0.9,0.0
0.59,0.9,0.08
0.56,0.9,0.15
0.54,0.9,0.22
0.51,0.9,0.29
0.47,0.9,0.36
0.42,0.9,0.42
0.37,0.9,0.49
0.31,0.9,0.54
0.24,0.9,0.59
0.17,0.9,0.63
0.11,0.9,0.84
-0.0,0.9,0.67
-0.09,0.9,0.67
-0.18,0.9,0.67
-0.28,0.9,0.67
-0.37,0.9,0.64
-0.44,0.9,0.57
-0.5,0.9,0.5
-0.55,0.9,0.42
-0.57,0.9,0.33
-0.6,0.9,0.25
-0.62,0.9,0.16
-0.63,0.9,0.08
-0.62,0.9,-0.0
-0.6,0.9,-0.08
-0.59,0.9,-0.16
-0.55,0.9,-0.23
-0.5,0.9,-0.29
-0.45,0.9,-0.35
-0.4,0.9,-0.4
-0.34,0.9,-0.45
-0.28,0.9,-0.49
-0.21,0.9,-0.52
-0.14,0.9,-0.54
-0.11,0.9,-0.87
0.0,0.9,-1.02
0.14,0.9,-1.01
0.26,0.9,-0.94
0.2,0.9,-0.48
0.26,0.9,-0.45
0.33,0.9,-0.43
0.41,0.9,-0.4
0.48,0.9,-0.36
0.53,0.9,-0.3
0.57,0.9,-0.23
0.6,0.9,-0.16
0.59,0.9,-0.08
0.6,0.87,0.0
0.55,0.87,0.07
0.5,0.87,0.14
0.49,0.87,0.2
0.46,0.87,0.27
0.43,0.87,0.33
0.39,0.87,0.39
0.35,0.87,0.45
0.29,0.87,0.51
0.23,0.87,0.56
0.16,0.87,0.6
0.13,0.87,1.01
-0.0,0.87,1.07
-0.14,0.87,1.02
-0.27,0.87,0.99
-0.39,0.87,0.93
-0.49,0.87,0.85
-0.58,0.87,0.75
-0.53,0.87,0.53
-0.59,0.87,0.45
-0.62,0.87,0.36
-0.64,0.87,0.26
-0.66,0.87,0.18
-0.67,0.87,0.09
-0.67,0.87,-0.0
-0.65,0.87,-0.09
-0.62,0.87,-0.17
-0.57,0.87,-0.24
-0.52,0.87,-0.3
-0.47,0.87,-0.36
-0.41,0.87,-0.42
-0.35,0.87,-0.46
-0.3,0.87,-0.51
-0.22,0.87,-0.54
-0.15,0.87,-0.56
-0.07,0.87,-0.57
0.0,0.87,-0.87
0.13,0.87,-0.98
0.26,0.87,-0.94
0.36,0.87,-0.85
0.28,0.87,-0.48
0.34,0.87,-0.44
0.39,0.87,-0.39
0.47,0.87,-0.36
0.56,0.87,-0.32
0.64,0.87,-0.26
0.7,0.87,-0.18
0.72,0.87,-0.09
0.73,0.85,-0.0
0.67,0.85,0.09
0.57,0.85,0.15
0.51,0.85,0.21
0.48,0.85,0.28
0.45,0.85,0.34
0.4,0.85,0.4
0.35,0.85,0.46
0.3,0.85,0.52
0.23,0.85,0.57
0.22,0.85,0.83
0.08,0.85,0.63
-0.0,0.85,0.65
-0.09,0.85,0.66
-0.19,0.85,0.69
-0.29,0.85,0.69
-0.39,0.85,0.67
-0.48,0.85,0.62
-0.55,0.85,0.55
-0.6,0.85,0.46
-0.63,0.85,0.36
-0.62,0.85,0.26
-0.63,0.85,0.17
-0.64,0.85,0.08
-0.63,0.85,-0.0
-0.62,0.85,-0.08
-0.59,0.85,-0.16
-0.55,0.85,-0.23
-0.51,0.85,-0.29
-0.45,0.85,-0.35
-0.4,0.85,-0.4
-0.34,0.85,-0.45
-0.28,0.85,-0.49
-0.21,0.85,-0.52
-0.14,0.85,-0.54
-0.07,0.85,-0.55
0.0,0.85,-0.96
0.14,0.85,-1.03
0.25,0.85,-0.93
0.21,0.85,-0.5
0.27,0.85,-0.47
0.34,0.85,-0.44
0.42,0.85,-0.42
0.51,0.85,-0.39
0.6,0.85,-0.34
0.68,0.85,-0.28
0.73,0.85,-0.19
0.75,0.85,-0.09
0.76,0.83,0.0
0.7,0.83,0.09
0.6,0.83,0.16
0.53,0.83,0.22
0.5,0.83,0.29
0.46,0.83,0.36
0.42,0.83,0.42
0.37,0.83,0.48
0.31,0.83,0.54
0.24,0.83,0.59
0.24,0.83,0.92
0.13,0.83,0.99
-0.0,0.83,0.96
-0.09,0.83,0.67
-0.23,0.83,0.84
-0.28,0.83,0.68
-0.39,0.83,0.67
-0.48,0.83,0.62
-0.55,0.83,0.54
-0.59,0.83,0.45
-0.62,0.83,0.36
-0.63,0.83,0.26
-0.64,0.83,0.17
-0.64,0.83,0.08
-0.64,0.83,-0.0
-0.62,0.83,-0.08
-0.59,0.83,-0.16
-0.55,0.83,-0.23
-0.5,0.83,-0.29
-0.45,0.83,-0.35
-0.4,0.83,-0.4
-0.34,0.83,-0.45
-0.28,0.83,-0.49
-0.21,0.83,-0.52
-0.14,0.83,-0.54
-0.07,0.83,-0.56
0.0,0.83,-0.55
0.11,0.83,-0.82
0.24,0.83,-0.9
0.36,0.83,-0.87
0.46,0.83,-0.79
0.5,0.83,-0.64
0.43,0.83,-0.43
0.52,0.83,-0.4
0.62,0.83,-0.36
0.7,0.83,-0.29
0.75,0.83,-0.2
0.77,0.83,-0.1
0.78,0.81,-0.0
0.72,0.81,0.09
0.63,0.81,0.17
0.52,0.81,0.22
0.49,0.81,0.29
0.45,0.81,0.35
0.41,0.81,0.41
0.36,0.81,0.47
0.3,0.81,0.52
0.24,0.81,0.57
0.24,0.81,0.88
0.13,0.81,0.98
-0.0,0.81,0.97
-0.09,0.81,0.66
-0.19,0.81,0.7
-0.3,0.81,0.72
-0.41,0.81,0.7
-0.5,0.81,0.65
-0.58,0.81,0.58
-0.63,0.81,0.48
-0.65,0.81,0.38
-0.66,0.81,0.27
-0.64,0.81,0.17
-0.6,0.81,0.08
-0.59,0.81,-0.0
-0.57,0.81,-0.08
-0.54,0.81,-0.15
-0.5,0.81,-0.21
-0.46,0.81,-0.27
-0.42,0.81,-0.32
-0.37,0.81,-0.37
-0.32,0.81,-0.41
-0.26,0.81,-0.45
-0.19,0.81,-0.47
-0.13,0.81,-0.49
-0.06,0.81,-0.51
0.0,0.81,-0.51
0.07,0.81,-0.5
0.13,0.81,-0.49
0.2,0.81,-0.49
0.28,0.81,-0.49
0.36,0.81,-0.47
0.45,0.81,-0.45
0.55,0.81,-0.42
0.65,0.81,-0.37
0.74,0.81,-0.3
0.79,0.81,-0.21
0.81,0.81,-0.1
0.81,0.78,0.0
0.75,0.78,0.1
0.67,0.78,0.18
0.57,0.78,0.24
0.48,0.78,0.28
0.45,0.78,0.34
0.4,0.78,0.4
0.36,0.78,0.46
0.3,0.78,0.52
0.23,0.78,0.56
0.16,0.78,0.6
0.08,0.78,0.64
-0.0,0.78,0.66
-0.09,0.78,0.68
-0.19,0.78,0.72
-0.31,0.78,0.73
-0.41,0.78,0.71
-0.51,0.78,0.66
-0.58,0.78,0.58
-0.62,0.78,0.48
-0.65,0.78,0.37
-0.65,0.78,0.27
-0.63,0.78,0.17
-0.62,0.78,0.08
-0.62,0.78,-0.0
-0.6,0.78,-0.08
-0.57,0.78,-0.15
-0.53,0.78,-0.22
-0.48,0.78,-0.28
-0.44,0.78,-0.34
-0.39,0.78,-0.39
-0.33,0.78,-0.43
-0.27,0.78,-0.47
-0.21,0.78,-0.5
-0.14,0.78,-0.52
-0.07,0.78,-0.53
0.0,0.78,-0.53
0.11,0.78,-0.84
0.24,0.78,-0.88
0.35,0.78,-0.84
0.44,0.78,-0.76
0.37,0.78,-0.48
0.46,0.78,-0.46
0.56,0.78,-0.43
0.67,0.78,-0.38
0.75,0.78,-0.31
0.8,0.78,-0.21
0.82,0.78,-0.1
0.82,0.76,0.0
0.77,0.76,0.1
0.69,0.76,0.18
0.57,0.76,0.24
0.48,0.76,0.28
0.45,0.76,0.34
0.4,0.76,0.4
0.35,0.76,0.46
0.3,0.76,0.52
0.23,0.76,0.56
0.23,0.76,0.85
0.13,0.76,0.97
-0.0,0.76,0.95
-0.09,0.76,0.67
-0.2,0.76,0.73
-0.31,0.76,0.75
-0.43,0.76,0.73
-0.52,0.76,0.68
-0.6,0.76,0.6
-0.65,0.76,0.49
-0.67,0.76,0.39
-0.68,0.76,0.28
-0.66,0.76,0.18
-0.62,0.76,0.08
-0.62,0.76,-0.0
-0.6,0.76,-0.08
-0.55,0.76,-0.15
-0.51,0.76,-0.21
-0.47,0.76,-0.27
-0.42,0.76,-0.32
-0.37,0.76,-0.37
-0.32,0.76,-0.42
-0.26,0.76,-0.45
-0.2,0.76,-0.48
-0.13,0.76,-0.5
-0.06,0.76,-0.49
0.0,0.76,-0.49
0.07,0.76,-0.48
0.14,0.76,-0.5
0.21,0.76,-0.51
0.3,0.76,-0.51
0.39,0.76,-0.5
0.49,0.76,-0.48
0.59,0.76,-0.45
0.69,0.76,-0.4
0.77,0.76,-0.32
0.82,0.76,-0.22
0.84,0.76,-0.11
0.84,0.74,0.0
0.78,0.74,0.1
0.7,0.74,0.19
0.6,0.74,0.25
0.5,0.74,0.29
0.42,0.74,0.32
0.38,0.74,0.38
0.33,0.74,0.43
0.28,0.74,0.48
0.22,0.74,0.53
0.15,0.74,0.56
0.08,0.74,0.61
-0.0,0.74,0.68
-0.1,0.74,0.73
-0.21,0.74,0.76
-0.32,0.74,0.78
-0.44,0.74,0.75
-0.54,0.74,0.7
-0.61,0.74,0.61
-0.66,0.74,0.5
-0.67,0.74,0.39
-0.66,0.74,0.27
-0.64,0.74,0.17
-0.6,0.74,0.08
-0.58,0.74,-0.0
-0.56,0.74,-0.07
-0.52,0.74,-0.14
-0.49,0.74,-0.2
-0.44,0.74,-0.26
-0.4,0.74,-0.31
-0.35,0.74,-0.36
-0.3,0.74,-0.4
-0.26,0.74,-0.45
-0.2,0.74,-0.48
-0.13,0.74,-0.5
-0.07,0.74,-0.51
0.0,0.74,-0.51
0.07,0.74,-0.51
0.22,0.74,-0.81
0.31,0.74,-0.73
0.3,0.74,-0.51
0.39,0.74,-0.5
0.49,0.74,-0.48
0.6,0.74,-0.46
0.71,0.74,-0.4
0.79,0.74,-0.32
0.84,0.74,-0.22
0.86,0.74,-0.11
0.86,0.71,0.0
0.81,0.71,0.11
0.73,0.71,0.2
0.62,0.71,0.26
0.5,0.71,0.29
0.43,0.71,0.33
0.39,0.71,0.39
0.34,0.71,0.45
0.29,0.71,0.5
0.23,0.71,0.55
0.16,0.71,0.59
0.12,0.71,0.9
-0.0,0.71,0.64
-0.1,0.71,0.72
-0.21,0.71,0.78
-0.33,0.71,0.8
-0.45,0.71,0.78
-0.55,0.71,0.72
-0.62,0.71,0.62
-0.67,0.71,0.51
-0.69,0.71,0.4
-0.69,0.71,0.28
-0.68,0.71,0.18
-0.64,0.71,0.08
-0.6,0.71,-0.0
-0.58,0.71,-0.08
-0.55,0.71,-0.15
-0.51,0.71,-0.21
-0.47,0.71,-0.27
-0.42,0.71,-0.32
-0.37,0.71,-0.37
-0.32,0.71,-0.41
-0.26,0.71,-0.45
-0.2,0.71,-0.48
-0.13,0.71,-0.49
-0.06,0.71,-0.5
0.0,0.71,-0.51
0.07,0.71,-0.52
0.14,0.71,-0.53
0.22,0.71,-0.54
0.31,0.71,-0.53
0.4,0.71,-0.52
0.51,0.71,-0.5
0.62,0.71,-0.47
0.72,0.71,-0.41
0.8,0.71,-0.33
0.84,0.71,-0.22
0.86,0.71,-0.11
0.86,0.69,-0.0
0.81,0.69,0.11
0.72,0.69,0.19
0.62,0.69,0.26
0.52,0.69,0.3
0.43,0.69,0.33
0.35,0.69,0.35
0.31,0.69,0.4
0.26,0.69,0.45
0.2,0.69,0.49
0.14,0.69,0.54
0.08,0.69,0.62
-0.0,0.69,0.69
-0.1,0.69,0.75
-0.21,0.69,0.78
-0.33,0.69,0.8
-0.45,0.69,0.78
-0.56,0.69,0.73
-0.65,0.69,0.64
-0.69,0.69,0.53
-0.71,0.69,0.41
-0.69,0.69,0.29
-0.66,0.69,0.17
-0.61,0.69,0.08
-0.54,0.69,-0.0
-0.52,0.69,-0.07
-0.5,0.69,-0.13
-0.46,0.69,-0.19
-0.41,0.69,-0.24
-0.37,0.69,-0.28
-0.32,0.69,-0.32
-0.28,0.69,-0.36
-0.22,0.69,-0.39
-0.17,0.69,-0.42
-0.11,0.69,-0.43
-0.06,0.69,-0.46
0.0,0.69,-0.47
0.07,0.69,-0.49
0.14,0.69,-0.51
0.22,0.69,-0.52
0.3,0.69,-0.52
0.4,0.69,-0.51
0.5,0.69,-0.5
0.63,0.69,-0.48
0.73,0.69,-0.42
0.82,0.69,-0.33
0.87,0.69,-0.23
0.89,0.69,-0.11
0.89,0.67,-0.0
0.84,0.67,0.11
0.76,0.67,0.2
0.65,0.67,0.27
0.53,0.67,0.3
0.42,0.67,0.32
0.37,0.67,0.37
0.33,0.67,0.43
0.28,0.67,0.48
0.22,0.67,0.53
0.15,0.67,0.56
0.08,0.67,0.59
-0.0,0.67,0.67
-0.1,0.67,0.76
-0.22,0.67,0.82
-0.35,0.67,0.85
-0.48,0.67,0.82
-0.58,0.67,0.75
-0.65,0.67,0.65
-0.69,0.67,0.53
-0.71,0.67,0.41
-0.7,0.67,0.29
-0.68,0.67,0.18
-0.65,0.67,0.08
-0.59,0.67,-0.0
-0.56,0.67,-0.08
-0.53,0.67,-0.14
-0.49,0.67,-0.21
-0.45,0.67,-0.26
-0.4,0.67,-0.31
-0.35,0.67,-0.36
-0.3,0.67,-0.4
-0.25,0.67,-0.43
-0.19,0.67,-0.45
-0.12,0.67,-0.47
-0.06,0.67,-0.48
0.0,0.67,-0.5
0.07,0.67,-0.52
0.15,0.67,-0.54
0.23,0.67,-0.54
0.31,0.67,-0.54
0.41,0.67,-0.53
0.52,0.67,-0.52
0.64,0.67,-0.49
0.74,0.67,-0.42
0.82,0.67,-0.34
0.87,0.67,-0.23
0.89,0.67,-0.11
0.88,0.64,0.0
0.83,0.64,0.11
0.75,0.64,0.2
0.64,0.64,0.27
0.52,0.64,0.3
0.42,0.64,0.32
0.34,0.64,0.34
0.3,0.64,0.39
0.25,0.64,0.44
0.2,0.64,0.48
0.14,0.64,0.51
0.08,0.64,0.62
-0.0,0.64,0.69
-0.1,0.64,0.76
-0.22,0.64,0.81
-0.34,0.64,0.83
-0.47,0.64,0.81
-0.58,0.64,0.76
-0.67,0.64,0.67
-0.73,0.64,0.56
-0.74,0.64,0.43
-0.72,0.64,0.3
-0.68,0.64,0.18
-0.62,0.64,0.08
-0.56,0.64,-0.0
-0.5,0.64,-0.07
-0.47,0.64,-0.13
-0.43,0.64,-0.18
-0.39,0.64,-0.23
-0.35,0.64,-0.27
-0.3,0.64,-0.31
-0.26,0.64,-0.34
-0.21,0.64,-0.37
-0.16,0.64,-0.39
-0.11,0.64,-0.41
-0.05,0.64,-0.42
0.0,0.64,-0.45
0.07,0.64,-0.49
0.14,0.64,-0.51
0.22,0.64,-0.52
0.31,0.64,-0.53
0.41,0.64,-0.53
0.52,0.64,-0.52
0.65,0.64,-0.49
0.76,0.64,-0.43
0.85,0.64,-0.35
0.9,0.64,-0.24
0.92,0.64,-0.12
0.92,0.62,-0.0
0.87,0.62,0.11
0.79,0.62,0.21
0.68,0.62,0.28
0.56,0.62,0.32
0.44,0.62,0.34
0.35,0.62,0.35
0.3,0.62,0.4
0.26,0.62,0.46
0.21,0.62,0.5
0.14,0.62,0.53
0.08,0.62,0.6
-0.0,0.62,0.7
-0.11,0.62,0.79
-0.23,0.62,0.86
-0.37,0.62,0.88
-0.49,0.62,0.85
-0.6,0.62,0.78
-0.68,0.62,0.68
-0.72,0.62,0.55
-0.73,0.62,0.42
-0.71,0.62,0.29
-0.69,0.62,0.18
-0.65,0.62,0.08
-0.59,0.62,-0.0
-0.54,0.62,-0.07
-0.52,0.62,-0.14
-0.48,0.62,-0.2
-0.43,0.62,-0.25
-0.38,0.62,-0.29
-0.34,0.62,-0.34
-0.29,0.62,-0.38
-0.23,0.62,-0.41
-0.18,0.62,-0.43
-0.12,0.62,-0.44
-0.06,0.62,-0.46
0.0,0.62,-0.5
0.07,0.62,-0.53
0.15,0.62,-0.54
0.23,0.62,-0.55
0.32,0.62,-0.54
0.42,0.62,-0.54
0.53,0.62,-0.53
0.65,0.62,-0.5
0.76,0.62,-0.43
0.84,0.62,-0.34
0.89,0.62,-0.23
0.91,0.62,-0.12
0.9,0.6,-0.0
0.86,0.6,0.11
0.78,0.6,0.21
0.68,0.6,0.28
0.55,0.6,0.32
0.43,0.6,0.33
0.34,0.6,0.34
0.29,0.6,0.38
0.25,0.6,0.43
0.19,0.6,0.47
0.13,0.6,0.5
0.08,0.6,0.6
-0.0,0.6,0.71
-0.11,0.6,0.81
-0.23,0.6,0.86
-0.37,0.6,0.88
-0.49,0.6,0.85
-0.61,0.6,0.79
-0.69,0.6,0.69
-0.74,0.6,0.57
-0.77,0.6,0.44
-0.75,0.6,0.31
-0.7,0.6,0.19
-0.64,0.6,0.08
-0.57,0.6,-0.0
-0.49,0.6,-0.07
-0.45,0.6,-0.12
-0.41,0.6,-0.17
-0.37,0.6,-0.21
-0.33,0.6,-0.25
-0.29,0.6,-0.29
-0.24,0.6,-0.32
-0.2,0.6,-0.35
-0.15,0.6,-0.37
-0.1,0.6,-0.38
-0.05,0.6,-0.42
0.0,0.6,-0.46
0.07,0.6,-0.49
0.14,0.6,-0.51
0.22,0.6,-0.53
0.31,0.6,-0.54
0.42,0.6,-0.54
0.54,0.6,-0.54
0.67,0.6,-0.51
0.77,0.6,-0.44
0.86,0.6,-0.35
0.91,0.6,-0.24
0.93,0.6,-0.12
0.92,0.58,-0.0
0.87,0.58,0.12
0.8,0.58,0.22
0.7,0.58,0.29
0.57,0.58,0.33
0.46,0.58,0.35
0.36,0.58,0.36
0.28,0.58,0.37
0.21,0.58,0.37
0.19,0.58,0.46
0.15,0.58,0.55
0.08,0.58,0.63
-0.0,0.58,0.73
-0.11,0.58,0.82
-0.24,0.58,0.88
-0.37,0.58,0.9
-0.5,0.58,0.87
-0.61,0.58,0.8
-0.7,0.58,0.7
-0.74,0.58,0.57
-0.77,0.58,0.44
-0.75,0.58,0.31
-0.69,0.58,0.18
-0.65,0.58,0.08
-0.59,0.58,-0.0
-0.52,0.58,-0.07
-0.49,0.58,-0.13
-0.45,0.58,-0.19
-0.41,0.58,-0.24
-0.36,0.58,-0.28
-0.32,0.58,-0.32
-0.27,0.58,-0.36
-0.22,0.58,-0.39
-0.17,0.58,-0.41
-0.11,0.58,-0.42
-0.06,0.58,-0.46
0.0,0.58,-0.49
0.07,0.58,-0.52
0.15,0.58,-0.54
0.23,0.58,-0.55
0.32,0.58,-0.55
0.42,0.58,-0.55
0.54,0.58,-0.54
0.66,0.58,-0.51
0.77,0.58,-0.44
0.85,0.58,-0.35
0.91,0.58,-0.24
0.92,0.58,-0.12
0.92,0.55,-0.0
0.87,0.55,0.11
0.79,0.55,0.21
0.69,0.55,0.29
0.57,0.55,0.33
0.44,0.55,0.34
0.34,0.55,0.34
0.27,0.55,0.36
0.23,0.55,0.4
0.18,0.55,0.44
0.13,0.55,0.5
0.08,0.55,0.61
-0.0,0.55,0.74
-0.11,0.55,0.84
-0.24,0.55,0.9
-0.38,0.55,0.91
-0.51,0.55,0.88
-0.62,0.55,0.81
-0.71,0.55,0.7
-0.76,0.55,0.58
-0.79,0.55,0.45
-0.78,0.55,0.32
-0.7,0.55,0.19
-0.66,0.55,0.09
-0.6,0.55,-0.0
-0.53,0.55,-0.07
-0.46,0.55,-0.12
-0.42,0.55,-0.18
-0.38,0.55,-0.22
-0.34,0.55,-0.26
-0.3,0.55,-0.3
-0.25,0.55,-0.33
-0.21,0.55,-0.36
-0.16,0.55,-0.38
-0.11,0.55,-0.41
-0.05,0.55,-0.42
0.0,0.55,-0.46
0.07,0.55,-0.5
0.14,0.55,-0.52
0.23,0.55,-0.54
0.32,0.55,-0.55
0.43,0.55,-0.56
0.56,0.55,-0.56
0.68,0.55,-0.52
0.78,0.55,-0.44
0.85,0.55,-0.35
0.89,0.55,-0.24
0.9,0.55,-0.11
0.89,0.53,0.0
0.84,0.53,0.11
0.75,0.53,0.2
0.65,0.53,0.27
0.53,0.53,0.31
0.42,0.53,0.32
0.33,0.53,0.33
0.26,0.53,0.34
0.2,0.53,0.34
0.17,0.53,0.42
0.14,0.53,0.51
0.08,0.53,0.59
-0.0,0.53,0.66
-0.1,0.53,0.73
-0.21,0.53,0.79
-0.34,0.53,0.82
-0.47,0.53,0.82
-0.6,0.53,0.77
-0.7,0.53,0.7
-0.78,0.53,0.59
-0.83,0.53,0.47
-0.84,0.53,0.35
-0.8,0.53,0.21
-0.67,0.53,0.09
-0.58,0.53,-0.0
-0.49,0.53,-0.07
-0.41,0.53,-0.11
-0.37,0.53,-0.15
-0.33,0.53,-0.19
-0.29,0.53,-0.22
-0.25,0.53,-0.25
-0.22,0.53,-0.28
-0.19,0.53,-0.33
-0.15,0.53,-0.36
-0.11,0.53,-0.4
-0.06,0.53,-0.45
0.0,0.53,-0.49
0.07,0.53,-0.52
0.15,0.53,-0.54
0.23,0.53,-0.55
0.33,0.53,-0.57
0.44,0.53,-0.56
0.56,0.53,-0.56
0.68,0.53,-0.51
0.78,0.53,-0.45
0.86,0.53,-0.35
0.91,0.53,-0.24
0.93,0.53,-0.12
0.92,0.51,0.0
0.87,0.51,0.11
0.82,0.51,0.22
0.71,0.51,0.3
0.59,0.51,0.34
0.46,0.51,0.35
0.35,0.51,0.35
0.27,0.51,0.35
0.2,0.51,0.36
0.17,0.51,0.42
0.14,0.51,0.52
0.09,0.51,0.66
-0.0,0.51,0.81
-0.12,0.51,0.91
-0.26,0.51,0.95
-0.4,0.51,0.95
-0.53,0.51,0.91
-0.63,0.51,0.82
-0.71,0.51,0.71
-0.77,0.51,0.58
-0.8,0.51,0.46
-0.79,0.51,0.32
-0.71,0.51,0.19
-0.66,0.51,0.08
-0.6,0.51,-0.0
-0.52,0.51,-0.07
-0.48,0.51,-0.13
-0.44,0.51,-0.18
-0.39,0.51,-0.23
-0.33,0.51,-0.26
-0.29,0.51,-0.29
-0.25,0.51,-0.33
-0.2,0.51,-0.35
-0.15,0.51,-0.37
-0.11,0.51,-0.42
-0.06,0.51,-0.46
0.0,0.51,-0.5
0.07,0.51,-0.53
0.15,0.51,-0.53
0.23,0.51,-0.55
0.33,0.51,-0.56
0.45,0.51,-0.58
0.57,0.51,-0.57
0.68,0.51,-0.52
0.78,0.51,-0.44
0.85,0.51,-0.35
0.9,0.51,-0.24
0.92,0.51,-0.12
0.9,0.48,-0.0
0.85,0.48,0.11
0.77,0.48,0.21
0.67,0.48,0.28
0.55,0.48,0.32
0.43,0.48,0.33
0.34,0.48,0.34
0.26,0.48,0.34
0.2,0.48,0.34
0.17,0.48,0.41
0.14,0.48,0.51
0.08,0.48,0.61
-0.0,0.48,0.71
-0.11,0.48,0.8
-0.23,0.48,0.86
-0.37,0.48,0.89
-0.5,0.48,0.86
-0.62,0.48,0.81
-0.72,0.48,0.72
-0.79,0.48,0.6
-0.83,0.48,0.48
-0.83,0.48,0.34
-0.79,0.48,0.21
-0.67,0.48,0.09
-0.53,0.48,-0.0
-0.44,0.48,-0.06
-0.37,0.48,-0.1
-0.33,0.48,-0.14
-0.3,0.48,-0.17
-0.27,0.48,-0.21
-0.23,0.48,-0.24
-0.2,0.48,-0.26
-0.16,0.48,-0.28
-0.12,0.48,-0.3
-0.09,0.48,-0.34
-0.05,0.48,-0.41
0.0,0.48,-0.45
0.07,0.48,-0.48
0.14,0.48,-0.51
0.22,0.48,-0.52
0.31,0.48,-0.54
0.44,0.48,-0.57
0.57,0.48,-0.57
0.68,0.48,-0.52
0.78,0.48,-0.45
0.86,0.48,-0.35
0.92,0.48,-0.24
0.94,0.48,-0.12
0.93,0.46,0.0
0.88,0.46,0.12
0.81,0.46,0.22
0.7,0.46,0.29
0.58,0.46,0.34
0.45,0.46,0.34
0.34,0.46,0.34
0.26,0.46,0.34
0.19,0.46,0.33
0.16,0.46,0.4
0.14,0.46,0.51
0.08,0.46,0.64
-0.0,0.46,0.78
-0.12,0.46,0.88
-0.25,0.46,0.94
-0.39,0.46,0.94
-0.53,0.46,0.91
-0.64,0.46,0.83
-0.73,0.46,0.72
-0.79,0.46,0.61
-0.83,0.46,0.48
-0.82,0.46,0.34
-0.76,0.46,0.2
-0.64,0.46,0.08
-0.58,0.46,-0.0
-0.5,0.46,-0.07
-0.42,0.46,-0.11
-0.38,0.46,-0.16
-0.34,0.46,-0.2
-0.3,0.46,-0.23
-0.27,0.46,-0.27
-0.23,0.46,-0.3
-0.18,0.46,-0.32
-0.15,0.46,-0.36
-0.11,0.46,-0.4
-0.06,0.46,-0.45
0.0,0.46,-0.48
0.07,0.46,-0.51
0.14,0.46,-0.53
0.23,0.46,-0.54
0.33,0.46,-0.56
0.45,0.46,-0.59
0.58,0.46,-0.57
0.69,0.46,-0.52
0.78,0.46,-0.44
0.86,0.46,-0.35
0.91,0.46,-0.24
0.93,0.46,-0.12
0.91,0.44,-0.0
0.87,0.44,0.11
0.78,0.44,0.21
0.68,0.44,0.28
0.55,0.44,0.32
0.43,0.44,0.33
0.32,0.44,0.32
0.24,0.44,0.32
0.18,0.44,0.31
0.15,0.44,0.36
0.13,0.44,0.48
0.08,0.44,0.6
-0.0,0.44,0.71
-0.11,0.44,0.82
-0.24,0.44,0.88
-0.37,0.44,0.9
-0.51,0.44,0.87
-0.63,0.44,0.81
-0.72,0.44,0.72
-0.8,0.44,0.61
-0.85,0.44,0.49
-0.85,0.44,0.35
-0.81,0.44,0.21
-0.71,0.44,0.09
-0.52,0.44,-0.0
-0.42,0.44,-0.06
-0.32,0.44,-0.09
-0.24,0.44,-0.1
-0.22,0.44,-0.13
-0.21,0.44,-0.16
-0.18,0.44,-0.18
-0.15,0.44,-0.2
-0.13,0.44,-0.23
-0.11,0.44,-0.27
-0.08,0.44,-0.32
-0.05,0.44,-0.36
0.0,0.44,-0.4
0.06,0.44,-0.44
0.13,0.44,-0.47
0.21,0.44,-0.49
0.32,0.44,-0.56
0.45,0.44,-0.59
0.58,0.44,-0.57
0.69,0.44,-0.53
0.79,0.44,-0.45
0.87,0.44,-0.36
0.93,0.44,-0.24
0.95,0.44,-0.12
0.94,0.41,0.0
0.89,0.41,0.12
0.81,0.41,0.22
0.71,0.41,0.29
0.58,0.41,0.34
0.44,0.41,0.34
0.34,0.41,0.34
0.25,0.41,0.33
0.18,0.41,0.32
0.16,0.41,0.38
0.13,0.41,0.5
0.08,0.41,0.64
-0.0,0.41,0.79
-0.12,0.41,0.89
-0.25,0.41,0.94
-0.39,0.41,0.95
-0.53,0.41,0.91
-0.64,0.41,0.84
-0.73,0.41,0.73
-0.8,0.41,0.61
-0.84,0.41,0.49
-0.84,0.41,0.35
-0.78,0.41,0.21
-0.66,0.41,0.09
-0.55,0.41,-0.0
-0.47,0.41,-0.06
-0.39,0.41,-0.1
-0.33,0.41,-0.14
-0.29,0.41,-0.17
-0.26,0.41,-0.2
-0.23,0.41,-0.23
-0.2,0.41,-0.26
-0.16,0.41,-0.29
-0.14,0.41,-0.33
-0.1,0.41,-0.38
-0.05,0.41,-0.43
0.0,0.41,-0.46
0.07,0.41,-0.49
0.14,0.41,-0.51
0.22,0.41,-0.52
0.33,0.41,-0.57
0.46,0.41,-0.59
0.58,0.41,-0.58
0.69,0.41,-0.53
0.78,0.41,-0.45
0.85,0.41,-0.35
0.91,0.41,-0.24
0.93,0.41,-0.12
0.91,0.39,-0.0
0.86,0.39,0.11
0.79,0.39,0.21
0.68,0.39,0.28
0.56,0.39,0.32
0.42,0.39,0.33
0.32,0.39,0.32
0.23,0.39,0.31
0.17,0.39,0.3
0.14,0.39,0.34
0.13,0.39,0.47
0.08,0.39,0.63
-0.0,0.39,0.78
-0.12,0.39,0.88
-0.25,0.39,0.92
-0.39,0.39,0.93
-0.52,0.39,0.9
-0.64,0.39,0.83
-0.73,0.39,0.73
-0.81,0.39,0.62
-0.85,0.39,0.49
-0.85,0.39,0.35
-0.81,0.39,0.21
-0.73,0.39,0.09
-0.54,0.39,-0.0
-0.38,0.39,-0.05
-0.27,0.39,-0.07
-0.15,0.39,-0.06
-0.14,0.39,-0.08
-0.14,0.39,-0.11
-0.14,0.39,-0.14
-0.13,0.39,-0.17
-0.12,0.39,-0.2
-0.1,0.39,-0.24
-0.08,0.39,-0.28
-0.04,0.39,-0.33
0.0,0.39,-0.37
0.05,0.39,-0.41
0.12,0.39,-0.44
0.21,0.39,-0.5
0.33,0.39,-0.57
0.46,0.39,-0.59
0.58,0.39,-0.58
0.7,0.39,-0.53
0.79,0.39,-0.45
0.86,0.39,-0.35
0.92,0.39,-0.24
0.94,0.39,-0.12
0.92,0.37,0.0
0.87,0.37,0.11
0.8,0.37,0.21
0.69,0.37,0.29
0.56,0.37,0.33
0.43,0.37,0.33
0.32,0.37,0.32
0.23,0.37,0.31
0.17,0.37,0.29
0.15,0.37,0.35
0.13,0.37,0.48
0.08,0.37,0.63
-0.0,0.37,0.77
-0.12,0.37,0.87
-0.25,0.37,0.93
-0.39,0.37,0.94
-0.52,0.37,0.9
-0.64,0.37,0.83
-0.73,0.37,0.73
-0.81,0.37,0.62
-0.85,0.37,0.49
-0.85,0.37,0.35
-0.8,0.37,0.21
-0.68,0.37,0.09
-0.51,0.37,-0.0
-0.42,0.37,-0.06
-0.33,0.37,-0.09
-0.24,0.37,-0.1
-0.22,0.37,-0.13
-0.2,0.37,-0.16
-0.18,0.37,-0.18
-0.17,0.37,-0.22
-0.15,0.37,-0.26
-0.12,0.37,-0.3
-0.09,0.37,-0.35
-0.05,0.37,-0.39
0.0,0.37,-0.43
0.06,0.37,-0.46
0.13,0.37,-0.49
0.21,0.37,-0.5
0.33,0.37,-0.57
0.46,0.37,-0.59
0.58,0.37,-0.58
0.69,0.37,-0.53
0.79,0.37,-0.45
0.85,0.37,-0.35
0.9,0.37,-0.24
0.92,0.37,-0.12
0.9,0.35,0.0
0.85,0.35,0.11
0.78,0.35,0.21
0.67,0.35,0.28
0.55,0.35,0.32
0.41,0.35,0.32
0.3,0.35,0.3
0.22,0.35,0.29
0.16,0.35,0.27
0.12,0.35,0.3
0.12,0.35,0.45
0.08,0.35,0.64
-0.0,0.35,0.79
-0.12,0.35,0.89
-0.25,0.35,0.94
-0.39,0.35,0.95
-0.53,0.35,0.91
-0.64,0.35,0.83
-0.73,0.35,0.73
-0.81,0.35,0.62
-0.85,0.35,0.49
-0.85,0.35,0.35
-0.8,0.35,0.21
-0.69,0.35,0.09
-0.51,0.35,-0.0
-0.42,0.35,-0.06
-0.28,0.35,-0.08
-0.16,0.35,-0.06
-0.16,0.35,-0.09
-0.16,0.35,-0.12
-0.15,0.35,-0.15
-0.15,0.35,-0.19
-0.13,0.35,-0.23
-0.11,0.35,-0.28
-0.08,0.35,-0.32
-0.04,0.35,-0.29
0.0,0.35,-0.33
0.05,0.35,-0.37
0.11,0.35,-0.42
0.21,0.35,-0.51
0.34,0.35,-0.58
0.46,0.35,-0.6
0.59,0.35,-0.58
0.7,0.35,-0.53
0.79,0.35,-0.45
0.85,0.35,-0.35
0.9,0.35,-0.24
0.92,0.35,-0.12
0.89,0.32,-0.0
0.84,0.32,0.11
0.76,0.32,0.2
0.65,0.32,0.27
0.52,0.32,0.3
0.39,0.32,0.3
0.28,0.32,0.28
0.2,0.32,0.26
0.14,0.32,0.24
0.09,0.32,0.22
0.11,0.32,0.41
0.07,0.32,0.57
-0.0,0.32,0.71
-0.11,0.32,0.82
-0.24,0.32,0.9
-0.38,0.32,0.91
-0.51,0.32,0.89
-0.63,0.32,0.82
-0.73,0.32,0.72
-0.81,0.32,0.62
-0.86,0.32,0.49
-0.86,0.32,0.35
-0.81,0.32,0.22
-0.7,0.32,0.09
-0.43,0.32,-0.0
-0.31,0.32,-0.04
-0.12,0.32,-0.03
-0.12,0.32,-0.05
-0.12,0.32,-0.07
-0.12,0.32,-0.09
-0.12,0.32,-0.12
-0.12,0.32,-0.15
-0.13,0.32,-0.22
-0.11,0.32,-0.26
-0.08,0.32,-0.3
-0.04,0.32,-0.35
0.0,0.32,-0.39
0.06,0.32,-0.42
0.12,0.32,-0.44
0.21,0.32,-0.49
0.33,0.32,-0.56
0.46,0.32,-0.59
0.58,0.32,-0.58
0.69,0.32,-0.53
0.78,0.32,-0.45
0.85,0.32,-0.35
0.89,0.32,-0.23
0.91,0.32,-0.12
0.89,0.3,-0.0
0.84,0.3,0.11
0.76,0.3,0.2
0.65,0.3,0.27
0.52,0.3,0.3
0.38,0.3,0.29
0.27,0.3,0.27
0.2,0.3,0.26
0.14,0.3,0.24
0.09,0.3,0.23
0.11,0.3,0.41
0.08,0.3,0.62
-0.0,0.3,0.78
-0.12,0.3,0.88
-0.25,0.3,0.94
-0.39,0.3,0.94
-0.53,0.3,0.91
-0.64,0.3,0.83
-0.73,0.3,0.73
-0.81,0.3,0.62
-0.85,0.3,0.49
-0.85,0.3,0.35
-0.8,0.3,0.21
-0.69,0.3,0.09
-0.46,0.3,-0.0
-0.36,0.3,-0.05
-0.22,0.3,-0.06
-0.14,0.3,-0.06
-0.14,0.3,-0.08
-0.14,0.3,-0.11
-0.14,0.3,-0.14
-0.13,0.3,-0.17
-0.12,0.3,-0.21
-0.1,0.3,-0.25
-0.08,0.3,-0.3
-0.04,0.3,-0.34
0.0,0.3,-0.38
0.06,0.3,-0.41
0.11,0.3,-0.42
0.21,0.3,-0.51
0.33,0.3,-0.57
0.46,0.3,-0.59
0.58,0.3,-0.58
0.69,0.3,-0.53
0.78,0.3,-0.45
0.84,0.3,-0.34
0.87,0.3,-0.23
0.89,0.3,-0.11
0.86,0.28,-0.0
0.81,0.28,0.11
0.73,0.28,0.2
0.62,0.28,0.26
0.49,0.28,0.28
0.34,0.28,0.26
0.22,0.28,0.22
0.14,0.28,0.18
0.08,0.28,0.14
0.04,0.28,0.11
0.02,0.28,0.08
0.07,0.28,0.5
-0.0,0.28,0.68
-0.11,0.28,0.79
-0.23,0.28,0.86
-0.37,0.28,0.88
-0.5,0.28,0.86
-0.62,0.28,0.8
-0.72,0.28,0.72
-0.81,0.28,0.62
-0.85,0.28,0.49
-0.86,0.28,0.35
-0.82,0.28,0.22
-0.72,0.28,0.09
-0.51,0.28,-0.0
-0.03,0.28,-0.0
-0.04,0.28,-0.01
-0.04,0.28,-0.02
-0.04,0.28,-0.03
-0.05,0.28,-0.04
-0.05,0.28,-0.05
-0.05,0.28,-0.06
-0.05,0.28,-0.08
-0.05,0.28,-0.11
-0.04,0.28,-0.15
-0.03,0.28,-0.25
0.0,0.28,-0.29
0.04,0.28,-0.33
0.1,0.28,-0.36
0.19,0.28,-0.46
0.32,0.28,-0.55
0.45,0.28,-0.58
0.57,0.28,-0.57
0.69,0.28,-0.52
0.78,0.28,-0.44
0.84,0.28,-0.34
0.88,0.28,-0.23
0.89,0.28,-0.11
0.87,0.25,0.0
0.82,0.25,0.11
0.74,0.25,0.2
0.63,0.25,0.26
0.49,0.25,0.28
0.33,0.25,0.26
0.23,0.25,0.23
0.16,0.25,0.21
0.11,0.25,0.19
0.07,0.25,0.17
0.04,0.25,0.16
0.08,0.25,0.59
-0.0,0.25,0.76
-0.12,0.25,0.87
-0.25,0.25,0.93
-0.39,0.25,0.93
-0.52,0.25,0.9
-0.63,0.25,0.82
-0.73,0.25,0.72
-0.81,0.25,0.62
-0.85,0.25,0.49
-0.85,0.25,0.35
-0.79,0.25,0.21
-0.67,0.25,0.09
-0.38,0.25,-0.0
-0.09,0.25,-0.01
-0.09,0.25,-0.02
-0.09,0.25,-0.04
-0.1,0.25,-0.06
-0.1,0.25,-0.08
-0.1,0.25,-0.1
-0.1,0.25,-0.13
-0.09,0.25,-0.16
-0.08,0.25,-0.2
-0.06,0.25,-0.24
-0.04,0.25,-0.29
0.0,0.25,-0.33
0.05,0.25,-0.36
0.11,0.25,-0.39
0.2,0.25,-0.47
0.32,0.25,-0.55
0.45,0.25,-0.58
0.57,0.25,-0.57
0.68,0.25,-0.52
0.77,0.25,-0.44
0.83,0.25,-0.34
0.86,0.25,-0.23
0.87,0.25,-0.11
0.83,0.23,-0.0
0.78,0.23,0.1
0.69,0.23,0.19
0.58,0.23,0.24
0.44,0.23,0.25
0.27,0.23,0.21
0.15,0.23,0.16
0.09,0.23,0.11
0.05,0.23,0.08
0.02,0.23,0.06
0.01,0.23,0.04
-0.65,0.23,-4.96
-0.0,0.23,0.65
-0.1,0.23,0.77
-0.23,0.23,0.84
-0.36,0.23,0.86
-0.49,0.23,0.84
-0.61,0.23,0.79
-0.71,0.23,0.71
-0.8,0.23,0.61
-0.84,0.23,0.48
-0.85,0.23,0.35
-0.81,0.23,0.21
-0.71,0.23,0.09
0.06,0.23,0.0
0.06,0.23,0.01
0.06,0.23,0.02
0.07,0.23,0.03
0.08,0.23,0.05
0.08,0.23,0.06
3.52,0.23,3.55
3.03,0.23,3.98
2.49,0.23,4.34
1.9,0.23,4.63
1.28,0.23,4.83
0.04,0.23,0.28
-0.0,0.23,0.2
-0.02,0.23,0.17
0.06,0.23,-0.2
0.16,0.23,-0.39
0.3,0.23,-0.52
0.43,0.23,-0.56
0.56,0.23,-0.56
0.68,0.23,-0.52
0.77,0.23,-0.44
0.84,0.23,-0.34
0.88,0.23,-0.23
0.89,0.23,-0.11
0.86,0.21,-0.0
0.8,0.21,0.11
0.71,0.21,0.19
0.59,0.21,0.24
0.4,0.21,0.23
-3.97,0.21,-3.05
-3.53,0.21,-3.54
-3.04,0.21,-3.97
-2.5,0.21,-4.33
-1.91,0.21,-4.62
-1.29,0.21,-4.83
-0.65,0.21,-4.96
-0.0,0.21,0.65
-0.1,0.21,0.78
-0.23,0.21,0.85
-0.36,0.21,0.88
-0.5,0.21,0.85
-0.6,0.21,0.78
-0.72,0.21,0.72
-0.81,0.21,0.62
-0.86,0.21,0.5
-0.88,0.21,0.36
-0.84,0.21,0.22
-0.74,0.21,0.1
-0.53,0.21,-0.0
0.05,0.21,0.01
0.06,0.21,0.01
0.06,0.21,0.03
0.07,0.21,0.04
0.11,0.21,0.09
3.52,0.21,3.55
3.03,0.21,3.98
2.49,0.21,4.34
1.9,0.21,4.63
1.28,0.21,4.83
0.64,0.21,4.96
-0.0,0.21,0.26
0.03,0.21,-0.19
0.09,0.21,-0.34
0.21,0.21,-0.5
0.33,0.21,-0.57
0.46,0.21,-0.59
0.58,0.21,-0.57
0.68,0.21,-0.52
0.76,0.21,-0.44
0.82,0.21,-0.34
0.85,0.21,-0.22
0.84,0.21,-0.11
0.78,0.19,0.0
0.72,0.19,0.09
0.63,0.19,0.17
0.5,0.19,0.21
0.32,0.19,0.19
-3.97,0.19,-3.05
-3.53,0.19,-3.54
-3.04,0.19,-3.97
-2.5,0.19,-4.33
-1.91,0.19,-4.62
-1.29,0.19,-4.83
-0.65,0.19,-4.96
-0.0,0.19,0.69
-0.11,0.19,0.81
-0.24,0.19,0.9
-0.38,0.19,0.91
-0.51,0.19,0.88
-0.62,0.19,0.8
-0.71,0.19,0.71
-0.79,0.19,0.6
-0.83,0.19,0.48
-0.82,0.19,0.34
-0.76,0.19,0.2
-0.64,0.19,0.08
0.09,0.19,0.0
0.09,0.19,0.01
0.1,0.19,0.03
0.12,0.19,0.05
0.16,0.19,0.09
3.96,0.19,3.06
3.52,0.19,3.55
3.03,0.19,3.98
2.49,0.19,4.34
1.9,0.19,4.63
1.28,0.19,4.83
0.64,0.19,4.96
-0.0,0.19,0.27
-0.03,0.19,0.22
-0.05,0.19,0.19
-0.07,0.19,0.17
0.29,0.19,-0.49
0.42,0.19,-0.55
0.55,0.19,-0.54
0.66,0.19,-0.5
0.75,0.19,-0.43
0.81,0.19,-0.33
0.85,0.19,-0.22
0.84,0.19,-0.11
0.79,0.16,-0.0
0.74,0.16,0.1
0.64,0.16,0.17
0.5,0.16,0.21
-4.33,0.16,-2.5
-3.97,0.16,-3.05
-3.53,0.16,-3.54
-3.04,0.16,-3.97
-2.5,0.16,-4.33
-1.91,0.16,-4.62
-1.29,0.16,-4.83
-0.65,0.16,-4.96
-0.0,0.16,0.63
-0.1,0.16,0.77
-0.23,0.16,0.85
-0.36,0.16,0.87
-0.49,0.16,0.84
-0.6,0.16,0.78
-0.7,0.16,0.7
-0.78,0.16,0.6
-0.83,0.16,0.48
-0.82,0.16,0.34
-0.76,0.16,0.2
-0.62,0.16,0.08
0.11,0.16,0.0
0.12,0.16,0.02
0.14,0.16,0.04
0.17,0.16,0.07
4.32,0.16,2.51
3.96,0.16,3.06
3.52,0.16,3.55
3.03,0.16,3.98
2.49,0.16,4.34
1.9,0.16,4.63
1.28,0.16,4.83
0.64,0.16,4.96
-0.0,0.16,0.29
-0.03,0.16,0.23
-0.05,0.16,0.2
-0.07,0.16,0.18
0.28,0.16,-0.48
0.41,0.16,-0.53
0.54,0.16,-0.53
0.65,0.16,-0.49
0.74,0.16,-0.42
0.8,0.16,-0.33
0.83,0.16,-0.22
0.82,0.16,-0.1
0.76,0.14,0.0
0.7,0.14,0.09
0.6,0.14,0.16
0.42,0.14,0.17
-4.33,0.14,-2.5
-3.97,0.14,-3.05
-3.53,0.14,-3.54
-3.04,0.14,-3.97
-2.5,0.14,-4.33
-1.91,0.14,-4.62
-1.29,0.14,-4.83
-0.65,0.14,-4.96
-0.0,0.14,0.66
-0.11,0.14,0.8
-0.23,0.14,0.87
-0.37,0.14,0.88
-0.49,0.14,0.85
-0.6,0.14,0.78
-0.7,0.14,0.7
-0.78,0.14,0.59
-0.82,0.14,0.47
-0.81,0.14,0.33
-0.74,0.14,0.2
-0.58,0.14,0.07
0.16,0.14,0.0
0.18,0.14,0.02
0.22,0.14,0.06
4.61,0.14,1.93
4.32,0.14,2.51
3.96,0.14,3.06
3.52,0.14,3.55
3.03,0.14,3.98
2.49,0.14,4.34
1.9,0.14,4.63
1.28,0.14,4.83
0.64,0.14,4.96
-0.02,0.14,5.0
-0.04,0.14,0.3
-0.07,0.14,0.25
-0.09,0.14,0.22
0.27,0.14,-0.46
0.4,0.14,-0.52
0.53,0.14,-0.52
0.64,0.14,-0.48
0.73,0.14,-0.41
0.79,0.14,-0.32
0.81,0.14,-0.21
0.81,0.14,-0.1
0.74,0.12,0.0
0.66,0.12,0.09
0.53,0.12,0.14
-4.62,0.12,-1.91
-4.33,0.12,-2.5
-3.97,0.12,-3.05
-3.53,0.12,-3.54
-3.04,0.12,-3.97
-2.5,0.12,-4.33
-1.91,0.12,-4.62
-1.29,0.12,-4.83
-0.65,0.12,-4.96
0.01,0.12,-5.0
-0.09,0.12,0.67
-0.21,0.12,0.79
-0.34,0.12,0.82
-0.47,0.12,0.8
-0.57,0.12,0.75
-0.68,0.12,0.68
-0.76,0.12,0.58
-0.8,0.12,0.46
-0.79,0.12,0.33
-0.73,0.12,0.19
-0.52,0.12,0.07
0.2,0.12,0.0
0.22,0.12,0.03
0.26,0.12,0.07
4.61,0.12,1.93
4.32,0.12,2.51
3.96,0.12,3.06
3.52,0.12,3.55
3.03,0.12,3.98
2.49,0.12,4.34
1.9,0.12,4.63
1.28,0.12,4.83
0.64,0.12,4.96
-0.0,0.12,0.39
-0.04,0.12,0.3
-0.07,0.12,0.25
-0.09,0.12,0.23
0.23,0.12,-0.4
0.38,0.12,-0.49
0.51,0.12,-0.5
0.62,0.12,-0.47
0.71,0.12,-0.4
0.77,0.12,-0.31
0.8,0.12,-0.21
0.79,0.12,-0.1
0.73,0.09,0.0
0.64,0.09,0.08
0.49,0.09,0.13
-4.62,0.09,-1.91
-4.33,0.09,-2.5
-3.97,0.09,-3.05
-3.53,0.09,-3.54
-3.04,0.09,-3.97
-2.5,0.09,-4.33
-1.91,0.09,-4.62
-1.29,0.09,-4.83
-0.65,0.09,-4.96
-0.0,0.09,0.55
-0.1,0.09,0.75
-0.22,0.09,0.83
-0.35,0.09,0.85
-0.48,0.09,0.82
-0.58,0.09,0.76
-0.68,0.09,0.68
-0.76,0.09,0.58
-0.79,0.09,0.45
-0.78,0.09,0.32
-0.7,0.09,0.18
0.2,0.09,-0.03
0.22,0.09,0.0
0.24,0.09,0.03
0.3,0.09,0.08
4.61,0.09,1.93
4.32,0.09,2.51
3.96,0.09,3.06
3.52,0.09,3.55
3.03,0.09,3.98
2.49,0.09,4.34
1.9,0.09,4.63
1.28,0.09,4.83
0.64,0.09,4.96
-0.02,0.09,5.0
-0.05,0.09,0.33
-0.08,0.09,0.29
-0.11,0.09,0.26
-0.13,0.09,0.23
0.37,0.09,-0.48
0.49,0.09,-0.49
0.6,0.09,-0.46
0.69,0.09,-0.39
0.75,0.09,-0.31
0.77,0.09,-0.2
0.76,0.09,-0.1
0.68,0.07,0.0
0.58,0.07,0.08
-4.83,0.07,-1.3
-4.62,0.07,-1.91
-4.33,0.07,-2.5
-3.97,0.07,-3.05
-3.53,0.07,-3.54
-3.04,0.07,-3.97
-2.5,0.07,-4.33
-1.91,0.07,-4.62
-1.29,0.07,-4.83
-0.65,0.07,-4.96
0.01,0.07,-5.0
0.66,0.07,-4.96
-0.18,0.07,0.69
-0.31,0.07,0.74
-0.43,0.07,0.74
-0.55,0.07,0.71
-0.66,0.07,0.65
-0.73,0.07,0.56
-0.77,0.07,0.44
-0.76,0.07,0.31
-0.68,0.07,0.18
0.23,0.07,-0.03
0.26,0.07,0.0
0.29,0.07,0.04
4.83,0.07,1.31
4.61,0.07,1.93
4.32,0.07,2.51
3.96,0.07,3.06
3.52,0.07,3.55
3.03,0.07,3.98
2.49,0.07,4.34
1.9,0.07,4.63
1.28,0.07,4.83
0.64,0.07,4.96
-0.02,0.07,5.0
-0.05,0.07,0.37
-0.08,0.07,0.31
-0.11,0.07,0.27
-0.14,0.07,0.24
0.32,0.07,-0.41
0.47,0.07,-0.46
0.58,0.07,-0.44
0.67,0.07,-0.38
0.73,0.07,-0.3
0.76,0.07,-0.2
0.75,0.07,-0.1
0.67,0.05,-0.0
0.55,0.05,0.07
-4.83,0.05,-1.3
-4.62,0.05,-1.91
-4.33,0.05,-2.5
-3.97,0.05,-3.05
-3.53,0.05,-3.54
-3.04,0.05,-3.97
-2.5,0.05,-4.33
-1.91,0.05,-4.62
-1.29,0.05,-4.83
-0.65,0.05,-4.96
0.01,0.05,-5.0
-0.09,0.05,0.67
-0.21,0.05,0.78
-0.34,0.05,0.81
-0.46,0.05,0.79
-0.56,0.05,0.72
-0.66,0.05,0.66
-0.73,0.05,0.56
-0.76,0.05,0.44
-0.73,0.05,0.3
-0.62,0.05,0.16
0.25,0.05,-0.03
0.28,0.05,0.0
0.34,0.05,0.05
4.83,0.05,1.31
4.61,0.05,1.93
4.32,0.05,2.51
3.96,0.05,3.06
3.52,0.05,3.55
3.03,0.05,3.98
2.49,0.05,4.34
1.9,0.05,4.63
1.28,0.05,4.83
0.64,0.05,4.96
-0.02,0.05,5.0
-0.06,0.05,0.41
-0.09,0.05,0.34
-0.12,0.05,0.3
-0.16,0.05,0.27
0.28,0.05,-0.36
0.44,0.05,-0.44
0.56,0.05,-0.42
0.65,0.05,-0.37
0.7,0.05,-0.29
0.73,0.05,-0.19
0.71,0.05,-0.09
0.61,0.02,0.0
-4.96,0.02,-0.65
-4.83,0.02,-1.3
-4.62,0.02,-1.91
-4.33,0.02,-2.5
-3.97,0.02,-3.05
-3.53,0.02,-3.54
-3.04,0.02,-3.97
-2.5,0.02,-4.33
-1.91,0.02,-4.62
-1.29,0.02,-4.83
-0.65,0.02,-4.96
0.01,0.02,-5.0
0.66,0.02,-4.96
-0.15,0.02,0.57
-0.28,0.02,0.68
-0.4,0.02,0.69
-0.52,0.02,0.67
-0.62,0.02,0.62
-0.7,0.02,0.53
-0.72,0.02,0.42
-0.7,0.02,0.29
-0.55,0.02,0.15
0.3,0.02,-0.04
0.34,0.02,0.0
4.96,0.02,0.67
4.83,0.02,1.31
4.61,0.02,1.93
4.32,0.02,2.51
3.96,0.02,3.06
3.52,0.02,3.55
3.03,0.02,3.98
2.49,0.02,4.34
1.9,0.02,4.63
1.28,0.02,4.83
0.64,0.02,4.96
-0.02,0.02,5.0
-0.67,0.02,4.95
-0.11,0.02,0.41
-0.14,0.02,0.34
-0.17,0.02,0.3
-0.21,0.02,0.27
0.39,0.02,-0.38
0.53,0.02,-0.4
0.62,0.02,-0.36
0.68,0.02,-0.28
