-4.96,1.48,-0.65
-4.83,1.48,-1.3
-4.62,1.48,-1.91
-4.33,1.48,-2.5
-3.97,1.48,-3.05
-3.53,1.48,-3.54
-3.04,1.48,-3.97
-2.5,1.48,-4.33
-1.91,1.48,-4.62
-1.29,1.48,-4.83
-0.65,1.48,-4.96
0.01,1.48,-5.0
0.66,1.48,-4.96
1.3,1.48,-4.83
1.92,1.48,-4.62
2.51,1.48,-4.33
3.05,1.48,-3.96
3.54,1.48,-3.53
3.97,1.48,-3.04
4.34,1.48,-2.49
4.62,1.48,-1.9
4.83,1.48,-1.28
4.96,1.48,-0.64
5.0,1.48,0.01
4.96,1.48,0.67
4.83,1.48,1.31
4.61,1.48,1.93
4.32,1.48,2.51
3.96,1.48,3.06
3.52,1.48,3.55
3.03,1.48,3.98
2.49,1.48,4.34
1.9,1.48,4.63
1.28,1.48,4.83
0.64,1.48,4.96
-0.02,1.48,5.0
-0.67,1.48,4.95
-1.31,1.48,4.82
-1.93,1.48,4.61
-2.52,1.48,4.32
-3.06,1.48,3.95
-3.55,1.48,3.52
-3.98,1.48,3.03
-4.34,1.48,2.48
-4.63,1.48,1.89
-4.84,1.48,1.27
-4.96,1.48,0.63
-5.0,1.46,0.0
-4.96,1.46,-0.65
-4.83,1.46,-1.3
-4.62,1.46,-1.91
-4.33,1.46,-2.5
-3.97,1.46,-3.05
-3.53,1.46,-3.54
-3.04,1.46,-3.97
-2.5,1.46,-4.33
-1.91,1.46,-4.62
-1.29,1.46,-4.83
-0.65,1.46,-4.96
0.01,1.46,-5.0
0.66,1.46,-4.96
1.3,1.46,-4.83
1.92,1.46,-4.62
2.51,1.46,-4.33
3.05,1.46,-3.96
3.54,1.46,-3.53
3.97,1.46,-3.04
4.34,1.46,-2.49
4.62,1.46,-1.9
4.83,1.46,-1.28
4.96,1.46,-0.64
5.0,1.46,0.01
4.96,1.46,0.67
4.83,1.46,1.31
4.61,1.46,1.93
4.32,1.46,2.51
3.96,1.46,3.06
3.52,1.46,3.55
3.03,1.46,3.98
2.49,1.46,4.34
1.9,1.46,4.63
1.28,1.46,4.83
0.64,1.46,4.96
-0.02,1.46,5.0
-0.67,1.46,4.95
-1.31,1.46,4.82
-1.93,1.46,4.61
-2.52,1.46,4.32
-3.06,1.46,3.95
-3.55,1.46,3.52
-3.98,1.46,3.03
-4.34,1.46,2.48
-4.63,1.46,1.89
-4.84,1.46,1.27
-4.96,1.46,0.63
-5.0,1.45,0.0
0.15,1.45,0.02
0.16,1.45,0.04
0.15,1.45,0.06
0.13,1.45,0.08
0.11,1.45,0.08
-3.53,1.45,-3.54
-3.04,1.45,-3.97
-2.5,1.45,-4.33
-1.91,1.45,-4.62
-1.29,1.45,-4.83
-0.65,1.45,-4.96
0.01,1.45,-5.0
0.66,1.45,-4.96
1.3,1.45,-4.83
1.92,1.45,-4.62
2.51,1.45,-4.33
3.05,1.45,-3.96
3.54,1.45,-3.53
3.97,1.45,-3.04
4.34,1.45,-2.49
4.62,1.45,-1.9
4.83,1.45,-1.28
4.96,1.45,-0.64
5.0,1.45,0.01
0.09,1.45,0.01
0.08,1.45,0.02
0.08,1.45,0.03
0.08,1.45,0.04
0.08,1.45,0.06
3.52,1.45,3.55
3.03,1.45,3.98
2.49,1.45,4.34
1.9,1.45,4.63
1.28,1.45,4.83
0.64,1.45,4.96
-0.02,1.45,5.0
-0.67,1.45,4.95
-1.31,1.45,4.82
-1.93,1.45,4.61
-2.52,1.45,4.32
-3.06,1.45,3.95
-3.55,1.45,3.52
-3.98,1.45,3.03
-4.34,1.45,2.48
-4.63,1.45,1.89
-4.84,1.45,1.27
-4.96,1.45,0.63
0.17,1.43,-0.0
0.19,1.43,0.02
0.19,1.43,0.05
0.18,1.43,0.07
0.16,1.43,0.09
0.14,1.43,0.11
0.11,1.43,0.11
0.08,1.43,0.11
-2.5,1.43,-4.33
-1.91,1.43,-4.62
-1.29,1.43,-4.83
-0.65,1.43,-4.96
0.01,1.43,-5.0
0.66,1.43,-4.96
1.3,1.43,-4.83
1.92,1.43,-4.62
2.51,1.43,-4.33
3.05,1.43,-3.96
3.54,1.43,-3.53
3.97,1.43,-3.04
4.34,1.43,-2.49
4.62,1.43,-1.9
0.09,1.43,-0.02
0.06,1.43,-0.01
0.06,1.43,0.0
0.05,1.43,0.01
0.05,1.43,0.01
0.05,1.43,0.02
0.05,1.43,0.03
0.04,1.43,0.03
0.04,1.43,0.04
0.05,1.43,0.06
2.49,1.43,4.34
1.9,1.43,4.63
1.28,1.43,4.83
0.64,1.43,4.96
-0.02,1.43,5.0
-0.67,1.43,4.95
-1.31,1.43,4.82
-1.93,1.43,4.61
-2.52,1.43,4.32
-3.06,1.43,3.95
-3.55,1.43,3.52
-3.98,1.43,3.03
-4.34,1.43,2.48
-4.63,1.43,1.89
0.11,1.43,-0.03
0.15,1.43,-0.02
0.2,1.42,-0.0
0.2,1.42,0.03
0.21,1.42,0.05
0.2,1.42,0.08
0.18,1.42,0.1
0.16,1.42,0.12
0.13,1.42,0.13
0.1,1.42,0.13
0.07,1.42,0.12
0.04,1.42,0.09
-1.29,1.42,-4.83
-0.65,1.42,-4.96
0.01,1.42,-5.0
0.66,1.42,-4.96
1.3,1.42,-4.83
1.92,1.42,-4.62
2.51,1.42,-4.33
3.05,1.42,-3.96
3.54,1.42,-3.53
3.97,1.42,-3.04
4.34,1.42,-2.49
0.05,1.42,-0.02
0.04,1.42,-0.01
0.04,1.42,-0.0
0.04,1.42,0.0
0.03,1.42,0.0
0.03,1.42,0.01
0.03,1.42,0.01
0.03,1.42,0.02
0.03,1.42,0.02
0.03,1.42,0.03
0.03,1.42,0.03
0.03,1.42,0.04
0.03,1.42,0.07
1.28,1.42,4.83
0.64,1.42,4.96
-0.02,1.42,5.0
-0.67,1.42,4.95
-1.31,1.42,4.82
-1.93,1.42,4.61
-2.52,1.42,4.32
-3.06,1.42,3.95
-3.55,1.42,3.52
-3.98,1.42,3.03
-4.34,1.42,2.48
0.12,1.42,-0.05
0.15,1.42,-0.04
0.18,1.42,-0.02
0.21,1.4,0.0
0.22,1.4,0.03
0.22,1.4,0.06
0.21,1.4,0.09
0.19,1.4,0.11
0.17,1.4,0.13
0.14,1.4,0.14
0.11,1.4,0.15
0.08,1.4,0.14
0.05,1.4,0.13
0.03,1.4,0.09
-0.65,1.4,-4.96
0.01,1.4,-5.0
0.66,1.4,-4.96
1.3,1.4,-4.83
1.92,1.4,-4.62
2.51,1.4,-4.33
3.05,1.4,-3.96
3.54,1.4,-3.53
0.05,1.4,-0.04
0.03,1.4,-0.02
0.03,1.4,-0.01
0.02,1.4,-0.01
0.02,1.4,-0.0
0.02,1.4,0.0
0.02,1.4,0.0
0.02,1.4,0.01
0.02,1.4,0.01
0.02,1.4,0.01
0.02,1.4,0.01
0.02,1.4,0.02
0.01,1.4,0.02
0.01,1.4,0.02
0.01,1.4,0.03
0.01,1.4,0.04
0.64,1.4,4.96
-0.02,1.4,5.0
-0.67,1.4,4.95
-1.31,1.4,4.82
-1.93,1.4,4.61
-2.52,1.4,4.32
-3.06,1.4,3.95
-3.55,1.4,3.52
0.06,1.4,-0.05
0.11,1.4,-0.06
0.14,1.4,-0.06
0.17,1.4,-0.04
0.19,1.4,-0.02
0.22,1.39,0.0
0.23,1.39,0.03
0.23,1.39,0.06
0.22,1.39,0.09
0.2,1.39,0.12
0.18,1.39,0.14
0.15,1.39,0.15
0.12,1.39,0.16
0.09,1.39,0.15
0.06,1.39,0.14
0.03,1.39,0.12
0.01,1.39,0.09
0.01,1.39,-5.0
0.66,1.39,-4.96
1.3,1.39,-4.83
1.92,1.39,-4.62
2.51,1.39,-4.33
3.05,1.39,-3.96
0.02,1.39,-0.02
0.01,1.39,-0.01
0.01,1.39,-0.01
0.01,1.39,-0.0
0.01,1.39,-0.0
0.01,1.39,-0.0
0.01,1.39,0.0
0.01,1.39,0.0
0.01,1.39,0.0
0.01,1.39,0.0
0.01,1.39,0.0
0.01,1.39,0.01
0.01,1.39,0.01
0.01,1.39,0.01
0.01,1.39,0.01
0.01,1.39,0.01
0.0,1.39,0.02
0.0,1.39,0.02
-0.02,1.39,5.0
-0.67,1.39,4.95
-1.31,1.39,4.82
-1.93,1.39,4.61
-2.52,1.39,4.32
-3.06,1.39,3.95
0.05,1.39,-0.05
0.09,1.39,-0.07
0.12,1.39,-0.07
0.16,1.39,-0.06
0.18,1.39,-0.05
0.21,1.39,-0.03
0.23,1.37,0.0
0.24,1.37,0.03
0.24,1.37,0.06
0.23,1.37,0.09
0.21,1.37,0.12
0.19,1.37,0.14
0.16,1.37,0.16
0.13,1.37,0.16
0.09,1.37,0.16
0.06,1.37,0.15
0.04,1.37,0.13
0.01,1.37,0.11
-0.0,1.37,0.08
-0.01,1.37,0.05
1.3,1.37,-4.83
1.92,1.37,-4.62
0.01,1.37,-0.01
0.0,1.37,-0.0
0.0,1.37,-0.0
0.0,1.37,-0.0
0.0,1.37,-0.0
0.0,1.37,-0.0
0.0,1.37,-0.0
0.0,1.37,-0.0
0.0,1.37,0.0
0.0,1.37,0.0
0.0,1.37,0.0
0.0,1.37,0.0
0.0,1.37,0.0
0.0,1.37,0.0
0.0,1.37,0.0
0.0,1.37,0.0
0.0,1.37,0.0
0.0,1.37,0.0
0.0,1.37,0.0
0.0,1.37,0.0
-0.0,1.37,0.01
-0.0,1.37,0.01
-1.31,1.37,4.82
-1.93,1.37,4.61
0.01,1.37,-0.02
0.04,1.37,-0.05
0.07,1.37,-0.07
0.1,1.37,-0.08
0.13,1.37,-0.08
0.17,1.37,-0.07
0.19,1.37,-0.05
0.21,1.37,-0.03
0.23,1.36,0.0
0.24,1.36,0.03
0.24,1.36,0.06
0.23,1.36,0.1
0.21,1.36,0.12
0.19,1.36,0.15
0.16,1.36,0.16
0.13,1.36,0.17
0.1,1.36,0.17
0.07,1.36,0.16
0.04,1.36,0.14
0.02,1.36,0.12
-0.0,1.36,0.09
-0.01,1.36,0.07
-0.01,1.36,0.04
-0.01,1.36,0.02
-0.01,1.36,0.01
-0.01,1.36,0.01
-0.01,1.36,0.01
-0.01,1.36,0.0
-0.01,1.36,0.0
-0.0,1.36,0.0
-0.0,1.36,0.0
-0.0,1.36,0.0
-0.0,1.36,-0.0
-0.0,1.36,-0.0
-0.0,1.36,-0.0
-0.0,1.36,-0.0
-0.0,1.36,-0.0
-0.0,1.36,-0.0
-0.0,1.36,-0.0
-0.0,1.36,-0.0
-0.0,1.36,-0.0
-0.0,1.36,-0.01
-0.0,1.36,-0.01
-0.0,1.36,-0.01
0.0,1.36,-0.01
0.0,1.36,-0.01
0.01,1.36,-0.02
0.01,1.36,-0.03
0.03,1.36,-0.05
0.05,1.36,-0.07
0.08,1.36,-0.08
0.11,1.36,-0.08
0.14,1.36,-0.08
0.17,1.36,-0.07
0.2,1.36,-0.05
0.22,1.36,-0.03
0.24,1.34,0.0
0.25,1.34,0.03
0.24,1.34,0.07
0.23,1.34,0.1
0.22,1.34,0.12
0.19,1.34,0.15
0.16,1.34,0.16
0.13,1.34,0.17
0.1,1.34,0.17
0.07,1.34,0.16
0.04,1.34,0.15
0.02,1.34,0.13
-0.0,1.34,0.1
-0.01,1.34,0.08
-0.02,1.34,0.06
-0.02,1.34,0.04
-0.02,1.34,0.03
-0.01,1.34,0.02
-0.01,1.34,0.01
-0.01,1.34,0.01
-0.01,1.34,0.01
-0.01,1.34,0.0
-0.01,1.34,0.0
-0.01,1.34,0.0
-0.01,1.34,-0.0
-0.01,1.34,-0.0
-0.01,1.34,-0.0
-0.01,1.34,-0.0
-0.01,1.34,-0.0
-0.01,1.34,-0.01
-0.01,1.34,-0.01
-0.01,1.34,-0.01
-0.01,1.34,-0.01
-0.0,1.34,-0.01
-0.0,1.34,-0.01
-0.0,1.34,-0.02
0.0,1.34,-0.02
0.0,1.34,-0.03
0.01,1.34,-0.03
0.02,1.34,-0.05
0.04,1.34,-0.06
0.06,1.34,-0.07
0.08,1.34,-0.08
0.11,1.34,-0.09
0.15,1.34,-0.08
0.18,1.34,-0.07
0.2,1.34,-0.05
0.22,1.34,-0.03
0.24,1.33,0.0
0.25,1.33,0.03
0.25,1.33,0.07
0.24,1.33,0.1
0.22,1.33,0.13
0.19,1.33,0.15
0.16,1.33,0.16
0.13,1.33,0.17
0.1,1.33,0.17
0.07,1.33,0.17
0.04,1.33,0.15
0.02,1.33,0.13
-0.0,1.33,0.11
-0.01,1.33,0.09
-0.02,1.33,0.07
-0.02,1.33,0.05
-0.02,1.33,0.04
-0.02,1.33,0.03
-0.02,1.33,0.02
-0.02,1.33,0.01
-0.02,1.33,0.01
-0.02,1.33,0.01
-0.02,1.33,0.0
-0.02,1.33,0.0
-0.01,1.33,-0.0
-0.01,1.33,-0.0
-0.01,1.33,-0.0
-0.01,1.33,-0.01
-0.01,1.33,-0.01
-0.01,1.33,-0.01
-0.01,1.33,-0.01
-0.01,1.33,-0.01
-0.01,1.33,-0.02
-0.01,1.33,-0.02
-0.01,1.33,-0.02
-0.0,1.33,-0.03
0.0,1.33,-0.03
0.01,1.33,-0.04
0.01,1.33,-0.05
0.02,1.33,-0.06
0.04,1.33,-0.07
0.06,1.33,-0.08
0.09,1.33,-0.09
0.12,1.33,-0.09
0.15,1.33,-0.08
0.18,1.33,-0.07
0.2,1.33,-0.05
0.23,1.33,-0.03
0.24,1.32,0.0
0.25,1.32,0.03
0.25,1.32,0.07
0.24,1.32,0.1
0.22,1.32,0.13
0.19,1.32,0.15
0.16,1.32,0.16
0.13,1.32,0.17
0.1,1.32,0.17
0.07,1.32,0.17
0.04,1.32,0.15
0.02,1.32,0.14
-0.0,1.32,0.12
-0.01,1.32,0.1
-0.02,1.32,0.08
-0.03,1.32,0.06
-0.03,1.32,0.05
-0.03,1.32,0.03
-0.03,1.32,0.03
-0.03,1.32,0.02
-0.02,1.32,0.01
-0.02,1.32,0.01
-0.18,1.32,0.05
-0.2,1.32,0.03
-0.19,1.32,-0.0
-0.17,1.32,-0.02
-0.02,1.32,-0.01
-0.02,1.32,-0.01
-0.02,1.32,-0.01
-0.02,1.32,-0.01
-0.01,1.32,-0.01
-0.01,1.32,-0.02
-0.01,1.32,-0.02
-0.01,1.32,-0.02
-0.01,1.32,-0.03
-0.0,1.32,-0.03
0.0,1.32,-0.04
0.01,1.32,-0.05
0.01,1.32,-0.05
0.03,1.32,-0.06
0.04,1.32,-0.07
0.06,1.32,-0.08
0.09,1.32,-0.09
0.12,1.32,-0.09
0.15,1.32,-0.08
0.18,1.32,-0.07
0.2,1.32,-0.05
0.23,1.32,-0.03
0.24,1.3,0.0
0.25,1.3,0.03
0.24,1.3,0.07
0.23,1.3,0.1
0.22,1.3,0.13
0.19,1.3,0.15
0.16,1.3,0.16
0.13,1.3,0.17
0.1,1.3,0.17
0.07,1.3,0.17
0.04,1.3,0.16
0.02,1.3,0.14
-0.0,1.3,0.12
-0.01,1.3,0.1
-0.02,1.3,0.09
-0.03,1.3,0.07
-0.03,1.3,0.05
-0.03,1.3,0.04
-0.03,1.3,0.03
-0.14,1.3,0.11
-0.18,1.3,0.11
-0.22,1.3,0.09
-0.24,1.3,0.06
-0.25,1.3,0.03
-0.25,1.3,-0.0
-0.24,1.3,-0.03
-0.22,1.3,-0.06
-0.19,1.3,-0.08
-0.17,1.3,-0.1
-0.15,1.3,-0.11
-0.13,1.3,-0.13
-0.1,1.3,-0.13
-0.08,1.3,-0.14
-0.01,1.3,-0.03
-0.01,1.3,-0.03
-0.0,1.3,-0.04
0.0,1.3,-0.05
0.01,1.3,-0.05
0.02,1.3,-0.06
0.03,1.3,-0.07
0.05,1.3,-0.08
0.07,1.3,-0.09
0.09,1.3,-0.09
0.12,1.3,-0.09
0.15,1.3,-0.08
0.18,1.3,-0.07
0.2,1.3,-0.05
0.22,1.3,-0.03
0.23,1.29,0.0
0.24,1.29,0.03
0.24,1.29,0.06
0.23,1.29,0.1
0.21,1.29,0.12
0.19,1.29,0.15
0.16,1.29,0.16
0.13,1.29,0.17
0.1,1.29,0.17
0.07,1.29,0.17
0.04,1.29,0.16
0.02,1.29,0.14
-0.0,1.29,0.13
-0.01,1.29,0.11
-0.02,1.29,0.09
-0.03,1.29,0.07
-0.03,1.29,0.06
-0.09,1.29,0.12
-0.14,1.29,0.14
-0.18,1.29,0.14
-0.22,1.29,0.13
-0.25,1.29,0.1
-0.27,1.29,0.07
-0.28,1.29,0.04
-0.28,1.29,-0.0
-0.27,1.29,-0.04
-0.25,1.29,-0.07
-0.23,1.29,-0.09
-0.2,1.29,-0.12
-0.18,1.29,-0.14
-0.16,1.29,-0.16
-0.14,1.29,-0.18
-0.11,1.29,-0.19
-0.08,1.29,-0.19
-0.05,1.29,-0.18
-0.02,1.29,-0.16
0.0,1.29,-0.12
0.01,1.29,-0.06
0.02,1.29,-0.07
0.03,1.29,-0.07
0.05,1.29,-0.08
0.07,1.29,-0.09
0.09,1.29,-0.09
0.12,1.29,-0.09
0.15,1.29,-0.08
0.17,1.29,-0.07
0.2,1.29,-0.05
0.22,1.29,-0.03
0.23,1.27,0.0
0.24,1.27,0.03
0.24,1.27,0.06
0.23,1.27,0.09
0.21,1.27,0.12
0.19,1.27,0.14
0.16,1.27,0.16
0.13,1.27,0.17
0.1,1.27,0.17
0.07,1.27,0.17
0.04,1.27,0.16
0.02,1.27,0.15
-0.0,1.27,0.13
-0.02,1.27,0.11
-0.03,1.27,0.1
-0.04,1.27,0.1
-0.08,1.27,0.14
-0.12,1.27,0.16
-0.16,1.27,0.16
-0.2,1.27,0.16
-0.24,1.27,0.14
-0.27,1.27,0.11
-0.29,1.27,0.08
-0.3,1.27,0.04
-0.3,1.27,-0.0
-0.29,1.27,-0.04
-0.27,1.27,-0.07
-0.25,1.27,-0.1
-0.23,1.27,-0.13
-0.2,1.27,-0.16
-0.18,1.27,-0.18
-0.15,1.27,-0.2
-0.12,1.27,-0.22
-0.09,1.27,-0.22
-0.06,1.27,-0.22
-0.03,1.27,-0.2
0.0,1.27,-0.18
0.02,1.27,-0.15
0.03,1.27,-0.12
0.03,1.27,-0.08
0.05,1.27,-0.09
0.07,1.27,-0.09
0.09,1.27,-0.09
0.12,1.27,-0.09
0.15,1.27,-0.08
0.17,1.27,-0.07
0.2,1.27,-0.05
0.22,1.27,-0.03
0.23,1.26,-0.0
0.23,1.26,0.03
0.23,1.26,0.06
0.22,1.26,0.09
0.21,1.26,0.12
0.18,1.26,0.14
0.16,1.26,0.16
0.13,1.26,0.17
0.1,1.26,0.17
0.07,1.26,0.17
0.04,1.26,0.16
0.02,1.26,0.15
-0.0,1.26,0.14
-0.02,1.26,0.12
-0.03,1.26,0.12
-0.06,1.26,0.15
-0.1,1.26,0.17
-0.14,1.26,0.18
-0.18,1.26,0.18
-0.22,1.26,0.17
-0.26,1.26,0.15
-0.29,1.26,0.12
-0.31,1.26,0.08
-0.32,1.26,0.04
-0.32,1.26,-0.0
-0.31,1.26,-0.04
-0.29,1.26,-0.08
-0.27,1.26,-0.11
-0.24,1.26,-0.14
-0.22,1.26,-0.17
-0.2,1.26,-0.2
-0.17,1.26,-0.22
-0.14,1.26,-0.24
-0.1,1.26,-0.25
-0.06,1.26,-0.24
-0.03,1.26,-0.23
0.0,1.26,-0.21
0.03,1.26,-0.19
0.04,1.26,-0.16
0.05,1.26,-0.13
0.06,1.26,-0.1
0.07,1.26,-0.09
0.09,1.26,-0.09
0.12,1.26,-0.09
0.15,1.26,-0.08
0.17,1.26,-0.07
0.19,1.26,-0.05
0.21,1.26,-0.03
0.22,1.24,0.0
0.23,1.24,0.03
0.23,1.24,0.06
0.22,1.24,0.09
0.2,1.24,0.12
0.18,1.24,0.14
0.15,1.24,0.15
0.13,1.24,0.17
0.1,1.24,0.17
0.07,1.24,0.17
0.04,1.24,0.16
0.02,1.24,0.15
-0.0,1.24,0.14
-0.02,1.24,0.13
-0.04,1.24,0.15
-0.07,1.24,0.17
-0.11,1.24,0.19
-0.15,1.24,0.2
-0.19,1.24,0.19
-0.23,1.24,0.18
-0.27,1.24,0.16
-0.3,1.24,0.12
-0.32,1.24,0.09
-0.34,1.24,0.04
-0.34,1.24,-0.0
-0.33,1.24,-0.04
-0.31,1.24,-0.08
-0.28,1.24,-0.12
-0.26,1.24,-0.15
-0.23,1.24,-0.18
-0.21,1.24,-0.21
-0.18,1.24,-0.24
-0.15,1.24,-0.25
-0.11,1.24,-0.26
-0.07,1.24,-0.26
-0.03,1.24,-0.25
0.0,1.24,-0.24
0.03,1.24,-0.21
0.05,1.24,-0.19
0.06,1.24,-0.15
0.07,1.24,-0.12
0.07,1.24,-0.1
0.1,1.24,-0.09
0.12,1.24,-0.09
0.14,1.24,-0.08
0.17,1.24,-0.07
0.19,1.24,-0.05
0.21,1.24,-0.03
0.22,1.23,0.0
0.22,1.23,0.03
0.22,1.23,0.06
0.21,1.23,0.09
0.2,1.23,0.11
0.18,1.23,0.14
0.15,1.23,0.15
0.13,1.23,0.16
0.1,1.23,0.17
0.07,1.23,0.17
0.04,1.23,0.16
0.02,1.23,0.15
-0.0,1.23,0.14
-0.02,1.23,0.15
-0.05,1.23,0.17
-0.08,1.23,0.19
-0.12,1.23,0.2
-0.16,1.23,0.21
-0.2,1.23,0.2
-0.25,1.23,0.19
-0.28,1.23,0.16
-0.31,1.23,0.13
-0.34,1.23,0.09
-0.35,1.23,0.05
-0.35,1.23,-0.0
-0.34,1.23,-0.05
-0.32,1.23,-0.09
-0.3,1.23,-0.12
-0.27,1.23,-0.16
-0.25,1.23,-0.19
-0.22,1.23,-0.22
-0.19,1.23,-0.25
-0.15,1.23,-0.27
-0.11,1.23,-0.28
-0.07,1.23,-0.28
-0.03,1.23,-0.27
0.0,1.23,-0.26
0.03,1.23,-0.23
0.06,1.23,-0.21
0.07,1.23,-0.18
0.08,1.23,-0.14
0.09,1.23,-0.11
0.1,1.23,-0.09
0.12,1.23,-0.09
0.14,1.23,-0.08
0.17,1.23,-0.07
0.19,1.23,-0.05
0.2,1.23,-0.03
0.21,1.21,-0.0
0.22,1.21,0.03
0.22,1.21,0.06
0.21,1.21,0.09
0.19,1.21,0.11
0.17,1.21,0.13
0.15,1.21,0.15
0.12,1.21,0.16
0.1,1.21,0.17
0.07,1.21,0.17
0.04,1.21,0.16
0.02,1.21,0.15
-0.0,1.21,0.14
-0.02,1.21,0.17
-0.05,1.21,0.19
-0.09,1.21,0.21
-0.13,1.21,0.22
-0.17,1.21,0.22
-0.21,1.21,0.21
-0.26,1.21,0.2
-0.29,1.21,0.17
-0.33,1.21,0.13
-0.35,1.21,0.09
-0.36,1.21,0.05
-0.36,1.21,-0.0
-0.35,1.21,-0.05
-0.33,1.21,-0.09
-0.31,1.21,-0.13
-0.28,1.21,-0.16
-0.26,1.21,-0.2
-0.23,1.21,-0.23
-0.2,1.21,-0.26
-0.16,1.21,-0.28
-0.12,1.21,-0.29
-0.08,1.21,-0.29
-0.04,1.21,-0.29
0.0,1.21,-0.27
0.03,1.21,-0.25
0.06,1.21,-0.22
0.08,1.21,-0.19
0.09,1.21,-0.16
0.1,1.21,-0.13
0.1,1.21,-0.1
0.12,1.21,-0.09
0.14,1.21,-0.08
0.16,1.21,-0.07
0.18,1.21,-0.05
0.2,1.21,-0.03
0.21,1.2,-0.0
0.21,1.2,0.03
0.21,1.2,0.06
0.2,1.2,0.08
0.19,1.2,0.11
0.17,1.2,0.13
0.15,1.2,0.15
0.12,1.2,0.16
0.09,1.2,0.16
0.07,1.2,0.16
0.04,1.2,0.16
0.02,1.2,0.15
-0.0,1.2,0.16
-0.02,1.2,0.18
-0.05,1.2,0.2
-0.09,1.2,0.22
-0.13,1.2,0.23
-0.18,1.2,0.23
-0.22,1.2,0.22
-0.26,1.2,0.2
-0.3,1.2,0.17
-0.33,1.2,0.14
-0.36,1.2,0.09
-0.37,1.2,0.05
-0.37,1.2,-0.0
-0.36,1.2,-0.05
-0.34,1.2,-0.09
-0.32,1.2,-0.13
-0.29,1.2,-0.17
-0.26,1.2,-0.2
-0.24,1.2,-0.24
-0.2,1.2,-0.27
-0.17,1.2,-0.29
-0.12,1.2,-0.3
-0.08,1.2,-0.3
-0.04,1.2,-0.3
0.0,1.2,-0.28
0.04,1.2,-0.26
0.06,1.2,-0.23
0.09,1.2,-0.2
0.1,1.2,-0.17
0.11,1.2,-0.14
0.11,1.2,-0.11
0.12,1.2,-0.09
0.14,1.2,-0.08
0.16,1.2,-0.07
0.18,1.2,-0.05
0.2,1.2,-0.02
0.2,1.18,0.0
0.21,1.18,0.03
0.21,1.18,0.05
0.2,1.18,0.08
0.18,1.18,0.11
0.17,1.18,0.13
0.14,1.18,0.14
0.12,1.18,0.15
0.09,1.18,0.16
0.07,1.18,0.16
0.04,1.18,0.15
0.02,1.18,0.15
-0.0,1.18,0.17
-0.03,1.18,0.19
-0.06,1.18,0.21
-0.09,1.18,0.23
-0.14,1.18,0.24
-0.18,1.18,0.24
-0.23,1.18,0.23
-0.27,1.18,0.21
-0.31,1.18,0.18
-0.34,1.18,0.14
-0.37,1.18,0.1
-0.38,1.18,0.05
-0.38,1.18,-0.0
-0.37,1.18,-0.05
-0.35,1.18,-0.09
-0.32,1.18,-0.14
-0.3,1.18,-0.17
-0.27,1.18,-0.21
-0.24,1.18,-0.25
-0.21,1.18,-0.28
-0.17,1.18,-0.3
-0.13,1.18,-0.31
-0.08,1.18,-0.31
-0.04,1.18,-0.31
0.0,1.18,-0.29
0.04,1.18,-0.27
0.07,1.18,-0.25
0.09,1.18,-0.22
0.11,1.18,-0.18
0.12,1.18,-0.15
0.12,1.18,-0.12
0.12,1.18,-0.09
0.13,1.18,-0.08
0.16,1.18,-0.06
0.18,1.18,-0.05
0.19,1.18,-0.02
0.19,1.17,0.0
0.2,1.17,0.03
0.2,1.17,0.05
0.19,1.17,0.08
0.18,1.17,0.1
0.16,1.17,0.12
0.14,1.17,0.14
0.11,1.17,0.15
0.09,1.17,0.15
0.06,1.17,0.15
0.04,1.17,0.15
0.02,1.17,0.16
-0.0,1.17,0.18
-0.03,1.17,0.2
-0.06,1.17,0.22
-0.1,1.17,0.24
-0.14,1.17,0.24
-0.19,1.17,0.24
-0.23,1.17,0.23
-0.28,1.17,0.21
-0.32,1.17,0.18
-0.35,1.17,0.14
-0.37,1.17,0.1
-0.39,1.17,0.05
-0.39,1.17,-0.0
-0.38,1.17,-0.05
-0.36,1.17,-0.1
-0.33,1.17,-0.14
-0.3,1.17,-0.18
-0.28,1.17,-0.22
-0.25,1.17,-0.25
-0.22,1.17,-0.28
-0.17,1.17,-0.3
-0.13,1.17,-0.32
-0.09,1.17,-0.32
-0.04,1.17,-0.32
0.0,1.17,-0.3
0.04,1.17,-0.28
0.07,1.17,-0.25
0.09,1.17,-0.22
0.11,1.17,-0.19
0.12,1.17,-0.16
0.13,1.17,-0.13
0.13,1.17,-0.1
0.13,1.17,-0.07
0.15,1.17,-0.06
0.17,1.17,-0.04
0.18,1.17,-0.02
0.18,1.15,0.0
0.19,1.15,0.03
0.19,1.15,0.05
0.18,1.15,0.08
0.17,1.15,0.1
0.15,1.15,0.12
0.13,1.15,0.13
0.11,1.15,0.14
0.08,1.15,0.14
0.06,1.15,0.14
0.04,1.15,0.14
0.02,1.15,0.16
-0.0,1.15,0.19
-0.03,1.15,0.21
-0.06,1.15,0.23
-0.1,1.15,0.24
-0.14,1.15,0.25
-0.19,1.15,0.25
-0.24,1.15,0.24
-0.28,1.15,0.22
-0.32,1.15,0.18
-0.35,1.15,0.15
-0.38,1.15,0.1
-0.39,1.15,0.05
-0.39,1.15,-0.0
-0.38,1.15,-0.05
-0.36,1.15,-0.1
-0.34,1.15,-0.14
-0.31,1.15,-0.18
-0.28,1.15,-0.22
-0.26,1.15,-0.26
-0.22,1.15,-0.29
-0.18,1.15,-0.31
-0.13,1.15,-0.32
-0.09,1.15,-0.33
-0.04,1.15,-0.32
0.0,1.15,-0.31
0.04,1.15,-0.29
0.07,1.15,-0.26
0.1,1.15,-0.23
0.12,1.15,-0.2
0.13,1.15,-0.17
0.14,1.15,-0.13
0.14,1.15,-0.11
0.14,1.15,-0.08
0.14,1.15,-0.06
0.16,1.15,-0.04
0.17,1.15,-0.02
0.17,1.14,0.0
0.18,1.14,0.02
0.18,1.14,0.05
0.17,1.14,0.07
0.16,1.14,0.09
0.14,1.14,0.11
0.12,1.14,0.12
0.1,1.14,0.13
0.08,1.14,0.13
0.05,1.14,0.13
0.04,1.14,0.15
0.02,1.14,0.17
-0.0,1.14,0.19
-0.03,1.14,0.22
-0.06,1.14,0.23
-0.1,1.14,0.25
-0.15,1.14,0.25
-0.19,1.14,0.25
-0.24,1.14,0.24
-0.29,1.14,0.22
-0.33,1.14,0.19
-0.36,1.14,0.15
-0.38,1.14,0.1
-0.4,1.14,0.05
-0.4,1.14,-0.0
-0.39,1.14,-0.05
-0.37,1.14,-0.1
-0.34,1.14,-0.14
-0.31,1.14,-0.18
-0.29,1.14,-0.22
-0.26,1.14,-0.26
-0.22,1.14,-0.29
-0.18,1.14,-0.32
-0.14,1.14,-0.33
-0.09,1.14,-0.33
-0.04,1.14,-0.33
0.0,1.14,-0.32
0.04,1.14,-0.3
0.07,1.14,-0.27
0.1,1.14,-0.24
0.12,1.14,-0.21
0.13,1.14,-0.17
0.14,1.14,-0.14
0.14,1.14,-0.11
0.14,1.14,-0.08
0.14,1.14,-0.06
0.14,1.14,-0.04
0.16,1.14,-0.02
0.15,1.12,0.0
0.16,1.12,0.02
0.16,1.12,0.04
0.16,1.12,0.07
0.15,1.12,0.08
0.13,1.12,0.1
0.11,1.12,0.11
0.09,1.12,0.12
0.07,1.12,0.11
0.05,1.12,0.13
0.04,1.12,0.15
0.02,1.12,0.18
-0.0,1.12,0.2
-0.03,1.12,0.22
-0.06,1.12,0.24
-0.1,1.12,0.25
-0.15,1.12,0.26
-0.2,1.12,0.26
-0.24,1.12,0.24
-0.29,1.12,0.22
-0.33,1.12,0.19
-0.36,1.12,0.15
-0.39,1.12,0.1
-0.4,1.12,0.05
-0.4,1.12,-0.0
-0.39,1.12,-0.05
-0.37,1.12,-0.1
-0.34,1.12,-0.14
-0.32,1.12,-0.19
-0.29,1.12,-0.23
-0.26,1.12,-0.26
-0.23,1.12,-0.3
-0.18,1.12,-0.32
-0.14,1.12,-0.33
-0.09,1.12,-0.34
-0.04,1.12,-0.33
0.0,1.12,-0.32
0.04,1.12,-0.3
0.07,1.12,-0.27
0.1,1.12,-0.24
0.12,1.12,-0.21
0.14,1.12,-0.18
0.15,1.12,-0.14
0.15,1.12,-0.11
0.15,1.12,-0.08
0.15,1.12,-0.06
0.14,1.12,-0.04
0.14,1.12,-0.02
0.13,1.11,-0.0
0.13,1.11,0.02
0.14,1.11,0.04
0.13,1.11,0.06
0.13,1.11,0.07
0.11,1.11,0.08
0.09,1.11,0.09
0.08,1.11,0.1
0.07,1.11,0.12
0.06,1.11,0.13
0.04,1.11,0.16
0.02,1.11,0.18
-0.0,1.11,0.2
-0.03,1.11,0.22
-0.07,1.11,0.24
-0.11,1.11,0.26
-0.15,1.11,0.26
-0.2,1.11,0.26
-0.25,1.11,0.25
-0.29,1.11,0.22
-0.33,1.11,0.19
-0.36,1.11,0.15
-0.39,1.11,0.1
-0.4,1.11,0.05
-0.4,1.11,-0.0
-0.39,1.11,-0.05
-0.37,1.11,-0.1
-0.35,1.11,-0.15
-0.32,1.11,-0.19
-0.3,1.11,-0.23
-0.27,1.11,-0.27
-0.23,1.11,-0.3
-0.19,1.11,-0.32
-0.14,1.11,-0.34
-0.09,1.11,-0.34
-0.04,1.11,-0.34
0.0,1.11,-0.33
0.04,1.11,-0.3
0.08,1.11,-0.28
0.1,1.11,-0.25
0.12,1.11,-0.21
0.14,1.11,-0.18
0.15,1.11,-0.15
0.15,1.11,-0.12
0.15,1.11,-0.09
0.15,1.11,-0.06
0.14,1.11,-0.04
0.14,1.11,-0.02
0.13,1.09,-0.0
0.13,1.09,0.02
0.12,1.09,0.03
0.11,1.09,0.05
0.1,1.09,0.06
0.09,1.09,0.07
0.09,1.09,0.09
0.08,1.09,0.1
0.07,1.09,0.12
0.06,1.09,0.14
0.04,1.09,0.16
0.02,1.09,0.18
-0.0,1.09,0.2
-0.03,1.09,0.23
-0.07,1.09,0.24
-0.11,1.09,0.26
-0.15,1.09,0.26
-0.2,1.09,0.26
-0.25,1.09,0.25
-0.29,1.09,0.22
-0.33,1.09,0.19
-0.37,1.09,0.15
-0.39,1.09,0.1
-0.4,1.09,0.05
-0.41,1.09,-0.0
-0.4,1.09,-0.05
-0.38,1.09,-0.1
-0.35,1.09,-0.15
-0.32,1.09,-0.19
-0.3,1.09,-0.23
-0.27,1.09,-0.27
-0.23,1.09,-0.3
-0.19,1.09,-0.33
-0.14,1.09,-0.34
-0.09,1.09,-0.35
-0.04,1.09,-0.34
0.0,1.09,-0.33
0.04,1.09,-0.31
0.08,1.09,-0.28
0.1,1.09,-0.25
0.13,1.09,-0.22
0.14,1.09,-0.18
0.15,1.09,-0.15
0.16,1.09,-0.12
0.16,1.09,-0.09
0.15,1.09,-0.06
0.15,1.09,-0.04
0.14,1.09,-0.02
0.14,1.08,-0.0
0.13,1.08,0.02
0.12,1.08,0.03
0.11,1.08,0.05
0.1,1.08,0.06
0.09,1.08,0.07
0.09,1.08,0.09
0.08,1.08,0.1
0.07,1.08,0.12
0.06,1.08,0.14
0.04,1.08,0.16
0.02,1.08,0.18
-0.0,1.08,0.21
-0.03,1.08,0.23
-0.07,1.08,0.25
-0.11,1.08,0.26
-0.15,1.08,0.26
-0.2,1.08,0.26
-0.25,1.08,0.25
-0.29,1.08,0.22
-0.33,1.08,0.19
-0.37,1.08,0.15
-0.39,1.08,0.1
-0.4,1.08,0.05
-0.41,1.08,-0.0
-0.4,1.08,-0.05
-0.38,1.08,-0.1
-0.35,1.08,-0.15
-0.32,1.08,-0.19
-0.3,1.08,-0.23
-0.27,1.08,-0.27
-0.23,1.08,-0.3
-0.19,1.08,-0.33
-0.14,1.08,-0.34
-0.09,1.08,-0.35
-0.04,1.08,-0.34
0.0,1.08,-0.33
0.04,1.08,-0.31
0.08,1.08,-0.28
0.11,1.08,-0.25
0.13,1.08,-0.22
0.14,1.08,-0.18
0.15,1.08,-0.15
0.16,1.08,-0.12
0.16,1.08,-0.09
0.15,1.08,-0.06
0.15,1.08,-0.04
0.14,1.08,-0.02
0.14,1.06,-0.0
0.13,1.06,0.02
0.12,1.06,0.03
0.11,1.06,0.05
0.1,1.06,0.06
0.1,1.06,0.07
0.09,1.06,0.09
0.08,1.06,0.1
0.07,1.06,0.12
0.06,1.06,0.14
0.04,1.06,0.16
0.02,1.06,0.18
-0.0,1.06,0.21
-0.03,1.06,0.23
-0.07,1.06,0.25
-0.11,1.06,0.26
-0.15,1.06,0.26
-0.2,1.06,0.26
-0.25,1.06,0.25
-0.29,1.06,0.22
-0.33,1.06,0.19
-0.37,1.06,0.15
-0.39,1.06,0.1
-0.4,1.06,0.05
-0.41,1.06,-0.0
-0.4,1.06,-0.05
-0.38,1.06,-0.1
-0.35,1.06,-0.15
-0.33,1.06,-0.19
-0.3,1.06,-0.23
-0.27,1.06,-0.27
-0.23,1.06,-0.3
-0.19,1.06,-0.33
-0.14,1.06,-0.34
-0.09,1.06,-0.35
-0.04,1.06,-0.34
0.0,1.06,-0.33
0.04,1.06,-0.31
0.08,1.06,-0.28
0.11,1.06,-0.25
0.13,1.06,-0.22
0.14,1.06,-0.19
0.15,1.06,-0.15
0.16,1.06,-0.12
0.16,1.06,-0.09
0.16,1.06,-0.06
0.15,1.06,-0.04
0.14,1.06,-0.02
0.14,1.05,-0.0
0.13,1.05,0.02
0.12,1.05,0.03
0.11,1.05,0.05
0.1,1.05,0.06
0.1,1.05,0.07
0.09,1.05,0.09
0.08,1.05,0.1
0.07,1.05,0.12
0.06,1.05,0.14
0.04,1.05,0.16
0.02,1.05,0.18
-0.0,1.05,0.21
-0.03,1.05,0.23
-0.07,1.05,0.24
-0.11,1.05,0.26
-0.15,1.05,0.27
-0.2,1.05,0.26
-0.25,1.05,0.25
-0.29,1.05,0.22
-0.33,1.05,0.19
-0.37,1.05,0.15
-0.39,1.05,0.1
-0.4,1.05,0.05
-0.41,1.05,-0.0
-0.4,1.05,-0.05
-0.38,1.05,-0.1
-0.35,1.05,-0.15
-0.33,1.05,-0.19
-0.3,1.05,-0.23
-0.27,1.05,-0.27
-0.23,1.05,-0.3
-0.19,1.05,-0.33
-0.14,1.05,-0.34
-0.09,1.05,-0.35
-0.04,1.05,-0.34
0.0,1.05,-0.33
0.04,1.05,-0.31
0.08,1.05,-0.28
0.11,1.05,-0.25
0.13,1.05,-0.22
0.14,1.05,-0.19
0.15,1.05,-0.15
0.16,1.05,-0.12
0.16,1.05,-0.09
0.16,1.05,-0.06
0.15,1.05,-0.04
0.14,1.05,-0.02
0.14,1.03,-0.0
0.13,1.03,0.02
0.12,1.03,0.03
0.11,1.03,0.05
0.1,1.03,0.06
0.09,1.03,0.07
0.09,1.03,0.09
0.08,1.03,0.1
0.07,1.03,0.12
0.06,1.03,0.13
0.04,1.03,0.16
0.02,1.03,0.18
-0.0,1.03,0.2
-0.03,1.03,0.22
-0.07,1.03,0.24
-0.11,1.03,0.26
-0.16,1.03,0.27
-0.2,1.03,0.26
-0.25,1.03,0.25
-0.29,1.03,0.22
-0.33,1.03,0.19
-0.36,1.03,0.15
-0.39,1.03,0.1
-0.4,1.03,0.05
-0.4,1.03,-0.0
-0.39,1.03,-0.05
-0.37,1.03,-0.1
-0.35,1.03,-0.15
-0.32,1.03,-0.19
-0.3,1.03,-0.23
-0.27,1.03,-0.27
-0.23,1.03,-0.3
-0.19,1.03,-0.33
-0.14,1.03,-0.34
-0.09,1.03,-0.35
-0.04,1.03,-0.34
0.0,1.03,-0.33
0.04,1.03,-0.31
0.08,1.03,-0.28
0.11,1.03,-0.25
0.13,1.03,-0.22
0.14,1.03,-0.18
0.15,1.03,-0.15
0.16,1.03,-0.12
0.16,1.03,-0.09
0.15,1.03,-0.06
0.15,1.03,-0.04
0.14,1.03,-0.02
0.13,1.02,-0.0
0.13,1.02,0.02
0.12,1.02,0.03
0.11,1.02,0.05
0.1,1.02,0.06
0.09,1.02,0.07
0.08,1.02,0.08
0.08,1.02,0.1
0.07,1.02,0.11
0.05,1.02,0.13
0.04,1.02,0.15
0.02,1.02,0.18
-0.0,1.02,0.2
-0.03,1.02,0.22
-0.06,1.02,0.24
-0.11,1.02,0.25
-0.17,1.02,0.29
-0.2,1.02,0.26
-0.24,1.02,0.24
-0.29,1.02,0.22
-0.33,1.02,0.19
-0.36,1.02,0.15
-0.39,1.02,0.1
-0.4,1.02,0.05
-0.4,1.02,-0.0
-0.39,1.02,-0.05
-0.37,1.02,-0.1
-0.35,1.02,-0.14
-0.32,1.02,-0.19
-0.3,1.02,-0.23
-0.27,1.02,-0.27
-0.23,1.02,-0.3
-0.19,1.02,-0.33
-0.14,1.02,-0.34
-0.09,1.02,-0.35
-0.04,1.02,-0.34
0.0,1.02,-0.33
0.04,1.02,-0.31
0.08,1.02,-0.28
0.1,1.02,-0.25
0.13,1.02,-0.22
0.14,1.02,-0.18
0.15,1.02,-0.15
0.16,1.02,-0.12
0.16,1.02,-0.09
0.15,1.02,-0.06
0.15,1.02,-0.04
0.14,1.02,-0.02
0.13,1.01,-0.0
0.12,1.01,0.02
0.11,1.01,0.03
0.11,1.01,0.04
0.1,1.01,0.06
0.09,1.01,0.07
0.08,1.01,0.08
0.07,1.01,0.1
0.06,1.01,0.11
0.05,1.01,0.13
0.04,1.01,0.15
0.02,1.01,0.17
-0.0,1.01,0.19
-0.03,1.01,0.22
-0.06,1.01,0.24
-0.12,1.01,0.3
-0.17,1.01,0.29
-0.21,1.01,0.27
-0.24,1.01,0.24
-0.29,1.01,0.22
-0.33,1.01,0.19
-0.36,1.01,0.15
-0.38,1.01,0.1
-0.4,1.01,0.05
-0.4,1.01,-0.0
-0.39,1.01,-0.05
-0.37,1.01,-0.1
-0.34,1.01,-0.14
-0.32,1.01,-0.19
-0.3,1.01,-0.23
-0.27,1.01,-0.27
-0.23,1.01,-0.3
-0.19,1.01,-0.32
-0.14,1.01,-0.34
-0.09,1.01,-0.34
-0.04,1.01,-0.34
0.0,1.01,-0.33
0.04,1.01,-0.31
0.08,1.01,-0.28
0.1,1.01,-0.25
0.13,1.01,-0.21
0.14,1.01,-0.18
0.15,1.01,-0.15
0.15,1.01,-0.12
0.15,1.01,-0.09
0.15,1.01,-0.06
0.15,1.01,-0.04
0.14,1.01,-0.02
0.14,0.99,-0.0
0.14,0.99,0.02
0.13,0.99,0.04
0.13,0.99,0.05
0.12,0.99,0.07
0.11,0.99,0.08
0.1,0.99,0.1
0.08,0.99,0.11
0.07,0.99,0.12
0.05,0.99,0.13
0.04,0.99,0.13
0.02,0.99,0.17
-0.0,0.99,0.19
-0.03,0.99,0.21
-0.08,0.99,0.3
-0.13,0.99,0.31
-0.17,0.99,0.3
-0.21,0.99,0.27
-0.24,0.99,0.24
-0.28,0.99,0.22
-0.32,0.99,0.19
-0.35,0.99,0.15
-0.38,0.99,0.1
-0.39,0.99,0.05
-0.39,0.99,-0.0
-0.38,0.99,-0.05
-0.36,0.99,-0.1
-0.34,0.99,-0.14
-0.32,0.99,-0.18
-0.29,0.99,-0.23
-0.26,0.99,-0.27
-0.23,0.99,-0.3
-0.18,0.99,-0.32
-0.14,0.99,-0.34
-0.09,0.99,-0.34
-0.04,0.99,-0.34
0.0,0.99,-0.32
0.04,0.99,-0.3
0.07,0.99,-0.28
0.1,0.99,-0.24
0.12,0.99,-0.21
0.14,0.99,-0.18
0.15,0.99,-0.14
0.15,0.99,-0.11
0.15,0.99,-0.09
0.13,0.99,-0.05
0.13,0.99,-0.04
0.14,0.99,-0.02
0.12,0.98,-0.0
0.11,0.98,0.02
0.11,0.98,0.03
0.1,0.98,0.04
0.09,0.98,0.05
0.08,0.98,0.06
0.08,0.98,0.08
0.07,0.98,0.09
0.06,0.98,0.1
0.05,0.98,0.12
0.04,0.98,0.14
0.02,0.98,0.16
-0.0,0.98,0.18
-0.03,0.98,0.22
-0.09,0.98,0.32
-0.13,0.98,0.31
-0.17,0.98,0.29
-0.2,0.98,0.26
-0.23,0.98,0.23
-0.28,0.98,0.21
-0.32,0.98,0.18
-0.35,0.98,0.14
-0.37,0.98,0.1
-0.39,0.98,0.05
-0.39,0.98,-0.0
-0.38,0.98,-0.05
-0.36,0.98,-0.1
-0.34,0.98,-0.14
-0.31,0.98,-0.18
-0.29,0.98,-0.22
-0.26,0.98,-0.26
-0.22,0.98,-0.29
-0.18,0.98,-0.32
-0.14,0.98,-0.33
-0.09,0.98,-0.34
-0.04,0.98,-0.33
0.0,0.98,-0.32
0.04,0.98,-0.3
0.07,0.98,-0.27
0.1,0.98,-0.24
0.12,0.98,-0.21
0.13,0.98,-0.17
0.14,0.98,-0.14
0.15,0.98,-0.11
0.14,0.98,-0.08
0.14,0.98,-0.06
0.14,0.98,-0.04
0.13,0.98,-0.02
0.12,0.96,-0.0
0.11,0.96,0.01
0.1,0.96,0.03
0.09,0.96,0.04
0.09,0.96,0.05
0.08,0.96,0.06
0.07,0.96,0.07
0.06,0.96,0.08
0.06,0.96,0.1
0.05,0.96,0.11
0.03,0.96,0.13
0.02,0.96,0.15
-0.0,0.96,0.17
-0.04,0.96,0.33
-0.09,0.96,0.33
-0.13,0.96,0.31
-0.17,0.96,0.29
-0.18,0.96,0.24
-0.23,0.96,0.23
-0.27,0.96,0.21
-0.31,0.96,0.18
-0.34,0.96,0.14
-0.37,0.96,0.1
-0.38,0.96,0.05
-0.38,0.96,-0.0
-0.37,0.96,-0.05
-0.35,0.96,-0.1
-0.33,0.96,-0.14
-0.31,0.96,-0.18
-0.29,0.96,-0.22
-0.26,0.96,-0.26
-0.22,0.96,-0.29
-0.18,0.96,-0.31
-0.13,0.96,-0.33
-0.09,0.96,-0.33
-0.04,0.96,-0.33
0.0,0.96,-0.31
0.04,0.96,-0.31
0.07,0.96,-0.27
0.1,0.96,-0.23
0.12,0.96,-0.2
0.13,0.96,-0.17
0.14,0.96,-0.14
0.14,0.96,-0.11
0.14,0.96,-0.08
0.14,0.96,-0.06
0.13,0.96,-0.03
0.12,0.96,-0.02
0.11,0.95,-0.0
0.1,0.95,0.01
0.09,0.95,0.03
0.09,0.95,0.04
0.08,0.95,0.05
0.07,0.95,0.06
0.07,0.95,0.07
0.06,0.95,0.08
0.05,0.95,0.09
0.04,0.95,0.1
0.08,0.95,0.31
0.04,0.95,0.32
-0.0,0.95,0.32
-0.05,0.95,0.34
-0.09,0.95,0.33
-0.12,0.95,0.3
-0.16,0.95,0.28
-0.18,0.95,0.23
-0.23,0.95,0.23
-0.26,0.95,0.2
-0.3,0.95,0.17
-0.34,0.95,0.14
-0.37,0.95,0.1
-0.39,0.95,0.05
-0.39,0.95,-0.0
-0.38,0.95,-0.05
-0.35,0.95,-0.1
-0.32,0.95,-0.13
-0.3,0.95,-0.18
-0.28,0.95,-0.22
-0.25,0.95,-0.25
-0.22,0.95,-0.28
-0.18,0.95,-0.31
-0.13,0.95,-0.32
-0.08,0.95,-0.31
-0.04,0.95,-0.32
0.0,0.95,-0.32
0.04,0.95,-0.32
0.09,0.95,-0.31
0.09,0.95,-0.23
0.11,0.95,-0.19
0.12,0.95,-0.16
0.13,0.95,-0.13
0.13,0.95,-0.1
0.13,0.95,-0.08
0.13,0.95,-0.05
0.12,0.95,-0.03
0.12,0.95,-0.01
0.1,0.93,-0.0
0.09,0.93,0.01
0.09,0.93,0.02
0.08,0.93,0.03
0.07,0.93,0.04
0.07,0.93,0.05
0.06,0.93,0.06
0.05,0.93,0.07
0.05,0.93,0.08
0.13,0.93,0.31
0.09,0.93,0.33
0.04,0.93,0.34
-0.0,0.93,0.35
-0.05,0.93,0.35
-0.09,0.93,0.33
-0.12,0.93,0.3
-0.13,0.93,0.22
-0.17,0.93,0.22
-0.21,0.93,0.21
-0.26,0.93,0.2
-0.32,0.93,0.18
-0.35,0.93,0.14
-0.38,0.93,0.1
-0.4,0.93,0.05
-0.4,0.93,-0.0
-0.39,0.93,-0.05
-0.36,0.93,-0.1
-0.34,0.93,-0.14
-0.3,0.93,-0.18
-0.27,0.93,-0.21
-0.25,0.93,-0.25
-0.21,0.93,-0.28
-0.17,0.93,-0.3
-0.13,0.93,-0.31
-0.08,0.93,-0.32
-0.04,0.93,-0.31
0.0,0.93,-0.31
0.04,0.93,-0.32
0.09,0.93,-0.33
0.13,0.93,-0.32
0.19,0.93,-0.33
0.12,0.93,-0.15
0.12,0.93,-0.12
0.13,0.93,-0.1
0.12,0.93,-0.07
0.12,0.93,-0.05
0.11,0.93,-0.03
0.11,0.93,-0.01
0.09,0.92,-0.0
0.08,0.92,0.01
0.08,0.92,0.02
0.07,0.92,0.03
0.06,0.92,0.04
0.06,0.92,0.05
0.05,0.92,0.05
0.05,0.92,0.06
0.04,0.92,0.07
0.13,0.92,0.32
0.09,0.92,0.34
0.05,0.92,0.35
-0.0,0.92,0.35
-0.05,0.92,0.35
-0.09,0.92,0.32
-0.08,0.92,0.19
-0.12,0.92,0.21
-0.16,0.92,0.21
-0.22,0.92,0.22
-0.27,0.92,0.21
-0.32,0.92,0.18
-0.36,0.92,0.15
-0.39,0.92,0.1
-0.4,0.92,0.05
-0.4,0.92,-0.0
-0.4,0.92,-0.05
-0.37,0.92,-0.1
-0.34,0.92,-0.14
-0.31,0.92,-0.18
-0.28,0.92,-0.22
-0.25,0.92,-0.26
-0.22,0.92,-0.29
-0.18,0.92,-0.31
-0.13,0.92,-0.32
-0.09,0.92,-0.32
-0.04,0.92,-0.31
0.0,0.92,-0.31
0.04,0.92,-0.32
0.09,0.92,-0.33
0.14,0.92,-0.33
0.22,0.92,-0.37
0.28,0.92,-0.36
0.12,0.92,-0.11
0.12,0.92,-0.09
0.11,0.92,-0.06
0.11,0.92,-0.04
0.1,0.92,-0.03
0.1,0.92,-0.01
0.08,0.9,-0.0
0.07,0.9,0.01
0.07,0.9,0.02
0.06,0.9,0.02
0.06,0.9,0.03
0.05,0.9,0.04
0.05,0.9,0.05
0.04,0.9,0.05
0.03,0.9,0.06
0.13,0.9,0.33
0.09,0.9,0.35
0.05,0.9,0.35
-0.0,0.9,0.35
-0.05,0.9,0.34
-0.04,0.9,0.15
-0.07,0.9,0.18
-0.12,0.9,0.21
-0.17,0.9,0.22
-0.22,0.9,0.22
-0.28,0.9,0.21
-0.33,0.9,0.19
-0.37,0.9,0.15
-0.4,0.9,0.11
-0.41,0.9,0.05
-0.42,0.9,-0.0
-0.41,0.9,-0.05
-0.38,0.9,-0.1
-0.35,0.9,-0.15
-0.32,0.9,-0.19
-0.29,0.9,-0.22
-0.26,0.9,-0.26
-0.23,0.9,-0.3
-0.18,0.9,-0.32
-0.14,0.9,-0.33
-0.09,0.9,-0.33
-0.04,0.9,-0.32
0.0,0.9,-0.3
0.04,0.9,-0.32
0.09,0.9,-0.34
0.14,0.9,-0.34
0.22,0.9,-0.39
0.28,0.9,-0.36
0.11,0.9,-0.1
0.1,0.9,-0.08
0.1,0.9,-0.06
0.1,0.9,-0.04
0.09,0.9,-0.02
0.08,0.9,-0.01
0.06,0.89,-0.0
0.06,0.89,0.01
0.05,0.89,0.01
0.05,0.89,0.02
0.04,0.89,0.03
0.04,0.89,0.03
0.04,0.89,0.04
0.03,0.89,0.04
0.03,0.89,0.05
0.13,0.89,0.33
0.09,0.89,0.35
0.05,0.89,0.35
-0.0,0.89,0.34
-0.04,0.89,0.33
-0.04,0.89,0.15
-0.08,0.89,0.19
-0.12,0.89,0.22
-0.18,0.89,0.23
-0.23,0.89,0.23
-0.28,0.89,0.22
-0.33,0.89,0.19
-0.37,0.89,0.15
-0.4,0.89,0.11
-0.42,0.89,0.05
-0.42,0.89,-0.0
-0.41,0.89,-0.06
-0.39,0.89,-0.11
-0.36,0.89,-0.15
-0.33,0.89,-0.19
-0.3,0.89,-0.23
-0.27,0.89,-0.27
-0.23,0.89,-0.3
-0.19,0.89,-0.33
-0.14,0.89,-0.34
-0.09,0.89,-0.34
-0.04,0.89,-0.33
0.0,0.89,-0.31
0.04,0.89,-0.28
0.09,0.89,-0.33
0.15,0.89,-0.35
0.23,0.89,-0.39
0.28,0.89,-0.37
0.1,0.89,-0.1
0.09,0.89,-0.07
0.09,0.89,-0.05
0.08,0.89,-0.03
0.07,0.89,-0.02
0.07,0.89,-0.01
0.06,0.87,0.0
0.06,0.87,0.01
0.05,0.87,0.01
0.05,0.87,0.02
0.05,0.87,0.03
0.04,0.87,0.03
0.04,0.87,0.04
0.04,0.87,0.05
0.03,0.87,0.05
0.13,0.87,0.32
0.09,0.87,0.34
0.04,0.87,0.34
-0.0,0.87,0.33
-0.02,0.87,0.13
-0.04,0.87,0.17
-0.08,0.87,0.2
-0.13,0.87,0.22
-0.18,0.87,0.24
-0.24,0.87,0.24
-0.29,0.87,0.22
-0.34,0.87,0.19
-0.38,0.87,0.16
-0.41,0.87,0.11
-0.43,0.87,0.06
-0.43,0.87,-0.0
-0.42,0.87,-0.06
-0.39,0.87,-0.11
-0.36,0.87,-0.15
-0.33,0.87,-0.19
-0.3,0.87,-0.23
-0.27,0.87,-0.27
-0.23,0.87,-0.31
-0.19,0.87,-0.33
-0.14,0.87,-0.35
-0.09,0.87,-0.35
-0.04,0.87,-0.34
0.0,0.87,-0.32
0.04,0.87,-0.29
0.08,0.87,-0.31
0.15,0.87,-0.35
0.23,0.87,-0.39
0.28,0.87,-0.37
0.11,0.87,-0.11
0.1,0.87,-0.08
0.09,0.87,-0.05
0.08,0.87,-0.03
0.08,0.87,-0.02
0.07,0.87,-0.01
0.07,0.86,0.0
0.07,0.86,0.01
0.06,0.86,0.02
0.06,0.86,0.02
0.05,0.86,0.03
0.05,0.86,0.04
0.04,0.86,0.04
0.04,0.86,0.05
0.03,0.86,0.06
0.12,0.86,0.3
0.09,0.86,0.33
0.04,0.86,0.32
-0.0,0.86,0.11
-0.02,0.86,0.14
-0.05,0.86,0.18
-0.09,0.86,0.21
-0.13,0.86,0.23
-0.19,0.86,0.24
-0.24,0.86,0.24
-0.29,0.86,0.22
-0.34,0.86,0.2
-0.38,0.86,0.16
-0.41,0.86,0.11
-0.43,0.86,0.06
-0.43,0.86,-0.0
-0.42,0.86,-0.06
-0.4,0.86,-0.11
-0.37,0.86,-0.15
-0.34,0.86,-0.2
-0.31,0.86,-0.24
-0.28,0.86,-0.28
-0.24,0.86,-0.31
-0.19,0.86,-0.34
-0.14,0.86,-0.35
-0.09,0.86,-0.35
-0.04,0.86,-0.35
0.0,0.86,-0.33
0.04,0.86,-0.3
0.07,0.86,-0.27
0.1,0.86,-0.24
0.22,0.86,-0.38
0.28,0.86,-0.36
0.13,0.86,-0.13
0.13,0.86,-0.1
0.11,0.86,-0.06
0.09,0.86,-0.04
0.08,0.86,-0.02
0.08,0.86,-0.01
0.08,0.84,0.0
0.07,0.84,0.01
0.06,0.84,0.02
0.06,0.84,0.02
0.06,0.84,0.03
0.05,0.84,0.04
0.05,0.84,0.05
0.04,0.84,0.05
0.04,0.84,0.06
0.03,0.84,0.07
0.02,0.84,0.08
0.01,0.84,0.1
-0.0,0.84,0.12
-0.02,0.84,0.15
-0.05,0.84,0.18
-0.09,0.84,0.21
-0.14,0.84,0.24
-0.19,0.84,0.25
-0.25,0.84,0.25
-0.3,0.84,0.23
-0.35,0.84,0.2
-0.39,0.84,0.16
-0.42,0.84,0.11
-0.43,0.84,0.06
-0.44,0.84,-0.0
-0.43,0.84,-0.06
-0.4,0.84,-0.11
-0.37,0.84,-0.15
-0.34,0.84,-0.2
-0.31,0.84,-0.24
-0.28,0.84,-0.28
-0.24,0.84,-0.32
-0.2,0.84,-0.34
-0.15,0.84,-0.36
-0.1,0.84,-0.36
-0.05,0.84,-0.35
0.0,0.84,-0.33
0.04,0.84,-0.3
0.08,0.84,-0.28
0.11,0.84,-0.26
0.21,0.84,-0.36
0.27,0.84,-0.35
0.15,0.84,-0.15
0.15,0.84,-0.11
0.13,0.84,-0.08
0.12,0.84,-0.05
0.09,0.84,-0.02
0.08,0.84,-0.01
0.08,0.83,-0.0
0.07,0.83,0.01
0.07,0.83,0.02
0.06,0.83,0.03
0.06,0.83,0.03
0.05,0.83,0.04
0.05,0.83,0.05
0.04,0.83,0.06
0.04,0.83,0.07
0.03,0.83,0.08
0.02,0.83,0.09
0.01,0.83,0.1
-0.0,0.83,0.12
-0.02,0.83,0.15
-0.05,0.83,0.19
-0.09,0.83,0.22
-0.15,0.83,0.25
-0.2,0.83,0.27
-0.26,0.83,0.26
-0.31,0.83,0.23
-0.35,0.83,0.2
-0.39,0.83,0.16
-0.42,0.83,0.11
-0.44,0.83,0.06
-0.44,0.83,-0.0
-0.43,0.83,-0.06
-0.4,0.83,-0.11
-0.37,0.83,-0.16
-0.34,0.83,-0.2
-0.31,0.83,-0.24
-0.28,0.83,-0.28
-0.24,0.83,-0.32
-0.2,0.83,-0.34
-0.15,0.83,-0.36
-0.1,0.83,-0.36
-0.05,0.83,-0.36
0.0,0.83,-0.34
0.04,0.83,-0.31
0.08,0.83,-0.29
0.11,0.83,-0.27
0.14,0.83,-0.24
0.16,0.83,-0.2
0.16,0.83,-0.16
0.16,0.83,-0.12
0.15,0.83,-0.09
0.14,0.83,-0.06
0.12,0.83,-0.03
0.1,0.83,-0.01
0.1,0.81,0.0
0.08,0.81,0.01
0.07,0.81,0.02
0.07,0.81,0.03
0.06,0.81,0.03
0.06,0.81,0.04
0.05,0.81,0.05
0.04,0.81,0.06
0.04,0.81,0.07
0.03,0.81,0.08
0.02,0.81,0.09
0.01,0.81,0.11
-0.0,0.81,0.13
-0.02,0.81,0.16
-0.05,0.81,0.19
-0.1,0.81,0.24
-0.16,0.81,0.27
-0.21,0.81,0.28
-0.27,0.81,0.27
-0.31,0.81,0.24
-0.35,0.81,0.2
-0.39,0.81,0.16
-0.42,0.81,0.11
-0.44,0.81,0.06
-0.44,0.81,-0.0
-0.43,0.81,-0.06
-0.41,0.81,-0.11
-0.37,0.81,-0.16
-0.34,0.81,-0.2
-0.31,0.81,-0.24
-0.28,0.81,-0.29
-0.24,0.81,-0.32
-0.2,0.81,-0.35
-0.15,0.81,-0.36
-0.1,0.81,-0.37
-0.05,0.81,-0.36
0.0,0.81,-0.34
0.04,0.81,-0.32
0.08,0.81,-0.31
0.12,0.81,-0.28
0.15,0.81,-0.25
0.17,0.81,-0.22
0.18,0.81,-0.18
0.18,0.81,-0.14
0.17,0.81,-0.1
0.15,0.81,-0.06
0.13,0.81,-0.04
0.12,0.81,-0.01
0.11,0.8,-0.0
0.1,0.8,0.01
0.08,0.8,0.02
0.07,0.8,0.03
0.06,0.8,0.04
0.06,0.8,0.04
0.05,0.8,0.05
0.05,0.8,0.06
0.04,0.8,0.07
0.03,0.8,0.08
0.02,0.8,0.09
0.01,0.8,0.11
-0.0,0.8,0.13
-0.02,0.8,0.16
-0.06,0.8,0.22
-0.11,0.8,0.26
-0.16,0.8,0.28
-0.22,0.8,0.29
-0.27,0.8,0.27
-0.32,0.8,0.25
-0.36,0.8,0.21
-0.39,0.8,0.16
-0.42,0.8,0.11
-0.44,0.8,0.06
-0.44,0.8,-0.0
-0.43,0.8,-0.06
-0.41,0.8,-0.11
-0.38,0.8,-0.16
-0.35,0.8,-0.2
-0.32,0.8,-0.24
-0.28,0.8,-0.29
-0.25,0.8,-0.32
-0.2,0.8,-0.35
-0.15,0.8,-0.36
-0.1,0.8,-0.37
-0.05,0.8,-0.36
0.0,0.8,-0.34
0.05,0.8,-0.33
0.09,0.8,-0.32
0.12,0.8,-0.3
0.16,0.8,-0.27
0.18,0.8,-0.23
0.19,0.8,-0.19
0.2,0.8,-0.15
0.19,0.8,-0.11
0.17,0.8,-0.07
0.15,0.8,-0.04
0.13,0.8,-0.02
0.12,0.78,-0.0
0.11,0.78,0.01
0.09,0.78,0.02
0.08,0.78,0.03
0.07,0.78,0.04
0.06,0.78,0.04
0.05,0.78,0.05
0.05,0.78,0.06
0.04,0.78,0.07
0.03,0.78,0.08
0.02,0.78,0.09
0.01,0.78,0.11
-0.0,0.78,0.13
-0.02,0.78,0.17
-0.06,0.78,0.23
-0.11,0.78,0.27
-0.17,0.78,0.29
-0.23,0.78,0.3
-0.28,0.78,0.28
-0.33,0.78,0.25
-0.37,0.78,0.21
-0.39,0.78,0.16
-0.42,0.78,0.11
-0.44,0.78,0.06
-0.44,0.78,-0.0
-0.43,0.78,-0.06
-0.41,0.78,-0.11
-0.38,0.78,-0.16
-0.35,0.78,-0.2
-0.32,0.78,-0.24
-0.29,0.78,-0.29
-0.25,0.78,-0.32
-0.2,0.78,-0.35
-0.15,0.78,-0.36
-0.1,0.78,-0.37
-0.05,0.78,-0.36
0.0,0.78,-0.35
0.05,0.78,-0.34
0.09,0.78,-0.33
0.13,0.78,-0.31
0.16,0.78,-0.28
0.19,0.78,-0.25
0.21,0.78,-0.21
0.21,0.78,-0.16
0.2,0.78,-0.12
0.19,0.78,-0.08
0.16,0.78,-0.04
0.14,0.78,-0.02
0.13,0.77,0.0
0.12,0.77,0.02
0.1,0.77,0.03
0.09,0.77,0.04
0.07,0.77,0.04
0.06,0.77,0.05
0.05,0.77,0.05
0.05,0.77,0.06
0.04,0.77,0.07
0.03,0.77,0.08
0.02,0.77,0.09
0.01,0.77,0.1
-0.0,0.77,0.13
-0.03,0.77,0.19
-0.07,0.77,0.24
-0.12,0.77,0.28
-0.18,0.77,0.3
-0.24,0.77,0.31
-0.29,0.77,0.29
-0.34,0.77,0.26
-0.37,0.77,0.21
-0.4,0.77,0.16
-0.42,0.77,0.11
-0.44,0.77,0.06
-0.44,0.77,-0.0
-0.43,0.77,-0.06
-0.41,0.77,-0.11
-0.37,0.77,-0.16
-0.34,0.77,-0.2
-0.32,0.77,-0.24
-0.29,0.77,-0.29
-0.25,0.77,-0.32
-0.2,0.77,-0.35
-0.15,0.77,-0.36
-0.1,0.77,-0.37
-0.05,0.77,-0.36
0.0,0.77,-0.35
0.05,0.77,-0.35
0.09,0.77,-0.34
0.13,0.77,-0.32
0.17,0.77,-0.29
0.2,0.77,-0.26
0.22,0.77,-0.22
0.23,0.77,-0.17
0.22,0.77,-0.13
0.2,0.77,-0.08
0.18,0.77,-0.05
0.16,0.77,-0.02
0.14,0.75,0.0
0.12,0.75,0.02
0.11,0.75,0.03
0.09,0.75,0.04
0.08,0.75,0.04
0.06,0.75,0.05
0.05,0.75,0.05
0.04,0.75,0.06
0.04,0.75,0.07
0.03,0.75,0.08
0.02,0.75,0.09
0.01,0.75,0.1
-0.0,0.75,0.14
-0.03,0.75,0.21
-0.07,0.75,0.25
-0.12,0.75,0.29
-0.18,0.75,0.31
-0.24,0.75,0.31
-0.3,0.75,0.3
-0.34,0.75,0.26
-0.38,0.75,0.22
-0.4,0.75,0.17
-0.42,0.75,0.11
-0.43,0.75,0.06
-0.44,0.75,-0.0
-0.43,0.75,-0.06
-0.4,0.75,-0.11
-0.37,0.75,-0.16
-0.34,0.75,-0.2
-0.31,0.75,-0.24
-0.28,0.75,-0.29
-0.25,0.75,-0.32
-0.2,0.75,-0.35
-0.15,0.75,-0.36
-0.1,0.75,-0.37
-0.05,0.75,-0.36
0.0,0.75,-0.36
0.05,0.75,-0.36
0.09,0.75,-0.35
0.14,0.75,-0.33
0.18,0.75,-0.31
0.21,0.75,-0.27
0.23,0.75,-0.23
0.24,0.75,-0.18
0.24,0.75,-0.14
0.22,0.75,-0.09
0.19,0.75,-0.05
0.17,0.75,-0.02
0.15,0.74,-0.0
0.13,0.74,0.02
0.11,0.74,0.03
0.1,0.74,0.04
0.08,0.74,0.05
0.07,0.74,0.05
0.06,0.74,0.06
0.05,0.74,0.06
0.04,0.74,0.06
0.03,0.74,0.07
0.02,0.74,0.08
0.01,0.74,0.1
-0.0,0.74,0.15
-0.03,0.74,0.21
-0.07,0.74,0.27
-0.13,0.74,0.3
-0.19,0.74,0.32
-0.25,0.74,0.32
-0.31,0.74,0.3
-0.35,0.74,0.27
-0.39,0.74,0.22
-0.41,0.74,0.17
-0.42,0.74,0.11
-0.43,0.74,0.06
-0.43,0.74,-0.0
-0.42,0.74,-0.06
-0.4,0.74,-0.11
-0.37,0.74,-0.15
-0.34,0.74,-0.2
-0.31,0.74,-0.24
-0.28,0.74,-0.28
-0.24,0.74,-0.32
-0.2,0.74,-0.35
-0.15,0.74,-0.36
-0.1,0.74,-0.36
-0.05,0.74,-0.36
0.0,0.74,-0.36
0.05,0.74,-0.36
0.1,0.74,-0.35
0.14,0.74,-0.34
0.18,0.74,-0.32
0.22,0.74,-0.29
0.25,0.74,-0.24
0.26,0.74,-0.2
0.25,0.74,-0.14
0.24,0.74,-0.1
0.21,0.74,-0.05
0.18,0.74,-0.02
0.16,0.72,-0.0
0.14,0.72,0.02
0.12,0.72,0.03
0.1,0.72,0.04
0.08,0.72,0.05
0.07,0.72,0.05
0.06,0.72,0.06
0.05,0.72,0.06
0.04,0.72,0.06
0.03,0.72,0.07
0.02,0.72,0.08
0.01,0.72,0.09
-0.0,0.72,0.16
-0.03,0.72,0.22
-0.07,0.72,0.28
-0.13,0.72,0.32
-0.19,0.72,0.34
-0.26,0.72,0.33
-0.31,0.72,0.31
-0.36,0.72,0.27
-0.39,0.72,0.23
-0.41,0.72,0.17
-0.42,0.72,0.11
-0.43,0.72,0.06
-0.43,0.72,-0.0
-0.42,0.72,-0.06
-0.4,0.72,-0.11
-0.37,0.72,-0.15
-0.34,0.72,-0.2
-0.31,0.72,-0.24
-0.28,0.72,-0.28
-0.24,0.72,-0.32
-0.2,0.72,-0.34
-0.15,0.72,-0.36
-0.1,0.72,-0.36
-0.05,0.72,-0.36
0.0,0.72,-0.37
0.05,0.72,-0.37
0.1,0.72,-0.36
0.15,0.72,-0.35
0.19,0.72,-0.33
0.23,0.72,-0.3
0.26,0.72,-0.26
0.27,0.72,-0.21
0.27,0.72,-0.15
0.25,0.72,-0.1
0.22,0.72,-0.06
0.19,0.72,-0.02
0.17,0.71,0.0
0.14,0.71,0.02
0.12,0.71,0.03
0.1,0.71,0.04
0.09,0.71,0.05
0.07,0.71,0.06
0.06,0.71,0.06
0.05,0.71,0.06
0.04,0.71,0.07
0.03,0.71,0.07
0.02,0.71,0.07
0.01,0.71,0.1
-0.0,0.71,0.17
-0.03,0.71,0.23
-0.08,0.71,0.29
-0.14,0.71,0.33
-0.2,0.71,0.35
-0.26,0.71,0.34
-0.32,0.71,0.32
-0.37,0.71,0.28
-0.4,0.71,0.23
-0.42,0.71,0.17
-0.43,0.71,0.11
-0.42,0.71,0.05
-0.43,0.71,-0.0
-0.41,0.71,-0.06
-0.39,0.71,-0.11
-0.36,0.71,-0.15
-0.33,0.71,-0.19
-0.31,0.71,-0.24
-0.28,0.71,-0.28
-0.24,0.71,-0.31
-0.19,0.71,-0.34
-0.15,0.71,-0.35
-0.09,0.71,-0.36
-0.05,0.71,-0.36
0.0,0.71,-0.37
0.05,0.71,-0.37
0.1,0.71,-0.37
0.15,0.71,-0.36
0.2,0.71,-0.34
0.24,0.71,-0.31
0.27,0.71,-0.27
0.29,0.71,-0.22
0.29,0.71,-0.16
0.27,0.71,-0.11
0.24,0.71,-0.06
0.2,0.71,-0.03
0.18,0.69,-0.0
0.15,0.69,0.02
0.12,0.69,0.03
0.1,0.69,0.04
0.09,0.69,0.05
0.07,0.69,0.06
0.06,0.69,0.06
0.05,0.69,0.06
0.04,0.69,0.07
0.03,0.69,0.07
0.02,0.69,0.07
0.01,0.69,0.11
-0.0,0.69,0.17
-0.03,0.69,0.24
-0.08,0.69,0.3
-0.14,0.69,0.34
-0.21,0.69,0.36
-0.27,0.69,0.35
-0.33,0.69,0.33
-0.37,0.69,0.28
-0.4,0.69,0.23
-0.42,0.69,0.17
-0.43,0.69,0.11
-0.42,0.69,0.05
-0.42,0.69,-0.0
-0.41,0.69,-0.05
-0.38,0.69,-0.1
-0.36,0.69,-0.15
-0.33,0.69,-0.19
-0.3,0.69,-0.23
-0.27,0.69,-0.28
-0.24,0.69,-0.31
-0.19,0.69,-0.34
-0.14,0.69,-0.35
-0.09,0.69,-0.35
-0.05,0.69,-0.37
0.0,0.69,-0.37
0.05,0.69,-0.38
0.1,0.69,-0.38
0.15,0.69,-0.37
0.2,0.69,-0.35
0.25,0.69,-0.32
0.28,0.69,-0.28
0.3,0.69,-0.23
0.3,0.69,-0.17
0.28,0.69,-0.12
0.25,0.69,-0.07
0.21,0.69,-0.03
0.19,0.68,-0.0
0.16,0.68,0.02
0.13,0.68,0.03
0.11,0.68,0.04
0.09,0.68,0.05
0.07,0.68,0.06
0.06,0.68,0.06
0.05,0.68,0.06
0.04,0.68,0.07
0.03,0.68,0.07
0.02,0.68,0.07
0.01,0.68,0.11
-0.0,0.68,0.18
-0.03,0.68,0.25
-0.08,0.68,0.31
-0.15,0.68,0.35
-0.21,0.68,0.37
-0.28,0.68,0.36
-0.33,0.68,0.33
-0.38,0.68,0.29
-0.41,0.68,0.23
-0.43,0.68,0.18
-0.43,0.68,0.11
-0.42,0.68,0.05
-0.41,0.68,-0.0
-0.4,0.68,-0.05
-0.38,0.68,-0.1
-0.35,0.68,-0.15
-0.32,0.68,-0.19
-0.3,0.68,-0.23
-0.27,0.68,-0.27
-0.23,0.68,-0.31
-0.19,0.68,-0.33
-0.14,0.68,-0.34
-0.09,0.68,-0.35
-0.05,0.68,-0.37
0.0,0.68,-0.38
0.05,0.68,-0.38
0.1,0.68,-0.38
0.16,0.68,-0.37
0.21,0.68,-0.36
0.26,0.68,-0.33
0.29,0.68,-0.29
0.32,0.68,-0.24
0.32,0.68,-0.18
0.3,0.68,-0.12
0.27,0.68,-0.07
0.23,0.68,-0.03
0.2,0.67,-0.0
0.16,0.67,0.02
0.13,0.67,0.04
0.11,0.67,0.04
0.09,0.67,0.05
0.07,0.67,0.06
0.06,0.67,0.06
0.05,0.67,0.06
0.04,0.67,0.07
0.03,0.67,0.07
0.02,0.67,0.07
0.01,0.67,0.1
-0.0,0.67,0.18
-0.03,0.67,0.26
-0.09,0.67,0.32
-0.15,0.67,0.36
-0.22,0.67,0.38
-0.28,0.67,0.37
-0.34,0.67,0.34
-0.38,0.67,0.29
-0.41,0.67,0.24
-0.43,0.67,0.18
-0.43,0.67,0.11
-0.42,0.67,0.05
-0.4,0.67,-0.0
-0.39,0.67,-0.05
-0.37,0.67,-0.1
-0.34,0.67,-0.14
-0.32,0.67,-0.18
-0.29,0.67,-0.23
-0.26,0.67,-0.27
-0.23,0.67,-0.3
-0.19,0.67,-0.32
-0.14,0.67,-0.34
-0.09,0.67,-0.35
-0.05,0.67,-0.37
0.0,0.67,-0.38
0.05,0.67,-0.39
0.11,0.67,-0.39
0.16,0.67,-0.38
0.21,0.67,-0.37
0.26,0.67,-0.34
0.3,0.67,-0.3
0.33,0.67,-0.25
0.33,0.67,-0.19
0.32,0.67,-0.13
0.28,0.67,-0.07
0.24,0.67,-0.03
0.2,0.65,-0.0
0.17,0.65,0.02
0.13,0.65,0.04
0.11,0.65,0.05
0.09,0.65,0.05
0.07,0.65,0.06
0.06,0.65,0.06
0.05,0.65,0.06
0.04,0.65,0.06
0.03,0.65,0.07
0.02,0.65,0.07
0.01,0.65,0.08
-0.0,0.65,0.18
-0.04,0.65,0.26
-0.09,0.65,0.33
-0.16,0.65,0.37
-0.22,0.65,0.39
-0.29,0.65,0.38
-0.35,0.65,0.35
-0.39,0.65,0.3
-0.42,0.65,0.24
-0.43,0.65,0.18
-0.43,0.65,0.12
-0.42,0.65,0.05
-0.4,0.65,-0.0
-0.38,0.65,-0.05
-0.36,0.65,-0.1
-0.33,0.65,-0.14
-0.31,0.65,-0.18
-0.28,0.65,-0.22
-0.26,0.65,-0.26
-0.22,0.65,-0.29
-0.18,0.65,-0.32
-0.13,0.65,-0.33
-0.09,0.65,-0.35
-0.05,0.65,-0.37
0.0,0.65,-0.38
0.05,0.65,-0.39
0.11,0.65,-0.39
0.16,0.65,-0.39
0.22,0.65,-0.38
0.27,0.65,-0.35
0.31,0.65,-0.31
0.34,0.65,-0.26
0.35,0.65,-0.2
0.33,0.65,-0.14
0.3,0.65,-0.08
0.25,0.65,-0.03
0.21,0.64,-0.0
0.17,0.64,0.02
0.14,0.64,0.04
0.11,0.64,0.05
0.09,0.64,0.05
0.07,0.64,0.05
0.06,0.64,0.06
0.05,0.64,0.06
0.04,0.64,0.06
0.03,0.64,0.06
0.02,0.64,0.06
0.01,0.64,0.06
-0.0,0.64,0.18
-0.04,0.64,0.27
-0.09,0.64,0.34
-0.16,0.64,0.38
-0.23,0.64,0.4
-0.3,0.64,0.39
-0.35,0.64,0.35
-0.4,0.64,0.3
-0.42,0.64,0.24
-0.44,0.64,0.18
-0.43,0.64,0.12
-0.42,0.64,0.05
-0.4,0.64,-0.0
-0.37,0.64,-0.05
-0.34,0.64,-0.09
-0.32,0.64,-0.13
-0.3,0.64,-0.17
-0.28,0.64,-0.21
-0.25,0.64,-0.25
-0.22,0.64,-0.28
-0.18,0.64,-0.31
-0.13,0.64,-0.32
-0.09,0.64,-0.35
-0.05,0.64,-0.37
0.0,0.64,-0.38
0.05,0.64,-0.39
0.11,0.64,-0.4
0.17,0.64,-0.4
0.22,0.64,-0.38
0.28,0.64,-0.36
0.32,0.64,-0.32
0.35,0.64,-0.27
0.36,0.64,-0.21
0.35,0.64,-0.14
0.31,0.64,-0.08
0.26,0.64,-0.03
0.22,0.62,-0.0
0.17,0.62,0.02
0.14,0.62,0.04
0.11,0.62,0.04
0.09,0.62,0.05
0.07,0.62,0.05
0.06,0.62,0.06
0.04,0.62,0.06
0.03,0.62,0.06
0.02,0.62,0.06
0.02,0.62,0.06
0.01,0.62,0.06
-0.0,0.62,0.18
-0.04,0.62,0.28
-0.09,0.62,0.35
-0.16,0.62,0.4
-0.24,0.62,0.41
-0.3,0.62,0.4
-0.36,0.62,0.36
-0.4,0.62,0.31
-0.43,0.62,0.25
-0.44,0.62,0.18
-0.44,0.62,0.12
-0.42,0.62,0.05
-0.39,0.62,-0.0
-0.36,0.62,-0.05
-0.33,0.62,-0.09
-0.31,0.62,-0.13
-0.29,0.62,-0.17
-0.27,0.62,-0.21
-0.24,0.62,-0.24
-0.21,0.62,-0.27
-0.17,0.62,-0.3
-0.13,0.62,-0.32
-0.09,0.62,-0.34
-0.05,0.62,-0.36
0.0,0.62,-0.38
0.05,0.62,-0.4
0.11,0.62,-0.4
0.17,0.62,-0.4
0.23,0.62,-0.39
0.28,0.62,-0.37
0.33,0.62,-0.33
0.36,0.62,-0.27
0.37,0.62,-0.21
0.36,0.62,-0.15
0.32,0.62,-0.09
0.27,0.62,-0.03
0.23,0.61,-0.0
0.18,0.61,0.02
0.14,0.61,0.04
0.11,0.61,0.04
0.08,0.61,0.05
0.07,0.61,0.05
0.05,0.61,0.05
0.04,0.61,0.05
0.03,0.61,0.05
0.02,0.61,0.06
0.01,0.61,0.06
0.01,0.61,0.06
-0.0,0.61,0.18
-0.04,0.61,0.29
-0.1,0.61,0.36
-0.17,0.61,0.41
-0.24,0.61,0.42
-0.31,0.61,0.4
-0.37,0.61,0.37
-0.41,0.61,0.31
-0.43,0.61,0.25
-0.44,0.61,0.18
-0.44,0.61,0.12
-0.42,0.61,0.05
-0.39,0.61,-0.0
-0.35,0.61,-0.05
-0.31,0.61,-0.08
-0.29,0.61,-0.12
-0.27,0.61,-0.16
-0.25,0.61,-0.2
-0.23,0.61,-0.23
-0.2,0.61,-0.26
-0.16,0.61,-0.28
-0.13,0.61,-0.31
-0.09,0.61,-0.34
-0.05,0.61,-0.36
0.0,0.61,-0.38
0.05,0.61,-0.4
0.11,0.61,-0.41
0.17,0.61,-0.41
0.23,0.61,-0.4
0.29,0.61,-0.37
0.34,0.61,-0.33
0.37,0.61,-0.28
0.38,0.61,-0.22
0.37,0.61,-0.15
0.34,0.61,-0.09
0.28,0.61,-0.04
0.23,0.59,0.0
0.18,0.59,0.02
0.13,0.59,0.04
0.1,0.59,0.04
0.08,0.59,0.05
0.06,0.59,0.05
0.05,0.59,0.05
0.04,0.59,0.05
0.03,0.59,0.05
0.02,0.59,0.05
0.01,0.59,0.05
0.01,0.59,0.05
-0.0,0.59,0.17
-0.04,0.59,0.3
-0.1,0.59,0.37
-0.17,0.59,0.42
-0.25,0.59,0.43
-0.32,0.59,0.41
-0.37,0.59,0.37
-0.41,0.59,0.32
-0.44,0.59,0.25
-0.44,0.59,0.18
-0.44,0.59,0.12
-0.42,0.59,0.05
-0.39,0.59,-0.0
-0.35,0.59,-0.05
-0.3,0.59,-0.08
-0.27,0.59,-0.11
-0.26,0.59,-0.15
-0.24,0.59,-0.18
-0.22,0.59,-0.22
-0.19,0.59,-0.25
-0.16,0.59,-0.28
-0.13,0.59,-0.31
-0.09,0.59,-0.34
-0.05,0.59,-0.36
0.0,0.59,-0.38
0.05,0.59,-0.4
0.11,0.59,-0.41
0.17,0.59,-0.41
0.24,0.59,-0.41
0.29,0.59,-0.38
0.34,0.59,-0.34
0.37,0.59,-0.28
0.39,0.59,-0.22
0.38,0.59,-0.16
0.35,0.59,-0.09
0.29,0.59,-0.04
0.24,0.58,-0.0
0.18,0.58,0.02
0.13,0.58,0.04
0.1,0.58,0.04
0.08,0.58,0.04
0.06,0.58,0.05
0.05,0.58,0.05
0.04,0.58,0.05
0.03,0.58,0.05
0.02,0.58,0.05
0.01,0.58,0.05
0.01,0.58,0.04
-0.0,0.58,0.04
-0.04,0.58,0.31
-0.1,0.58,0.38
-0.18,0.58,0.43
-0.25,0.58,0.44
-0.32,0.58,0.42
-0.38,0.58,0.38
-0.42,0.58,0.32
-0.44,0.58,0.25
-0.45,0.58,0.18
-0.44,0.58,0.12
-0.41,0.58,0.05
-0.38,0.58,-0.0
-0.34,0.58,-0.05
-0.29,0.58,-0.08
-0.25,0.58,-0.1
-0.24,0.58,-0.14
-0.22,0.58,-0.17
-0.2,0.58,-0.2
-0.18,0.58,-0.23
-0.15,0.58,-0.27
-0.12,0.58,-0.3
-0.09,0.58,-0.33
-0.05,0.58,-0.36
0.0,0.58,-0.38
0.05,0.58,-0.4
0.11,0.58,-0.41
0.18,0.58,-0.42
0.24,0.58,-0.41
0.3,0.58,-0.38
0.34,0.58,-0.34
0.38,0.58,-0.29
0.39,0.58,-0.22
0.39,0.58,-0.16
0.36,0.58,-0.09
0.3,0.58,-0.04
0.24,0.56,-0.0
0.18,0.56,0.02
0.13,0.56,0.03
0.09,0.56,0.04
0.07,0.56,0.04
0.05,0.56,0.04
0.04,0.56,0.04
0.03,0.56,0.04
0.02,0.56,0.04
0.02,0.56,0.04
0.01,0.56,0.04
0.0,0.56,0.04
-0.0,0.56,0.04
-0.04,0.56,0.31
-0.11,0.56,0.39
-0.18,0.56,0.44
-0.26,0.56,0.45
-0.33,0.56,0.43
-0.39,0.56,0.38
-0.43,0.56,0.33
-0.44,0.56,0.26
-0.45,0.56,0.18
-0.44,0.56,0.12
-0.41,0.56,0.05
-0.37,0.56,-0.0
-0.33,0.56,-0.04
-0.27,0.56,-0.07
-0.21,0.56,-0.09
-0.21,0.56,-0.12
-0.19,0.56,-0.15
-0.18,0.56,-0.19
-0.17,0.56,-0.22
-0.15,0.56,-0.26
-0.12,0.56,-0.29
-0.09,0.56,-0.32
-0.05,0.56,-0.35
0.0,0.56,-0.38
0.05,0.56,-0.4
0.11,0.56,-0.41
0.18,0.56,-0.42
0.24,0.56,-0.41
0.3,0.56,-0.39
0.35,0.56,-0.35
0.38,0.56,-0.29
0.4,0.56,-0.23
0.39,0.56,-0.16
0.36,0.56,-0.1
0.31,0.56,-0.04
0.25,0.55,-0.0
0.17,0.55,0.02
0.12,0.55,0.03
0.09,0.55,0.04
0.06,0.55,0.04
0.05,0.55,0.04
0.03,0.55,0.03
0.03,0.55,0.03
0.02,0.55,0.03
0.01,0.55,0.03
0.01,0.55,0.03
0.0,0.55,0.03
-0.0,0.55,0.03
-0.04,0.55,0.32
-0.11,0.55,0.41
-0.19,0.55,0.45
-0.26,0.55,0.45
-0.33,0.55,0.43
-0.39,0.55,0.39
-0.43,0.55,0.33
-0.45,0.55,0.26
-0.45,0.55,0.18
-0.43,0.55,0.12
-0.41,0.55,0.05
-0.37,0.55,-0.0
-0.32,0.55,-0.04
-0.26,0.55,-0.07
-0.17,0.55,-0.07
-0.17,0.55,-0.1
-0.18,0.55,-0.14
-0.17,0.55,-0.18
-0.16,0.55,-0.21
-0.14,0.55,-0.25
-0.12,0.55,-0.29
-0.08,0.55,-0.32
-0.04,0.55,-0.35
0.0,0.55,-0.38
0.05,0.55,-0.4
0.11,0.55,-0.42
0.18,0.55,-0.43
0.24,0.55,-0.42
0.3,0.55,-0.39
0.35,0.55,-0.35
0.38,0.55,-0.29
0.4,0.55,-0.23
0.4,0.55,-0.16
0.37,0.55,-0.1
0.32,0.55,-0.04
0.25,0.53,-0.0
0.17,0.53,0.02
0.11,0.53,0.03
0.07,0.53,0.03
0.05,0.53,0.03
0.04,0.53,0.03
0.03,0.53,0.03
0.02,0.53,0.03
0.01,0.53,0.03
0.01,0.53,0.02
0.01,0.53,0.02
0.0,0.53,0.02
-0.0,0.53,0.02
-0.04,0.53,0.33
-0.11,0.53,0.41
-0.19,0.53,0.45
-0.27,0.53,0.46
-0.34,0.53,0.44
-0.4,0.53,0.39
-0.44,0.53,0.34
-0.46,0.53,0.27
-0.46,0.53,0.19
-0.43,0.53,0.12
-0.4,0.53,0.05
-0.36,0.53,-0.0
-0.3,0.53,-0.04
-0.23,0.53,-0.06
-0.13,0.53,-0.05
-0.15,0.53,-0.09
-0.16,0.53,-0.12
-0.16,0.53,-0.16
-0.15,0.53,-0.2
-0.14,0.53,-0.24
-0.11,0.53,-0.28
-0.08,0.53,-0.31
-0.04,0.53,-0.34
0.0,0.53,-0.37
0.05,0.53,-0.4
0.12,0.53,-0.42
0.18,0.53,-0.43
0.25,0.53,-0.42
0.3,0.53,-0.39
0.35,0.53,-0.35
0.39,0.53,-0.29
0.4,0.53,-0.23
0.4,0.53,-0.16
0.37,0.53,-0.1
0.32,0.53,-0.04
0.25,0.52,0.0
0.16,0.52,0.02
0.1,0.52,0.03
0.06,0.52,0.02
0.04,0.52,0.02
0.02,0.52,0.02
0.02,0.52,0.02
0.01,0.52,0.02
0.01,0.52,0.02
0.01,0.52,0.01
0.0,0.52,0.01
0.0,0.52,0.01
-0.0,0.52,0.01
-0.04,0.52,0.34
-0.11,0.52,0.42
-0.19,0.52,0.46
-0.27,0.52,0.46
-0.34,0.52,0.44
-0.4,0.52,0.4
-0.45,0.52,0.34
-0.47,0.52,0.27
-0.47,0.52,0.19
-0.43,0.52,0.11
-0.4,0.52,0.05
-0.35,0.52,-0.0
-0.29,0.52,-0.04
-0.2,0.52,-0.05
-0.1,0.52,-0.04
-0.12,0.52,-0.07
-0.14,0.52,-0.11
-0.15,0.52,-0.15
-0.14,0.52,-0.19
-0.13,0.52,-0.23
-0.11,0.52,-0.27
-0.08,0.52,-0.3
-0.04,0.52,-0.34
0.0,0.52,-0.37
0.05,0.52,-0.4
0.12,0.52,-0.43
0.18,0.52,-0.44
0.25,0.52,-0.43
0.31,0.52,-0.4
0.35,0.52,-0.35
0.39,0.52,-0.29
0.4,0.52,-0.23
0.4,0.52,-0.16
0.37,0.52,-0.1
0.33,0.52,-0.04
0.25,0.5,0.0
0.15,0.5,0.02
0.07,0.5,0.02
0.03,0.5,0.01
0.01,0.5,0.01
0.01,0.5,0.01
0.01,0.5,0.01
0.0,0.5,0.0
0.0,0.5,0.0
0.0,0.5,0.0
0.0,0.5,0.0
0.0,0.5,0.0
-0.0,0.5,0.0
-0.05,0.5,0.34
-0.11,0.5,0.43
-0.19,0.5,0.46
-0.27,0.5,0.47
-0.34,0.5,0.44
-0.4,0.5,0.4
-0.46,0.5,0.35
-0.48,0.5,0.28
-0.48,0.5,0.2
-0.43,0.5,0.11
-0.39,0.5,0.05
-0.34,0.5,-0.0
-0.27,0.5,-0.04
-0.02,0.5,-0.01
-0.05,0.5,-0.02
-0.09,0.5,-0.05
-0.11,0.5,-0.09
-0.13,0.5,-0.13
-0.13,0.5,-0.17
-0.12,0.5,-0.21
-0.1,0.5,-0.25
-0.08,0.5,-0.29
-0.04,0.5,-0.33
0.0,0.5,-0.36
0.05,0.5,-0.4
0.12,0.5,-0.43
0.19,0.5,-0.44
0.25,0.5,-0.43
0.31,0.5,-0.4
0.35,0.5,-0.35
0.39,0.5,-0.29
0.4,0.5,-0.23
0.4,0.5,-0.16
0.37,0.5,-0.1
0.33,0.5,-0.04
0.25,0.49,-0.0
0.12,0.49,0.02
-4.83,0.49,-1.3
-4.62,0.49,-1.91
-4.33,0.49,-2.5
-0.03,0.49,-0.02
-0.01,0.49,-0.01
-0.01,0.49,-0.01
-0.01,0.49,-0.01
-0.0,0.49,-0.01
-0.0,0.49,-0.01
-0.0,0.49,-0.01
0.0,0.49,-0.01
-0.05,0.49,0.35
-0.12,0.49,0.43
-0.19,0.49,0.46
-0.27,0.49,0.47
-0.34,0.49,0.44
-0.41,0.49,0.41
-0.46,0.49,0.35
-0.49,0.49,0.28
-0.49,0.49,0.2
-0.45,0.49,0.12
-0.38,0.49,0.05
-0.33,0.49,-0.0
-0.24,0.49,-0.03
4.83,0.49,1.31
4.61,0.49,1.93
4.32,0.49,2.51
-0.07,0.49,-0.05
-0.11,0.49,-0.11
-0.12,0.49,-0.15
-0.11,0.49,-0.2
-0.1,0.49,-0.24
-0.07,0.49,-0.28
-0.04,0.49,-0.32
0.0,0.49,-0.36
0.06,0.49,-0.41
0.12,0.49,-0.44
0.19,0.49,-0.45
0.25,0.49,-0.43
0.31,0.49,-0.4
0.36,0.49,-0.35
0.39,0.49,-0.29
0.4,0.49,-0.23
0.4,0.49,-0.16
0.37,0.49,-0.1
0.33,0.49,-0.04
0.24,0.47,-0.0
-4.96,0.47,-0.65
-4.83,0.47,-1.3
-4.62,0.47,-1.91
-4.33,0.47,-2.5
-3.97,0.47,-3.05
-3.53,0.47,-3.54
-0.03,0.47,-0.04
-0.02,0.47,-0.03
-0.01,0.47,-0.03
-0.01,0.47,-0.02
-0.0,0.47,-0.02
0.0,0.47,-0.02
-0.05,0.47,0.35
-0.12,0.47,0.43
-0.19,0.47,0.47
-0.27,0.47,0.47
-0.34,0.47,0.45
-0.41,0.47,0.41
-0.47,0.47,0.36
-0.5,0.47,0.29
-0.5,0.47,0.21
-0.46,0.47,0.12
-0.38,0.47,0.05
-0.31,0.47,-0.0
4.96,0.47,0.67
4.83,0.47,1.31
4.61,0.47,1.93
4.32,0.47,2.51
3.96,0.47,3.06
3.52,0.47,3.55
-0.09,0.47,-0.12
-0.1,0.47,-0.18
-0.09,0.47,-0.22
-0.07,0.47,-0.27
-0.04,0.47,-0.31
0.0,0.47,-0.36
0.06,0.47,-0.41
0.12,0.47,-0.44
0.19,0.47,-0.45
0.26,0.47,-0.44
0.31,0.47,-0.4
0.36,0.47,-0.36
0.39,0.47,-0.29
0.4,0.47,-0.23
0.4,0.47,-0.16
0.37,0.47,-0.1
0.32,0.47,-0.04
0.23,0.46,-0.0
-4.96,0.46,-0.65
-4.83,0.46,-1.3
-4.62,0.46,-1.91
-4.33,0.46,-2.5
-3.97,0.46,-3.05
-3.53,0.46,-3.54
-3.04,0.46,-3.97
-0.03,0.46,-0.06
-0.02,0.46,-0.05
-0.01,0.46,-0.04
-0.0,0.46,-0.04
0.0,0.46,-0.03
-0.05,0.46,0.36
-0.12,0.46,0.43
-0.19,0.46,0.47
-0.27,0.46,0.47
-0.35,0.46,0.45
-0.42,0.46,0.42
-0.48,0.46,0.36
-0.51,0.46,0.29
-0.51,0.46,0.21
-0.47,0.46,0.13
-0.37,0.46,0.05
-0.29,0.46,-0.0
4.96,0.46,0.67
4.83,0.46,1.31
4.61,0.46,1.93
4.32,0.46,2.51
3.96,0.46,3.06
3.52,0.46,3.55
3.03,0.46,3.98
-0.08,0.46,-0.14
-0.08,0.46,-0.2
-0.07,0.46,-0.25
-0.04,0.46,-0.3
0.0,0.46,-0.36
0.06,0.46,-0.42
0.12,0.46,-0.45
0.19,0.46,-0.46
0.26,0.46,-0.44
0.32,0.46,-0.41
0.36,0.46,-0.36
0.39,0.46,-0.3
0.4,0.46,-0.23
0.39,0.46,-0.16
0.37,0.46,-0.1
0.32,0.46,-0.04
0.21,0.44,-0.0
-4.96,0.44,-0.65
-4.83,0.44,-1.3
-4.62,0.44,-1.91
-4.33,0.44,-2.5
-3.97,0.44,-3.05
-3.53,0.44,-3.54
-3.04,0.44,-3.97
-2.5,0.44,-4.33
-0.03,0.44,-0.08
-0.02,0.44,-0.06
-0.01,0.44,-0.05
0.0,0.44,-0.05
-0.05,0.44,0.35
-0.12,0.44,0.43
-0.19,0.44,0.46
-0.27,0.44,0.47
-0.35,0.44,0.45
-0.42,0.44,0.42
-0.48,0.44,0.37
-0.52,0.44,0.3
-0.52,0.44,0.22
-0.48,0.44,0.13
-0.38,0.44,0.05
-0.26,0.44,-0.0
4.96,0.44,0.67
4.83,0.44,1.31
4.61,0.44,1.93
4.32,0.44,2.51
3.96,0.44,3.06
3.52,0.44,3.55
3.03,0.44,3.98
2.49,0.44,4.34
-0.07,0.44,-0.17
-0.06,0.44,-0.23
-0.04,0.44,-0.28
0.0,0.44,-0.37
0.06,0.44,-0.42
0.12,0.44,-0.45
0.19,0.44,-0.46
0.26,0.44,-0.45
0.32,0.44,-0.41
0.36,0.44,-0.36
0.39,0.44,-0.3
0.4,0.44,-0.23
0.39,0.44,-0.16
0.36,0.44,-0.1
0.31,0.44,-0.04
-5.0,0.43,0.0
-4.96,0.43,-0.65
-4.83,0.43,-1.3
-4.62,0.43,-1.91
-4.33,0.43,-2.5
-3.97,0.43,-3.05
-3.53,0.43,-3.54
-3.04,0.43,-3.97
-2.5,0.43,-4.33
-1.91,0.43,-4.62
-0.02,0.43,-0.09
-0.01,0.43,-0.08
0.0,0.43,-0.07
-0.05,0.43,0.35
-0.12,0.43,0.43
-0.19,0.43,0.46
-0.27,0.43,0.47
-0.35,0.43,0.46
-0.43,0.43,0.42
-0.49,0.43,0.37
-0.53,0.43,0.3
-0.53,0.43,0.22
-0.5,0.43,0.13
-0.39,0.43,0.05
5.0,0.43,0.01
4.96,0.43,0.67
4.83,0.43,1.31
4.61,0.43,1.93
4.32,0.43,2.51
3.96,0.43,3.06
3.52,0.43,3.55
3.03,0.43,3.98
2.49,0.43,4.34
1.9,0.43,4.63
-0.05,0.43,-0.2
-0.04,0.43,-0.28
0.0,0.43,-0.37
0.06,0.43,-0.43
0.13,0.43,-0.46
0.2,0.43,-0.47
0.26,0.43,-0.45
0.32,0.43,-0.41
0.36,0.43,-0.36
0.39,0.43,-0.3
0.4,0.43,-0.23
0.39,0.43,-0.16
0.36,0.43,-0.09
0.3,0.43,-0.04
-5.0,0.41,0.0
-4.96,0.41,-0.65
-4.83,0.41,-1.3
-4.62,0.41,-1.91
-4.33,0.41,-2.5
-3.97,0.41,-3.05
-3.53,0.41,-3.54
-3.04,0.41,-3.97
-2.5,0.41,-4.33
-1.91,0.41,-4.62
-1.29,0.41,-4.83
-0.01,0.41,-0.1
0.0,0.41,-0.09
-0.05,0.41,0.34
-0.11,0.41,0.42
-0.19,0.41,0.46
-0.27,0.41,0.47
-0.35,0.41,0.46
-0.43,0.41,0.43
-0.49,0.41,0.38
-0.54,0.41,0.31
-0.55,0.41,0.22
-0.51,0.41,0.14
-0.41,0.41,0.05
5.0,0.41,0.01
4.96,0.41,0.67
4.83,0.41,1.31
4.61,0.41,1.93
4.32,0.41,2.51
3.96,0.41,3.06
3.52,0.41,3.55
3.03,0.41,3.98
2.49,0.41,4.34
1.9,0.41,4.63
1.28,0.41,4.83
-0.04,0.41,-0.29
0.0,0.41,-0.38
0.06,0.41,-0.43
0.13,0.41,-0.46
0.2,0.41,-0.47
0.26,0.41,-0.45
0.32,0.41,-0.42
0.37,0.41,-0.36
0.39,0.41,-0.3
0.4,0.41,-0.23
0.38,0.41,-0.16
0.35,0.41,-0.09
0.28,0.41,-0.04
-5.0,0.4,0.0
-4.96,0.4,-0.65
-4.83,0.4,-1.3
-4.62,0.4,-1.91
-4.33,0.4,-2.5
-3.97,0.4,-3.05
-3.53,0.4,-3.54
-3.04,0.4,-3.97
-2.5,0.4,-4.33
-1.91,0.4,-4.62
-1.29,0.4,-4.83
-0.02,0.4,-0.14
0.0,0.4,-0.11
-0.04,0.4,0.32
-0.11,0.4,0.42
-0.19,0.4,0.46
-0.27,0.4,0.47
-0.35,0.4,0.46
-0.43,0.4,0.43
-0.5,0.4,0.38
-0.54,0.4,0.31
-0.56,0.4,0.23
-0.52,0.4,0.14
-0.42,0.4,0.05
5.0,0.4,0.01
4.96,0.4,0.67
4.83,0.4,1.31
4.61,0.4,1.93
4.32,0.4,2.51
3.96,0.4,3.06
3.52,0.4,3.55
3.03,0.4,3.98
2.49,0.4,4.34
1.9,0.4,4.63
1.28,0.4,4.83
-0.04,0.4,-0.29
0.0,0.4,-0.38
0.06,0.4,-0.44
0.13,0.4,-0.47
0.2,0.4,-0.48
0.27,0.4,-0.46
0.32,0.4,-0.42
0.37,0.4,-0.36
0.39,0.4,-0.3
0.4,0.4,-0.23
0.38,0.4,-0.16
0.34,0.4,-0.09
0.26,0.4,-0.03
-5.0,0.38,0.0
-4.96,0.38,-0.65
-4.83,0.38,-1.3
-4.62,0.38,-1.91
-4.33,0.38,-2.5
-3.97,0.38,-3.05
-3.53,0.38,-3.54
-3.04,0.38,-3.97
-2.5,0.38,-4.33
-1.91,0.38,-4.62
-1.29,0.38,-4.83
-0.02,0.38,-0.15
0.0,0.38,-0.12
0.01,0.38,-0.1
-0.11,0.38,0.41
-0.19,0.38,0.45
-0.27,0.38,0.46
-0.36,0.38,0.46
-0.44,0.38,0.44
-0.51,0.38,0.39
-0.55,0.38,0.32
-0.57,0.38,0.23
-0.53,0.38,0.14
-0.43,0.38,0.06
5.0,0.38,0.01
4.96,0.38,0.67
4.83,0.38,1.31
4.61,0.38,1.93
4.32,0.38,2.51
3.96,0.38,3.06
3.52,0.38,3.55
3.03,0.38,3.98
2.49,0.38,4.34
1.9,0.38,4.63
1.28,0.38,4.83
-0.04,0.38,-0.29
0.0,0.38,-0.39
0.06,0.38,-0.44
0.13,0.38,-0.47
0.2,0.38,-0.48
0.27,0.38,-0.46
0.33,0.38,-0.42
0.37,0.38,-0.37
0.39,0.38,-0.3
0.4,0.38,-0.23
0.38,0.38,-0.16
0.34,0.38,-0.09
0.25,0.38,-0.03
-5.0,0.37,0.0
-4.96,0.37,-0.65
-4.83,0.37,-1.3
-4.62,0.37,-1.91
-4.33,0.37,-2.5
-3.97,0.37,-3.05
-3.53,0.37,-3.54
-3.04,0.37,-3.97
-2.5,0.37,-4.33
-1.91,0.37,-4.62
-1.29,0.37,-4.83
-0.02,0.37,-0.16
0.0,0.37,-0.12
0.01,0.37,-0.1
-0.11,0.37,0.4
-0.18,0.37,0.44
-0.27,0.37,0.46
-0.36,0.37,0.46
-0.44,0.37,0.44
-0.51,0.37,0.39
-0.56,0.37,0.32
-0.58,0.37,0.24
-0.55,0.37,0.15
-0.45,0.37,0.06
5.0,0.37,0.01
4.96,0.37,0.67
4.83,0.37,1.31
4.61,0.37,1.93
4.32,0.37,2.51
3.96,0.37,3.06
3.52,0.37,3.55
3.03,0.37,3.98
2.49,0.37,4.34
1.9,0.37,4.63
1.28,0.37,4.83
-0.04,0.37,-0.29
0.0,0.37,-0.39
0.06,0.37,-0.45
0.13,0.37,-0.48
0.2,0.37,-0.48
0.27,0.37,-0.47
0.33,0.37,-0.42
0.37,0.37,-0.37
0.4,0.37,-0.3
0.4,0.37,-0.23
0.38,0.37,-0.15
0.33,0.37,-0.09
0.21,0.37,-0.03
-5.0,0.35,0.0
-4.96,0.35,-0.65
-4.83,0.35,-1.3
-4.62,0.35,-1.91
-4.33,0.35,-2.5
-3.97,0.35,-3.05
-3.53,0.35,-3.54
-3.04,0.35,-3.97
-2.5,0.35,-4.33
-1.91,0.35,-4.62
-1.29,0.35,-4.83
-0.02,0.35,-0.17
0.0,0.35,-0.13
0.01,0.35,-0.11
-0.1,0.35,0.39
-0.18,0.35,0.43
-0.27,0.35,0.46
-0.36,0.35,0.46
-0.44,0.35,0.44
-0.52,0.35,0.4
-0.57,0.35,0.33
-0.59,0.35,0.24
-0.56,0.35,0.15
-0.46,0.35,0.06
5.0,0.35,0.01
4.96,0.35,0.67
4.83,0.35,1.31
4.61,0.35,1.93
4.32,0.35,2.51
3.96,0.35,3.06
3.52,0.35,3.55
3.03,0.35,3.98
2.49,0.35,4.34
1.9,0.35,4.63
1.28,0.35,4.83
-0.04,0.35,-0.3
0.0,0.35,-0.39
0.06,0.35,-0.45
0.13,0.35,-0.48
0.2,0.35,-0.49
0.27,0.35,-0.47
0.33,0.35,-0.43
0.37,0.35,-0.37
0.4,0.35,-0.3
0.4,0.35,-0.23
0.37,0.35,-0.15
0.32,0.35,-0.08
-0.26,0.35,0.03
-5.0,0.34,0.0
-4.96,0.34,-0.65
-4.83,0.34,-1.3
-4.62,0.34,-1.91
-4.33,0.34,-2.5
-3.97,0.34,-3.05
-3.53,0.34,-3.54
-3.04,0.34,-3.97
-2.5,0.34,-4.33
-1.91,0.34,-4.62
-1.29,0.34,-4.83
-0.02,0.34,-0.17
0.0,0.34,-0.13
0.01,0.34,-0.11
-0.1,0.34,0.37
-0.18,0.34,0.43
-0.27,0.34,0.46
-0.36,0.34,0.47
-0.45,0.34,0.45
-0.52,0.34,0.4
-0.58,0.34,0.33
-0.6,0.34,0.25
-0.57,0.34,0.15
-0.47,0.34,0.06
5.0,0.34,0.01
4.96,0.34,0.67
4.83,0.34,1.31
4.61,0.34,1.93
4.32,0.34,2.51
3.96,0.34,3.06
3.52,0.34,3.55
3.03,0.34,3.98
2.49,0.34,4.34
1.9,0.34,4.63
1.28,0.34,4.83
-0.04,0.34,-0.3
0.0,0.34,-0.4
0.06,0.34,-0.46
0.13,0.34,-0.49
0.21,0.34,-0.49
0.28,0.34,-0.47
0.33,0.34,-0.43
0.37,0.34,-0.37
0.4,0.34,-0.3
0.4,0.34,-0.23
0.37,0.34,-0.15
0.31,0.34,-0.08
-0.26,0.34,0.03
-5.0,0.33,0.0
-4.96,0.33,-0.65
-4.83,0.33,-1.3
-4.62,0.33,-1.91
-4.33,0.33,-2.5
-3.97,0.33,-3.05
-3.53,0.33,-3.54
-3.04,0.33,-3.97
-2.5,0.33,-4.33
-1.91,0.33,-4.62
-1.29,0.33,-4.83
-0.02,0.33,-0.18
0.0,0.33,-0.14
0.02,0.33,-0.12
-0.09,0.33,0.33
-0.17,0.33,0.42
-0.27,0.33,0.46
-0.36,0.33,0.47
-0.45,0.33,0.45
-0.53,0.33,0.4
-0.59,0.33,0.34
-0.61,0.33,0.25
-0.58,0.33,0.15
-0.49,0.33,0.06
5.0,0.33,0.01
4.96,0.33,0.67
4.83,0.33,1.31
4.61,0.33,1.93
4.32,0.33,2.51
3.96,0.33,3.06
3.52,0.33,3.55
3.03,0.33,3.98
2.49,0.33,4.34
1.9,0.33,4.63
1.28,0.33,4.83
-0.04,0.33,-0.3
0.0,0.33,-0.4
0.06,0.33,-0.46
0.13,0.33,-0.49
0.21,0.33,-0.5
0.28,0.33,-0.48
0.34,0.33,-0.43
0.38,0.33,-0.37
0.4,0.33,-0.3
0.4,0.33,-0.23
0.37,0.33,-0.15
0.31,0.33,-0.08
-0.27,0.33,0.03
-5.0,0.31,0.0
-4.96,0.31,-0.65
-4.83,0.31,-1.3
-4.62,0.31,-1.91
-4.33,0.31,-2.5
-3.97,0.31,-3.05
-3.53,0.31,-3.54
-3.04,0.31,-3.97
-2.5,0.31,-4.33
-1.91,0.31,-4.62
-1.29,0.31,-4.83
-0.02,0.31,-0.19
0.0,0.31,-0.14
0.02,0.31,-0.12
0.03,0.31,-0.11
-0.17,0.31,0.41
-0.26,0.31,0.45
-0.36,0.31,0.47
-0.45,0.31,0.45
-0.53,0.31,0.41
-0.59,0.31,0.34
-0.62,0.31,0.25
-0.59,0.31,0.16
-0.5,0.31,0.06
5.0,0.31,0.01
4.96,0.31,0.67
4.83,0.31,1.31
4.61,0.31,1.93
4.32,0.31,2.51
3.96,0.31,3.06
3.52,0.31,3.55
3.03,0.31,3.98
2.49,0.31,4.34
1.9,0.31,4.63
1.28,0.31,4.83
-0.04,0.31,-0.3
0.0,0.31,-0.41
0.06,0.31,-0.47
0.14,0.31,-0.5
0.21,0.31,-0.5
0.28,0.31,-0.48
0.34,0.31,-0.44
0.38,0.31,-0.37
0.4,0.31,-0.3
0.39,0.31,-0.23
0.36,0.31,-0.15
0.3,0.31,-0.08
-0.28,0.31,0.04
-5.0,0.3,0.0
-4.96,0.3,-0.65
-4.83,0.3,-1.3
-4.62,0.3,-1.91
-4.33,0.3,-2.5
-3.97,0.3,-3.05
-3.53,0.3,-3.54
-3.04,0.3,-3.97
-2.5,0.3,-4.33
-1.91,0.3,-4.62
-1.29,0.3,-4.83
-0.03,0.3,-0.2
0.0,0.3,-0.14
0.02,0.3,-0.12
0.03,0.3,-0.11
-0.16,0.3,0.39
-0.26,0.3,0.45
-0.36,0.3,0.47
-0.46,0.3,0.45
-0.54,0.3,0.41
-0.6,0.3,0.35
-0.63,0.3,0.26
-0.61,0.3,0.16
-0.51,0.3,0.07
5.0,0.3,0.01
4.96,0.3,0.67
4.83,0.3,1.31
4.61,0.3,1.93
4.32,0.3,2.51
3.96,0.3,3.06
3.52,0.3,3.55
3.03,0.3,3.98
2.49,0.3,4.34
1.9,0.3,4.63
1.28,0.3,4.83
-0.04,0.3,-0.3
0.0,0.3,-0.41
0.06,0.3,-0.47
0.14,0.3,-0.5
0.21,0.3,-0.51
0.28,0.3,-0.48
0.34,0.3,-0.44
0.38,0.3,-0.38
0.4,0.3,-0.3
0.39,0.3,-0.23
0.36,0.3,-0.15
0.28,0.3,-0.07
-0.28,0.3,0.04
-5.0,0.28,0.0
-4.96,0.28,-0.65
-4.83,0.28,-1.3
-4.62,0.28,-1.91
-4.33,0.28,-2.5
-3.97,0.28,-3.05
-3.53,0.28,-3.54
-3.04,0.28,-3.97
-2.5,0.28,-4.33
-1.91,0.28,-4.62
-1.29,0.28,-4.83
-0.03,0.28,-0.2
0.0,0.28,-0.15
0.02,0.28,-0.13
0.03,0.28,-0.11
-0.16,0.28,0.38
-0.26,0.28,0.45
-0.36,0.28,0.47
-0.46,0.28,0.46
-0.54,0.28,0.42
-0.61,0.28,0.35
-0.64,0.28,0.26
-0.62,0.28,0.16
-0.52,0.28,0.07
5.0,0.28,0.01
4.96,0.28,0.67
4.83,0.28,1.31
4.61,0.28,1.93
4.32,0.28,2.51
3.96,0.28,3.06
3.52,0.28,3.55
3.03,0.28,3.98
2.49,0.28,4.34
1.9,0.28,4.63
1.28,0.28,4.83
-0.04,0.28,-0.3
0.0,0.28,-0.42
0.06,0.28,-0.48
0.14,0.28,-0.51
0.21,0.28,-0.51
0.28,0.28,-0.49
0.34,0.28,-0.44
0.38,0.28,-0.38
0.4,0.28,-0.3
0.39,0.28,-0.22
0.36,0.28,-0.15
0.26,0.28,-0.07
-0.29,0.28,0.04
-5.0,0.27,0.0
-4.96,0.27,-0.65
-4.83,0.27,-1.3
-4.62,0.27,-1.91
-4.33,0.27,-2.5
-3.97,0.27,-3.05
-3.53,0.27,-3.54
-3.04,0.27,-3.97
-2.5,0.27,-4.33
-1.91,0.27,-4.62
-1.29,0.27,-4.83
-0.03,0.27,-0.21
0.0,0.27,-0.15
0.02,0.27,-0.13
0.03,0.27,-0.12
-0.14,0.27,0.35
-0.26,0.27,0.44
-0.36,0.27,0.47
-0.46,0.27,0.46
-0.55,0.27,0.42
-0.62,0.27,0.35
-0.64,0.27,0.27
-0.63,0.27,0.17
-0.54,0.27,0.07
5.0,0.27,0.01
4.96,0.27,0.67
4.83,0.27,1.31
4.61,0.27,1.93
4.32,0.27,2.51
3.96,0.27,3.06
3.52,0.27,3.55
3.03,0.27,3.98
2.49,0.27,4.34
1.9,0.27,4.63
1.28,0.27,4.83
-0.04,0.27,-0.3
0.0,0.27,-0.42
0.07,0.27,-0.48
0.14,0.27,-0.51
0.22,0.27,-0.52
0.29,0.27,-0.49
0.34,0.27,-0.44
0.38,0.27,-0.38
0.4,0.27,-0.3
0.39,0.27,-0.22
0.35,0.27,-0.14
-0.24,0.27,0.06
-0.3,0.27,0.04
-5.0,0.25,0.0
-4.96,0.25,-0.65
-4.83,0.25,-1.3
-4.62,0.25,-1.91
-4.33,0.25,-2.5
-3.97,0.25,-3.05
-3.53,0.25,-3.54
-3.04,0.25,-3.97
-2.5,0.25,-4.33
-1.91,0.25,-4.62
-1.29,0.25,-4.83
-0.03,0.25,-0.22
0.0,0.25,-0.16
0.02,0.25,-0.14
0.03,0.25,-0.12
0.05,0.25,-0.11
-0.25,0.25,0.43
-0.36,0.25,0.47
-0.46,0.25,0.46
-0.55,0.25,0.42
-0.62,0.25,0.36
-0.65,0.25,0.27
-0.64,0.25,0.17
-0.55,0.25,0.07
5.0,0.25,0.01
4.96,0.25,0.67
4.83,0.25,1.31
4.61,0.25,1.93
4.32,0.25,2.51
3.96,0.25,3.06
3.52,0.25,3.55
3.03,0.25,3.98
2.49,0.25,4.34
1.9,0.25,4.63
1.28,0.25,4.83
-0.04,0.25,-0.31
0.0,0.25,-0.43
0.07,0.25,-0.49
0.14,0.25,-0.52
0.22,0.25,-0.52
0.29,0.25,-0.49
0.35,0.25,-0.45
0.38,0.25,-0.38
0.4,0.25,-0.3
0.39,0.25,-0.22
0.35,0.25,-0.14
-0.24,0.25,0.06
-0.31,0.25,0.04
-5.0,0.24,0.0
-4.96,0.24,-0.65
-4.83,0.24,-1.3
-4.62,0.24,-1.91
-4.33,0.24,-2.5
-3.97,0.24,-3.05
-3.53,0.24,-3.54
-3.04,0.24,-3.97
-2.5,0.24,-4.33
-1.91,0.24,-4.62
-1.29,0.24,-4.83
-0.03,0.24,-0.23
0.0,0.24,-0.16
0.02,0.24,-0.14
0.03,0.24,-0.13
0.05,0.24,-0.11
-0.25,0.24,0.43
-0.36,0.24,0.46
-0.46,0.24,0.46
-0.56,0.24,0.43
-0.63,0.24,0.36
-0.66,0.24,0.27
-0.64,0.24,0.17
-0.56,0.24,0.07
5.0,0.24,0.01
4.96,0.24,0.67
4.83,0.24,1.31
4.61,0.24,1.93
4.32,0.24,2.51
3.96,0.24,3.06
3.52,0.24,3.55
3.03,0.24,3.98
2.49,0.24,4.34
1.9,0.24,4.63
1.28,0.24,4.83
-0.04,0.24,-0.31
0.0,0.24,-0.43
0.07,0.24,-0.49
0.14,0.24,-0.52
0.22,0.24,-0.52
0.29,0.24,-0.5
0.35,0.24,-0.45
0.39,0.24,-0.38
0.4,0.24,-0.3
0.39,0.24,-0.22
0.34,0.24,-0.14
-0.25,0.24,0.07
-0.31,0.24,0.04
-5.0,0.22,0.0
-4.96,0.22,-0.65
-4.83,0.22,-1.3
-4.62,0.22,-1.91
-4.33,0.22,-2.5
-3.97,0.22,-3.05
-3.53,0.22,-3.54
-3.04,0.22,-3.97
-2.5,0.22,-4.33
-1.91,0.22,-4.62
-1.29,0.22,-4.83
-0.03,0.22,-0.24
0.0,0.22,-0.17
0.02,0.22,-0.14
0.03,0.22,-0.13
0.05,0.22,-0.12
-0.24,0.22,0.42
-0.36,0.22,0.46
-0.47,0.22,0.46
-0.56,0.22,0.43
-0.63,0.22,0.36
-0.66,0.22,0.27
-0.65,0.22,0.17
-0.57,0.22,0.07
5.0,0.22,0.01
4.96,0.22,0.67
4.83,0.22,1.31
4.61,0.22,1.93
4.32,0.22,2.51
3.96,0.22,3.06
3.52,0.22,3.55
3.03,0.22,3.98
2.49,0.22,4.34
1.9,0.22,4.63
1.28,0.22,4.83
-0.04,0.22,-0.31
0.0,0.22,-0.44
0.07,0.22,-0.5
0.14,0.22,-0.53
0.22,0.22,-0.53
0.29,0.22,-0.5
0.35,0.22,-0.45
0.39,0.22,-0.38
0.4,0.22,-0.3
0.39,0.22,-0.22
0.33,0.22,-0.14
-0.26,0.22,0.07
-0.32,0.22,0.04
-5.0,0.21,0.0
-4.96,0.21,-0.65
-4.83,0.21,-1.3
-4.62,0.21,-1.91
-4.33,0.21,-2.5
-3.97,0.21,-3.05
-3.53,0.21,-3.54
-3.04,0.21,-3.97
-2.5,0.21,-4.33
-1.91,0.21,-4.62
-1.29,0.21,-4.83
-0.03,0.21,-0.25
0.0,0.21,-0.17
0.02,0.21,-0.15
0.04,0.21,-0.13
0.05,0.21,-0.12
-0.23,0.21,0.4
-0.35,0.21,0.46
-0.47,0.21,0.47
-0.56,0.21,0.43
-0.63,0.21,0.36
-0.66,0.21,0.27
-0.65,0.21,0.17
-0.58,0.21,0.07
5.0,0.21,0.01
4.96,0.21,0.67
4.83,0.21,1.31
4.61,0.21,1.93
4.32,0.21,2.51
3.96,0.21,3.06
3.52,0.21,3.55
3.03,0.21,3.98
2.49,0.21,4.34
1.9,0.21,4.63
1.28,0.21,4.83
-0.04,0.21,-0.3
0.0,0.21,-0.44
0.07,0.21,-0.5
0.14,0.21,-0.53
0.22,0.21,-0.53
0.29,0.21,-0.5
0.35,0.21,-0.45
0.39,0.21,-0.38
0.4,0.21,-0.3
0.38,0.21,-0.22
0.33,0.21,-0.13
-0.26,0.21,0.07
-0.33,0.21,0.04
-5.0,0.19,0.0
-4.96,0.19,-0.65
-4.83,0.19,-1.3
-4.62,0.19,-1.91
-4.33,0.19,-2.5
-3.97,0.19,-3.05
-3.53,0.19,-3.54
-3.04,0.19,-3.97
-2.5,0.19,-4.33
-1.91,0.19,-4.62
-1.29,0.19,-4.83
-0.03,0.19,-0.27
0.0,0.19,-0.18
0.02,0.19,-0.15
0.04,0.19,-0.14
0.05,0.19,-0.12
-0.22,0.19,0.38
-0.35,0.19,0.46
-0.47,0.19,0.47
-0.57,0.19,0.43
-0.63,0.19,0.36
-0.66,0.19,0.27
-0.65,0.19,0.17
-0.58,0.19,0.08
5.0,0.19,0.01
4.96,0.19,0.67
4.83,0.19,1.31
4.61,0.19,1.93
4.32,0.19,2.51
3.96,0.19,3.06
3.52,0.19,3.55
3.03,0.19,3.98
2.49,0.19,4.34
1.9,0.19,4.63
1.28,0.19,4.83
-0.04,0.19,-0.3
0.0,0.19,-0.44
0.07,0.19,-0.51
0.15,0.19,-0.54
0.22,0.19,-0.53
0.3,0.19,-0.51
0.35,0.19,-0.46
0.39,0.19,-0.39
0.4,0.19,-0.31
0.38,0.19,-0.22
0.32,0.19,-0.13
-0.27,0.19,0.07
-0.34,0.19,0.04
-5.0,0.18,0.0
-4.96,0.18,-0.65
-4.83,0.18,-1.3
-4.62,0.18,-1.91
-4.33,0.18,-2.5
-3.97,0.18,-3.05
-3.53,0.18,-3.54
-3.04,0.18,-3.97
-2.5,0.18,-4.33
-1.91,0.18,-4.62
-1.29,0.18,-4.83
-0.65,0.18,-4.96
0.0,0.18,-0.18
0.02,0.18,-0.16
0.04,0.18,-0.14
0.05,0.18,-0.13
0.07,0.18,-0.12
-0.35,0.18,0.45
-0.47,0.18,0.47
-0.57,0.18,0.43
-0.63,0.18,0.36
-0.67,0.18,0.27
-0.65,0.18,0.17
-0.58,0.18,0.08
5.0,0.18,0.01
4.96,0.18,0.67
4.83,0.18,1.31
4.61,0.18,1.93
4.32,0.18,2.51
3.96,0.18,3.06
3.52,0.18,3.55
3.03,0.18,3.98
2.49,0.18,4.34
1.9,0.18,4.63
1.28,0.18,4.83
-0.04,0.18,-0.3
0.0,0.18,-0.45
0.07,0.18,-0.51
0.15,0.18,-0.54
0.22,0.18,-0.54
0.3,0.18,-0.51
0.35,0.18,-0.46
0.39,0.18,-0.39
0.4,0.18,-0.3
0.38,0.18,-0.22
0.3,0.18,-0.12
-0.28,0.18,0.07
-0.34,0.18,0.04
-5.0,0.16,0.0
-4.96,0.16,-0.65
-4.83,0.16,-1.3
-4.62,0.16,-1.91
-4.33,0.16,-2.5
-3.97,0.16,-3.05
-3.53,0.16,-3.54
-3.04,0.16,-3.97
-2.5,0.16,-4.33
-1.91,0.16,-4.62
-1.29,0.16,-4.83
-0.65,0.16,-4.96
0.0,0.16,-0.19
0.02,0.16,-0.16
0.04,0.16,-0.14
0.05,0.16,-0.13
0.07,0.16,-0.12
-0.35,0.16,0.45
-0.47,0.16,0.47
-0.57,0.16,0.43
-0.63,0.16,0.36
-0.67,0.16,0.27
-0.65,0.16,0.17
-0.58,0.16,0.08
5.0,0.16,0.01
4.96,0.16,0.67
4.83,0.16,1.31
4.61,0.16,1.93
4.32,0.16,2.51
3.96,0.16,3.06
3.52,0.16,3.55
3.03,0.16,3.98
2.49,0.16,4.34
1.9,0.16,4.63
1.28,0.16,4.83
0.64,0.16,4.96
0.0,0.16,-0.45
0.07,0.16,-0.51
0.15,0.16,-0.54
0.22,0.16,-0.54
0.3,0.16,-0.51
0.35,0.16,-0.46
0.39,0.16,-0.39
0.4,0.16,-0.3
0.38,0.16,-0.22
0.28,0.16,-0.11
-0.29,0.16,0.08
-0.35,0.16,0.04
-5.0,0.15,0.0
-4.96,0.15,-0.65
-4.83,0.15,-1.3
-4.62,0.15,-1.91
-4.33,0.15,-2.5
-3.97,0.15,-3.05
-3.53,0.15,-3.54
-3.04,0.15,-3.97
-2.5,0.15,-4.33
-1.91,0.15,-4.62
-1.29,0.15,-4.83
-0.65,0.15,-4.96
0.0,0.15,-0.19
0.02,0.15,-0.17
0.04,0.15,-0.15
0.06,0.15,-0.14
0.07,0.15,-0.12
-0.34,0.15,0.44
-0.47,0.15,0.47
-0.57,0.15,0.43
-0.63,0.15,0.36
-0.66,0.15,0.27
-0.65,0.15,0.17
-0.58,0.15,0.08
5.0,0.15,0.01
4.96,0.15,0.67
4.83,0.15,1.31
4.61,0.15,1.93
4.32,0.15,2.51
3.96,0.15,3.06
3.52,0.15,3.55
3.03,0.15,3.98
2.49,0.15,4.34
1.9,0.15,4.63
1.28,0.15,4.83
0.64,0.15,4.96
0.0,0.15,-0.45
0.07,0.15,-0.51
0.15,0.15,-0.54
0.22,0.15,-0.54
0.3,0.15,-0.51
0.35,0.15,-0.46
0.39,0.15,-0.39
0.4,0.15,-0.3
0.37,0.15,-0.21
-0.26,0.15,0.11
-0.29,0.15,0.08
-0.36,0.15,0.05
-5.0,0.13,0.0
-4.96,0.13,-0.65
-4.83,0.13,-1.3
-4.62,0.13,-1.91
-4.33,0.13,-2.5
-3.97,0.13,-3.05
-3.53,0.13,-3.54
-3.04,0.13,-3.97
-2.5,0.13,-4.33
-1.91,0.13,-4.62
-1.29,0.13,-4.83
-0.65,0.13,-4.96
0.0,0.13,-0.2
0.02,0.13,-0.17
0.04,0.13,-0.15
0.06,0.13,-0.14
0.07,0.13,-0.13
-0.34,0.13,0.44
-0.47,0.13,0.46
-0.56,0.13,0.43
-0.63,0.13,0.36
-0.66,0.13,0.27
-0.65,0.13,0.17
-0.58,0.13,0.07
5.0,0.13,0.01
4.96,0.13,0.67
4.83,0.13,1.31
4.61,0.13,1.93
4.32,0.13,2.51
3.96,0.13,3.06
3.52,0.13,3.55
3.03,0.13,3.98
2.49,0.13,4.34
1.9,0.13,4.63
1.28,0.13,4.83
0.64,0.13,4.96
0.0,0.13,-0.44
0.07,0.13,-0.51
0.15,0.13,-0.53
0.22,0.13,-0.53
0.29,0.13,-0.51
0.35,0.13,-0.46
0.39,0.13,-0.39
0.4,0.13,-0.3
0.37,0.13,-0.21
-0.27,0.13,0.11
-0.3,0.13,0.08
-0.37,0.13,0.05
-5.0,0.12,0.0
-4.96,0.12,-0.65
-4.83,0.12,-1.3
-4.62,0.12,-1.91
-4.33,0.12,-2.5
-3.97,0.12,-3.05
-3.53,0.12,-3.54
-3.04,0.12,-3.97
-2.5,0.12,-4.33
-1.91,0.12,-4.62
-1.29,0.12,-4.83
-0.65,0.12,-4.96
0.0,0.12,-0.2
0.02,0.12,-0.17
0.04,0.12,-0.16
0.06,0.12,-0.14
0.08,0.12,-0.13
-0.33,0.12,0.43
-0.46,0.12,0.46
-0.56,0.12,0.43
-0.63,0.12,0.36
-0.66,0.12,0.27
-0.65,0.12,0.17
-0.57,0.12,0.07
5.0,0.12,0.01
4.96,0.12,0.67
4.83,0.12,1.31
4.61,0.12,1.93
4.32,0.12,2.51
3.96,0.12,3.06
3.52,0.12,3.55
3.03,0.12,3.98
2.49,0.12,4.34
1.9,0.12,4.63
1.28,0.12,4.83
0.64,0.12,4.96
0.0,0.12,-0.44
0.07,0.12,-0.5
0.14,0.12,-0.53
0.22,0.12,-0.53
0.29,0.12,-0.5
0.35,0.12,-0.45
0.39,0.12,-0.38
0.4,0.12,-0.3
0.37,0.12,-0.21
-0.27,0.12,0.11
-0.31,0.12,0.08
-0.38,0.12,0.05
-5.0,0.1,0.0
-4.96,0.1,-0.65
-4.83,0.1,-1.3
-4.62,0.1,-1.91
-4.33,0.1,-2.5
-3.97,0.1,-3.05
-3.53,0.1,-3.54
-3.04,0.1,-3.97
-2.5,0.1,-4.33
-1.91,0.1,-4.62
-1.29,0.1,-4.83
-0.65,0.1,-4.96
0.0,0.1,-0.21
0.02,0.1,-0.18
0.04,0.1,-0.16
0.06,0.1,-0.15
0.08,0.1,-0.14
-0.32,0.1,0.42
-0.46,0.1,0.46
-0.56,0.1,0.43
-0.63,0.1,0.36
-0.66,0.1,0.27
-0.64,0.1,0.17
-0.56,0.1,0.07
5.0,0.1,0.01
4.96,0.1,0.67
4.83,0.1,1.31
4.61,0.1,1.93
4.32,0.1,2.51
3.96,0.1,3.06
3.52,0.1,3.55
3.03,0.1,3.98
2.49,0.1,4.34
1.9,0.1,4.63
1.28,0.1,4.83
0.64,0.1,4.96
0.0,0.1,-0.43
0.07,0.1,-0.5
0.14,0.1,-0.53
0.22,0.1,-0.53
0.29,0.1,-0.5
0.35,0.1,-0.45
0.38,0.1,-0.38
0.39,0.1,-0.3
0.36,0.1,-0.2
-0.28,0.1,0.11
-0.32,0.1,0.08
-0.38,0.1,0.05
-5.0,0.09,0.0
-4.96,0.09,-0.65
-4.83,0.09,-1.3
-4.62,0.09,-1.91
-4.33,0.09,-2.5
-3.97,0.09,-3.05
-3.53,0.09,-3.54
-3.04,0.09,-3.97
-2.5,0.09,-4.33
-1.91,0.09,-4.62
-1.29,0.09,-4.83
-0.65,0.09,-4.96
0.0,0.09,-0.22
0.02,0.09,-0.19
0.04,0.09,-0.17
0.06,0.09,-0.15
0.08,0.09,-0.14
-0.3,0.09,0.39
-0.45,0.09,0.45
-0.55,0.09,0.42
-0.62,0.09,0.36
-0.65,0.09,0.27
-0.64,0.09,0.17
-0.55,0.09,0.07
5.0,0.09,0.01
4.96,0.09,0.67
4.83,0.09,1.31
4.61,0.09,1.93
4.32,0.09,2.51
3.96,0.09,3.06
3.52,0.09,3.55
3.03,0.09,3.98
2.49,0.09,4.34
1.9,0.09,4.63
1.28,0.09,4.83
0.64,0.09,4.96
0.0,0.09,-0.42
0.07,0.09,-0.49
0.14,0.09,-0.52
0.22,0.09,-0.52
0.29,0.09,-0.5
0.35,0.09,-0.45
0.38,0.09,-0.38
0.39,0.09,-0.29
0.35,0.09,-0.2
-0.29,0.09,0.12
-0.32,0.09,0.09
-0.4,0.09,0.05
-5.0,0.07,0.0
-4.96,0.07,-0.65
-4.83,0.07,-1.3
-4.62,0.07,-1.91
-4.33,0.07,-2.5
-3.97,0.07,-3.05
-3.53,0.07,-3.54
-3.04,0.07,-3.97
-2.5,0.07,-4.33
-1.91,0.07,-4.62
-1.29,0.07,-4.83
-0.65,0.07,-4.96
0.0,0.07,-0.23
0.03,0.07,-0.19
0.05,0.07,-0.17
0.07,0.07,-0.16
0.08,0.07,-0.14
0.1,0.07,-0.14
-0.45,0.07,0.45
-0.55,0.07,0.42
-0.62,0.07,0.35
-0.64,0.07,0.27
-0.63,0.07,0.17
-0.53,0.07,0.07
5.0,0.07,0.01
4.96,0.07,0.67
4.83,0.07,1.31
4.61,0.07,1.93
4.32,0.07,2.51
3.96,0.07,3.06
3.52,0.07,3.55
3.03,0.07,3.98
2.49,0.07,4.34
1.9,0.07,4.63
1.28,0.07,4.83
0.64,0.07,4.96
0.0,0.07,-0.41
0.07,0.07,-0.48
0.14,0.07,-0.52
0.22,0.07,-0.52
0.29,0.07,-0.49
0.34,0.07,-0.44
0.38,0.07,-0.37
0.38,0.07,-0.29
0.34,0.07,-0.19
-0.3,0.07,0.12
-0.33,0.07,0.09
-0.42,0.07,0.05
-5.0,0.06,0.0
-4.96,0.06,-0.65
-4.83,0.06,-1.3
-4.62,0.06,-1.91
-4.33,0.06,-2.5
-3.97,0.06,-3.05
-3.53,0.06,-3.54
-3.04,0.06,-3.97
-2.5,0.06,-4.33
-1.91,0.06,-4.62
-1.29,0.06,-4.83
-0.65,0.06,-4.96
0.0,0.06,-0.25
0.03,0.06,-0.2
0.05,0.06,-0.18
0.07,0.06,-0.16
0.09,0.06,-0.15
0.11,0.06,-0.14
-0.44,0.06,0.44
-0.54,0.06,0.41
-0.61,0.06,0.35
-0.64,0.06,0.26
-0.62,0.06,0.16
-0.48,0.06,0.06
5.0,0.06,0.01
4.96,0.06,0.67
4.83,0.06,1.31
4.61,0.06,1.93
4.32,0.06,2.51
3.96,0.06,3.06
3.52,0.06,3.55
3.03,0.06,3.98
2.49,0.06,4.34
1.9,0.06,4.63
1.28,0.06,4.83
0.64,0.06,4.96
0.0,0.06,-0.39
0.06,0.06,-0.47
0.14,0.06,-0.51
0.21,0.06,-0.51
0.28,0.06,-0.48
0.34,0.06,-0.43
0.37,0.06,-0.37
0.37,0.06,-0.28
0.31,0.06,-0.18
-0.3,0.06,0.12
-0.34,0.06,0.09
-4.96,0.06,0.63
-5.0,0.04,0.0
-4.96,0.04,-0.65
-4.83,0.04,-1.3
-4.62,0.04,-1.91
-4.33,0.04,-2.5
-3.97,0.04,-3.05
-3.53,0.04,-3.54
-3.04,0.04,-3.97
-2.5,0.04,-4.33
-1.91,0.04,-4.62
-1.29,0.04,-4.83
-0.65,0.04,-4.96
0.0,0.04,-0.29
0.03,0.04,-0.22
0.05,0.04,-0.19
0.07,0.04,-0.17
0.09,0.04,-0.16
0.11,0.04,-0.15
-0.43,0.04,0.43
-0.53,0.04,0.41
-0.6,0.04,0.34
-0.63,0.04,0.26
-0.6,0.04,0.16
4.96,0.04,-0.64
5.0,0.04,0.01
4.96,0.04,0.67
4.83,0.04,1.31
4.61,0.04,1.93
4.32,0.04,2.51
3.96,0.04,3.06
3.52,0.04,3.55
3.03,0.04,3.98
2.49,0.04,4.34
1.9,0.04,4.63
1.28,0.04,4.83
0.64,0.04,4.96
0.0,0.04,-0.36
0.06,0.04,-0.46
0.14,0.04,-0.5
0.21,0.04,-0.5
0.28,0.04,-0.48
0.33,0.04,-0.43
0.36,0.04,-0.36
0.36,0.04,-0.27
-0.29,0.04,0.16
-0.31,0.04,0.13
-0.36,0.04,0.09
-4.96,0.04,0.63
-5.0,0.03,0.0
-4.96,0.03,-0.65
-4.83,0.03,-1.3
-4.62,0.03,-1.91
-4.33,0.03,-2.5
-3.97,0.03,-3.05
-3.53,0.03,-3.54
-3.04,0.03,-3.97
-2.5,0.03,-4.33
-1.91,0.03,-4.62
-1.29,0.03,-4.83
-0.65,0.03,-4.96
0.01,0.03,-5.0
0.03,0.03,-0.23
0.05,0.03,-0.2
0.08,0.03,-0.18
0.1,0.03,-0.17
0.12,0.03,-0.16
-0.42,0.03,0.42
-0.52,0.03,0.4
-0.59,0.03,0.34
-0.62,0.03,0.25
-0.59,0.03,0.16
4.96,0.03,-0.64
5.0,0.03,0.01
4.96,0.03,0.67
4.83,0.03,1.31
4.61,0.03,1.93
4.32,0.03,2.51
3.96,0.03,3.06
3.52,0.03,3.55
3.03,0.03,3.98
2.49,0.03,4.34
1.9,0.03,4.63
1.28,0.03,4.83
0.64,0.03,4.96
-0.02,0.03,5.0
0.06,0.03,-0.44
0.13,0.03,-0.49
0.21,0.03,-0.49
0.27,0.03,-0.47
0.32,0.03,-0.42
0.35,0.03,-0.35
0.34,0.03,-0.26
-0.3,0.03,0.17
-0.32,0.03,0.13
-0.37,0.03,0.1
-4.96,0.03,0.63
-5.0,0.01,0.0
-4.96,0.01,-0.65
-4.83,0.01,-1.3
-4.62,0.01,-1.91
-4.33,0.01,-2.5
-3.97,0.01,-3.05
-3.53,0.01,-3.54
-3.04,0.01,-3.97
-2.5,0.01,-4.33
-1.91,0.01,-4.62
-1.29,0.01,-4.83
-0.65,0.01,-4.96
0.01,0.01,-5.0
0.03,0.01,-0.26
0.06,0.01,-0.22
0.08,0.01,-0.19
0.1,0.01,-0.18
0.13,0.01,-0.17
-0.4,0.01,0.4
-0.51,0.01,0.39
-0.58,0.01,0.33
-0.6,0.01,0.25
-0.57,0.01,0.15
4.96,0.01,-0.64
5.0,0.01,0.01
4.96,0.01,0.67
4.83,0.01,1.31
4.61,0.01,1.93
4.32,0.01,2.51
3.96,0.01,3.06
3.52,0.01,3.55
3.03,0.01,3.98
2.49,0.01,4.34
1.9,0.01,4.63
1.28,0.01,4.83
0.64,0.01,4.96
-0.02,0.01,5.0
0.06,0.01,-0.42
0.13,0.01,-0.47
0.2,0.01,-0.48
0.27,0.01,-0.46
0.32,0.01,-0.41
0.34,0.01,-0.34
0.32,0.01,-0.25
-0.31,0.01,0.18
-0.34,0.01,0.14
