-4.96,1.93,-0.65
-4.83,1.93,-1.3
-4.62,1.93,-1.91
-4.33,1.93,-2.5
-3.97,1.93,-3.05
-3.53,1.93,-3.54
-3.04,1.93,-3.97
-2.5,1.93,-4.33
-1.91,1.93,-4.62
-1.29,1.93,-4.83
-0.65,1.93,-4.96
0.01,1.93,-5.0
0.66,1.93,-4.96
1.3,1.93,-4.83
1.92,1.93,-4.62
2.51,1.93,-4.33
3.05,1.93,-3.96
3.54,1.93,-3.53
3.97,1.93,-3.04
4.34,1.93,-2.49
4.62,1.93,-1.9
4.83,1.93,-1.28
4.96,1.93,-0.64
5.0,1.93,0.01
4.96,1.93,0.67
4.83,1.93,1.31
4.61,1.93,1.93
4.32,1.93,2.51
3.96,1.93,3.06
3.52,1.93,3.55
3.03,1.93,3.98
2.49,1.93,4.34
1.9,1.93,4.63
1.28,1.93,4.83
0.64,1.93,4.96
-0.02,1.93,5.0
-0.67,1.93,4.95
-1.31,1.93,4.82
-1.93,1.93,4.61
-2.52,1.93,4.32
-3.06,1.93,3.95
-3.55,1.93,3.52
-3.98,1.93,3.03
-4.34,1.93,2.48
-4.63,1.93,1.89
-4.84,1.93,1.27
-4.96,1.93,0.63
-5.0,1.91,0.0
-4.96,1.91,-0.65
-4.83,1.91,-1.3
-4.62,1.91,-1.91
-4.33,1.91,-2.5
-3.97,1.91,-3.05
-3.53,1.91,-3.54
-3.04,1.91,-3.97
-2.5,1.91,-4.33
-1.91,1.91,-4.62
-1.29,1.91,-4.83
-0.65,1.91,-4.96
0.01,1.91,-5.0
0.66,1.91,-4.96
1.3,1.91,-4.83
1.92,1.91,-4.62
2.51,1.91,-4.33
3.05,1.91,-3.96
3.54,1.91,-3.53
3.97,1.91,-3.04
4.34,1.91,-2.49
4.62,1.91,-1.9
4.83,1.91,-1.28
4.96,1.91,-0.64
5.0,1.91,0.01
4.96,1.91,0.67
4.83,1.91,1.31
4.61,1.91,1.93
4.32,1.91,2.51
3.96,1.91,3.06
3.52,1.91,3.55
3.03,1.91,3.98
2.49,1.91,4.34
1.9,1.91,4.63
1.28,1.91,4.83
0.64,1.91,4.96
-0.02,1.91,5.0
-0.67,1.91,4.95
-1.31,1.91,4.82
-1.93,1.91,4.61
-2.52,1.91,4.32
-3.06,1.91,3.95
-3.55,1.91,3.52
-3.98,1.91,3.03
-4.34,1.91,2.48
-4.63,1.91,1.89
-4.84,1.91,1.27
-4.96,1.91,0.63
-5.0,1.89,0.0
-4.96,1.89,-0.65
-4.83,1.89,-1.3
-4.62,1.89,-1.91
-4.33,1.89,-2.5
-3.97,1.89,-3.05
-3.53,1.89,-3.54
-3.04,1.89,-3.97
-2.5,1.89,-4.33
-1.91,1.89,-4.62
-1.29,1.89,-4.83
-0.65,1.89,-4.96
0.01,1.89,-5.0
0.66,1.89,-4.96
1.3,1.89,-4.83
1.92,1.89,-4.62
2.51,1.89,-4.33
3.05,1.89,-3.96
3.54,1.89,-3.53
3.97,1.89,-3.04
4.34,1.89,-2.49
4.62,1.89,-1.9
4.83,1.89,-1.28
4.96,1.89,-0.64
5.0,1.89,0.01
4.96,1.89,0.67
4.83,1.89,1.31
4.61,1.89,1.93
4.32,1.89,2.51
3.96,1.89,3.06
3.52,1.89,3.55
3.03,1.89,3.98
2.49,1.89,4.34
1.9,1.89,4.63
1.28,1.89,4.83
0.64,1.89,4.96
-0.02,1.89,5.0
-0.67,1.89,4.95
-1.31,1.89,4.82
-1.93,1.89,4.61
-2.52,1.89,4.32
-3.06,1.89,3.95
-3.55,1.89,3.52
-3.98,1.89,3.03
-4.34,1.89,2.48
-4.63,1.89,1.89
-4.84,1.89,1.27
-4.96,1.89,0.63
-5.0,1.87,0.0
-4.96,1.87,-0.65
-4.83,1.87,-1.3
-4.62,1.87,-1.91
-4.33,1.87,-2.5
-3.97,1.87,-3.05
-3.53,1.87,-3.54
-3.04,1.87,-3.97
-2.5,1.87,-4.33
-1.91,1.87,-4.62
-1.29,1.87,-4.83
-0.65,1.87,-4.96
0.01,1.87,-5.0
0.66,1.87,-4.96
1.3,1.87,-4.83
1.92,1.87,-4.62
2.51,1.87,-4.33
3.05,1.87,-3.96
3.54,1.87,-3.53
3.97,1.87,-3.04
4.34,1.87,-2.49
4.62,1.87,-1.9
4.83,1.87,-1.28
4.96,1.87,-0.64
5.0,1.87,0.01
4.96,1.87,0.67
4.83,1.87,1.31
4.61,1.87,1.93
4.32,1.87,2.51
3.96,1.87,3.06
3.52,1.87,3.55
3.03,1.87,3.98
2.49,1.87,4.34
1.9,1.87,4.63
1.28,1.87,4.83
0.64,1.87,4.96
-0.02,1.87,5.0
-0.67,1.87,4.95
-1.31,1.87,4.82
-1.93,1.87,4.61
-2.52,1.87,4.32
-3.06,1.87,3.95
-3.55,1.87,3.52
-3.98,1.87,3.03
-4.34,1.87,2.48
-4.63,1.87,1.89
-4.84,1.87,1.27
-4.96,1.87,0.63
-5.0,1.85,0.0
-4.96,1.85,-0.65
-4.83,1.85,-1.3
-4.62,1.85,-1.91
-4.33,1.85,-2.5
-3.97,1.85,-3.05
-3.53,1.85,-3.54
-3.04,1.85,-3.97
-2.5,1.85,-4.33
-1.91,1.85,-4.62
-1.29,1.85,-4.83
-0.65,1.85,-4.96
0.01,1.85,-5.0
0.66,1.85,-4.96
1.3,1.85,-4.83
1.92,1.85,-4.62
2.51,1.85,-4.33
3.05,1.85,-3.96
3.54,1.85,-3.53
3.97,1.85,-3.04
4.34,1.85,-2.49
4.62,1.85,-1.9
4.83,1.85,-1.28
4.96,1.85,-0.64
5.0,1.85,0.01
4.96,1.85,0.67
4.83,1.85,1.31
4.61,1.85,1.93
4.32,1.85,2.51
3.96,1.85,3.06
3.52,1.85,3.55
3.03,1.85,3.98
2.49,1.85,4.34
1.9,1.85,4.63
1.28,1.85,4.83
0.64,1.85,4.96
-0.02,1.85,5.0
-0.67,1.85,4.95
-1.31,1.85,4.82
-1.93,1.85,4.61
-2.52,1.85,4.32
-3.06,1.85,3.95
-3.55,1.85,3.52
-3.98,1.85,3.03
-4.34,1.85,2.48
-4.63,1.85,1.89
-4.84,1.85,1.27
-4.96,1.85,0.63
-5.0,1.83,0.0
-4.96,1.83,-0.65
-4.83,1.83,-1.3
-4.62,1.83,-1.91
-4.33,1.83,-2.5
-3.97,1.83,-3.05
-3.53,1.83,-3.54
-3.04,1.83,-3.97
-2.5,1.83,-4.33
-1.91,1.83,-4.62
-1.29,1.83,-4.83
-0.65,1.83,-4.96
0.01,1.83,-5.0
0.66,1.83,-4.96
1.3,1.83,-4.83
1.92,1.83,-4.62
2.51,1.83,-4.33
3.05,1.83,-3.96
3.54,1.83,-3.53
3.97,1.83,-3.04
4.34,1.83,-2.49
4.62,1.83,-1.9
4.83,1.83,-1.28
4.96,1.83,-0.64
5.0,1.83,0.01
4.96,1.83,0.67
4.83,1.83,1.31
4.61,1.83,1.93
4.32,1.83,2.51
3.96,1.83,3.06
3.52,1.83,3.55
3.03,1.83,3.98
2.49,1.83,4.34
1.9,1.83,4.63
1.28,1.83,4.83
0.64,1.83,4.96
-0.02,1.83,5.0
-0.67,1.83,4.95
-1.31,1.83,4.82
-1.93,1.83,4.61
-2.52,1.83,4.32
-3.06,1.83,3.95
-3.55,1.83,3.52
-3.98,1.83,3.03
-4.34,1.83,2.48
-4.63,1.83,1.89
-4.84,1.83,1.27
-4.96,1.83,0.63
-5.0,1.81,0.0
-4.96,1.81,-0.65
-4.83,1.81,-1.3
-4.62,1.81,-1.91
-4.33,1.81,-2.5
-3.97,1.81,-3.05
-3.53,1.81,-3.54
-3.04,1.81,-3.97
-2.5,1.81,-4.33
-1.91,1.81,-4.62
-1.29,1.81,-4.83
-0.65,1.81,-4.96
0.01,1.81,-5.0
0.66,1.81,-4.96
1.3,1.81,-4.83
1.92,1.81,-4.62
2.51,1.81,-4.33
3.05,1.81,-3.96
3.54,1.81,-3.53
3.97,1.81,-3.04
4.34,1.81,-2.49
4.62,1.81,-1.9
4.83,1.81,-1.28
4.96,1.81,-0.64
5.0,1.81,0.01
4.96,1.81,0.67
4.83,1.81,1.31
4.61,1.81,1.93
4.32,1.81,2.51
3.96,1.81,3.06
3.52,1.81,3.55
3.03,1.81,3.98
2.49,1.81,4.34
1.9,1.81,4.63
1.28,1.81,4.83
0.64,1.81,4.96
-0.02,1.81,5.0
-0.67,1.81,4.95
-1.31,1.81,4.82
-1.93,1.81,4.61
-2.52,1.81,4.32
-3.06,1.81,3.95
-3.55,1.81,3.52
-3.98,1.81,3.03
-4.34,1.81,2.48
-4.63,1.81,1.89
-4.84,1.81,1.27
-4.96,1.81,0.63
-5.0,1.79,0.0
-4.96,1.79,-0.65
-4.83,1.79,-1.3
-4.62,1.79,-1.91
-4.33,1.79,-2.5
-3.97,1.79,-3.05
-3.53,1.79,-3.54
-3.04,1.79,-3.97
-2.5,1.79,-4.33
-1.91,1.79,-4.62
-1.29,1.79,-4.83
-0.65,1.79,-4.96
0.01,1.79,-5.0
0.66,1.79,-4.96
1.3,1.79,-4.83
1.92,1.79,-4.62
2.51,1.79,-4.33
3.05,1.79,-3.96
3.54,1.79,-3.53
3.97,1.79,-3.04
4.34,1.79,-2.49
4.62,1.79,-1.9
4.83,1.79,-1.28
4.96,1.79,-0.64
5.0,1.79,0.01
4.96,1.79,0.67
4.83,1.79,1.31
4.61,1.79,1.93
4.32,1.79,2.51
3.96,1.79,3.06
3.52,1.79,3.55
3.03,1.79,3.98
2.49,1.79,4.34
1.9,1.79,4.63
1.28,1.79,4.83
0.64,1.79,4.96
-0.02,1.79,5.0
-0.67,1.79,4.95
-1.31,1.79,4.82
-1.93,1.79,4.61
-2.52,1.79,4.32
-3.06,1.79,3.95
-3.55,1.79,3.52
-3.98,1.79,3.03
-4.34,1.79,2.48
-4.63,1.79,1.89
-4.84,1.79,1.27
-4.96,1.79,0.63
-5.0,1.77,0.0
-4.96,1.77,-0.65
-4.83,1.77,-1.3
-4.62,1.77,-1.91
-4.33,1.77,-2.5
-3.97,1.77,-3.05
-3.53,1.77,-3.54
-3.04,1.77,-3.97
-2.5,1.77,-4.33
-1.91,1.77,-4.62
-1.29,1.77,-4.83
-0.65,1.77,-4.96
0.01,1.77,-5.0
0.66,1.77,-4.96
1.3,1.77,-4.83
1.92,1.77,-4.62
2.51,1.77,-4.33
3.05,1.77,-3.96
3.54,1.77,-3.53
3.97,1.77,-3.04
4.34,1.77,-2.49
4.62,1.77,-1.9
4.83,1.77,-1.28
4.96,1.77,-0.64
5.0,1.77,0.01
4.96,1.77,0.67
4.83,1.77,1.31
4.61,1.77,1.93
4.32,1.77,2.51
3.96,1.77,3.06
3.52,1.77,3.55
3.03,1.77,3.98
2.49,1.77,4.34
1.9,1.77,4.63
1.28,1.77,4.83
0.64,1.77,4.96
-0.02,1.77,5.0
-0.67,1.77,4.95
-1.31,1.77,4.82
-1.93,1.77,4.61
-2.52,1.77,4.32
-3.06,1.77,3.95
-3.55,1.77,3.52
-3.98,1.77,3.03
-4.34,1.77,2.48
-4.63,1.77,1.89
-4.84,1.77,1.27
-4.96,1.77,0.63
-5.0,1.75,0.0
-4.96,1.75,-0.65
-4.83,1.75,-1.3
-4.62,1.75,-1.91
-4.33,1.75,-2.5
-3.97,1.75,-3.05
-3.53,1.75,-3.54
-3.04,1.75,-3.97
-2.5,1.75,-4.33
-1.91,1.75,-4.62
-1.29,1.75,-4.83
-0.65,1.75,-4.96
0.01,1.75,-5.0
0.66,1.75,-4.96
1.3,1.75,-4.83
1.92,1.75,-4.62
2.51,1.75,-4.33
3.05,1.75,-3.96
3.54,1.75,-3.53
3.97,1.75,-3.04
4.34,1.75,-2.49
4.62,1.75,-1.9
4.83,1.75,-1.28
4.96,1.75,-0.64
5.0,1.75,0.01
4.96,1.75,0.67
4.83,1.75,1.31
4.61,1.75,1.93
4.32,1.75,2.51
3.96,1.75,3.06
3.52,1.75,3.55
3.03,1.75,3.98
2.49,1.75,4.34
1.9,1.75,4.63
1.28,1.75,4.83
0.64,1.75,4.96
-0.02,1.75,5.0
-0.67,1.75,4.95
-1.31,1.75,4.82
-1.93,1.75,4.61
-2.52,1.75,4.32
-3.06,1.75,3.95
-3.55,1.75,3.52
-3.98,1.75,3.03
-4.34,1.75,2.48
-4.63,1.75,1.89
-4.84,1.75,1.27
-4.96,1.75,0.63
-5.0,1.73,0.0
-4.96,1.73,-0.65
-4.83,1.73,-1.3
-4.62,1.73,-1.91
-4.33,1.73,-2.5
-3.97,1.73,-3.05
-3.53,1.73,-3.54
-3.04,1.73,-3.97
-2.5,1.73,-4.33
-1.91,1.73,-4.62
-1.29,1.73,-4.83
-0.65,1.73,-4.96
0.01,1.73,-5.0
0.66,1.73,-4.96
1.3,1.73,-4.83
1.92,1.73,-4.62
2.51,1.73,-4.33
3.05,1.73,-3.96
3.54,1.73,-3.53
3.97,1.73,-3.04
4.34,1.73,-2.49
4.62,1.73,-1.9
4.83,1.73,-1.28
4.96,1.73,-0.64
5.0,1.73,0.01
4.96,1.73,0.67
4.83,1.73,1.31
4.61,1.73,1.93
4.32,1.73,2.51
3.96,1.73,3.06
3.52,1.73,3.55
3.03,1.73,3.98
2.49,1.73,4.34
1.9,1.73,4.63
1.28,1.73,4.83
0.64,1.73,4.96
-0.02,1.73,5.0
-0.67,1.73,4.95
-1.31,1.73,4.82
-1.93,1.73,4.61
-2.52,1.73,4.32
-3.06,1.73,3.95
-3.55,1.73,3.52
-3.98,1.73,3.03
-4.34,1.73,2.48
-4.63,1.73,1.89
-4.84,1.73,1.27
-4.96,1.73,0.63
0.04,1.72,-0.0
0.04,1.72,0.01
0.04,1.72,0.01
0.04,1.72,0.02
0.04,1.72,0.02
0.03,1.72,0.03
0.03,1.72,0.03
0.03,1.72,0.03
0.02,1.72,0.04
0.02,1.72,0.04
0.01,1.72,0.05
0.01,1.72,0.05
-0.0,1.72,0.05
-0.01,1.72,0.05
-0.01,1.72,0.06
-0.02,1.72,0.06
-0.03,1.72,0.05
-0.04,1.72,0.05
-0.05,1.72,0.05
-0.05,1.72,0.04
-0.06,1.72,0.03
-0.07,1.72,0.03
-0.07,1.72,0.02
-0.07,1.72,0.01
-0.07,1.72,-0.0
-0.07,1.72,-0.01
-0.07,1.72,-0.02
-0.07,1.72,-0.03
-0.06,1.72,-0.04
-0.05,1.72,-0.04
-0.05,1.72,-0.05
-0.04,1.72,-0.05
-0.03,1.72,-0.05
-0.02,1.72,-0.06
-0.01,1.72,-0.06
-0.01,1.72,-0.06
0.0,1.72,-0.05
0.01,1.72,-0.05
0.01,1.72,-0.05
0.02,1.72,-0.04
0.02,1.72,-0.04
0.03,1.72,-0.04
0.03,1.72,-0.03
0.03,1.72,-0.03
0.04,1.72,-0.02
0.04,1.72,-0.02
0.04,1.72,-0.01
0.04,1.72,-0.0
0.08,1.7,-0.0
0.08,1.7,0.01
0.08,1.7,0.02
0.08,1.7,0.03
0.07,1.7,0.04
0.07,1.7,0.05
0.06,1.7,0.06
0.05,1.7,0.07
0.05,1.7,0.08
0.04,1.7,0.09
0.02,1.7,0.09
0.01,1.7,0.1
-0.0,1.7,0.1
-0.01,1.7,0.1
-0.03,1.7,0.1
-0.04,1.7,0.1
-0.05,1.7,0.09
-0.07,1.7,0.09
-0.08,1.7,0.08
-0.09,1.7,0.07
-0.1,1.7,0.06
-0.11,1.7,0.04
-0.11,1.7,0.03
-0.12,1.7,0.02
-0.12,1.7,-0.0
-0.12,1.7,-0.02
-0.11,1.7,-0.03
-0.11,1.7,-0.04
-0.1,1.7,-0.06
-0.09,1.7,-0.07
-0.08,1.7,-0.08
-0.07,1.7,-0.09
-0.05,1.7,-0.09
-0.04,1.7,-0.1
-0.03,1.7,-0.1
-0.01,1.7,-0.1
0.0,1.7,-0.1
0.01,1.7,-0.1
0.03,1.7,-0.09
0.04,1.7,-0.09
0.05,1.7,-0.08
0.06,1.7,-0.07
0.06,1.7,-0.06
0.07,1.7,-0.05
0.07,1.7,-0.04
0.08,1.7,-0.03
0.08,1.7,-0.02
0.08,1.7,-0.01
0.11,1.68,0.0
0.11,1.68,0.01
0.11,1.68,0.03
0.1,1.68,0.04
0.1,1.68,0.06
0.09,1.68,0.07
0.08,1.68,0.08
0.07,1.68,0.09
0.06,1.68,0.1
0.05,1.68,0.11
0.03,1.68,0.12
0.02,1.68,0.12
-0.0,1.68,0.13
-0.02,1.68,0.13
-0.03,1.68,0.13
-0.05,1.68,0.12
-0.07,1.68,0.12
-0.08,1.68,0.11
-0.1,1.68,0.1
-0.11,1.68,0.09
-0.12,1.68,0.07
-0.13,1.68,0.05
-0.14,1.68,0.04
-0.14,1.68,0.02
-0.14,1.68,-0.0
-0.14,1.68,-0.02
-0.14,1.68,-0.04
-0.13,1.68,-0.06
-0.12,1.68,-0.07
-0.11,1.68,-0.09
-0.1,1.68,-0.1
-0.08,1.68,-0.11
-0.07,1.68,-0.12
-0.05,1.68,-0.12
-0.03,1.68,-0.13
-0.02,1.68,-0.13
0.0,1.68,-0.13
0.02,1.68,-0.12
0.03,1.68,-0.12
0.05,1.68,-0.11
0.06,1.68,-0.1
0.07,1.68,-0.09
0.08,1.68,-0.08
0.09,1.68,-0.07
0.1,1.68,-0.06
0.1,1.68,-0.04
0.11,1.68,-0.03
0.11,1.68,-0.01
0.13,1.66,0.0
0.13,1.66,0.02
0.13,1.66,0.03
0.12,1.66,0.05
0.12,1.66,0.07
0.11,1.66,0.08
0.1,1.66,0.1
0.08,1.66,0.11
0.07,1.66,0.12
0.05,1.66,0.13
0.04,1.66,0.14
0.02,1.66,0.14
-0.0,1.66,0.15
-0.02,1.66,0.15
-0.04,1.66,0.15
-0.06,1.66,0.14
-0.08,1.66,0.13
-0.1,1.66,0.12
-0.11,1.66,0.11
-0.13,1.66,0.1
-0.14,1.66,0.08
-0.15,1.66,0.06
-0.16,1.66,0.04
-0.16,1.66,0.02
-0.16,1.66,-0.0
-0.16,1.66,-0.02
-0.16,1.66,-0.04
-0.15,1.66,-0.06
-0.14,1.66,-0.08
-0.13,1.66,-0.1
-0.11,1.66,-0.11
-0.1,1.66,-0.13
-0.08,1.66,-0.14
-0.06,1.66,-0.14
-0.04,1.66,-0.15
-0.02,1.66,-0.15
0.0,1.66,-0.15
0.02,1.66,-0.14
0.04,1.66,-0.14
0.05,1.66,-0.13
0.07,1.66,-0.12
0.08,1.66,-0.11
0.1,1.66,-0.1
0.11,1.66,-0.08
0.12,1.66,-0.07
0.13,1.66,-0.05
0.14,1.66,-0.04
0.14,1.66,-0.02
0.15,1.64,0.0
0.15,1.64,0.02
0.15,1.64,0.04
0.14,1.64,0.06
0.13,1.64,0.08
0.12,1.64,0.09
0.12,1.64,0.12
0.1,1.64,0.13
0.08,1.64,0.14
0.06,1.64,0.15
0.04,1.64,0.16
0.02,1.64,0.16
-0.0,1.64,0.16
-0.02,1.64,0.16
-0.04,1.64,0.16
-0.06,1.64,0.15
-0.08,1.64,0.14
-0.1,1.64,0.13
-0.12,1.64,0.12
-0.13,1.64,0.1
-0.14,1.64,0.08
-0.15,1.64,0.06
-0.16,1.64,0.04
-0.16,1.64,0.02
-0.16,1.64,-0.0
-0.16,1.64,-0.02
-0.16,1.64,-0.04
-0.15,1.64,-0.06
-0.14,1.64,-0.08
-0.13,1.64,-0.1
-0.12,1.64,-0.12
-0.1,1.64,-0.13
-0.08,1.64,-0.15
-0.07,1.64,-0.16
-0.04,1.64,-0.17
-0.02,1.64,-0.17
0.0,1.64,-0.18
0.02,1.64,-0.18
0.05,1.64,-0.17
0.07,1.64,-0.17
0.09,1.64,-0.16
0.11,1.64,-0.14
0.13,1.64,-0.13
0.14,1.64,-0.11
0.16,1.64,-0.09
0.17,1.64,-0.07
0.17,1.64,-0.05
0.18,1.64,-0.02
0.19,1.62,0.0
0.19,1.62,0.02
0.18,1.62,0.05
0.17,1.62,0.07
0.16,1.62,0.09
0.15,1.62,0.11
0.13,1.62,0.13
0.11,1.62,0.15
0.09,1.62,0.16
0.07,1.62,0.17
0.05,1.62,0.18
0.02,1.62,0.18
-0.0,1.62,0.18
-0.02,1.62,0.18
-0.05,1.62,0.17
-0.07,1.62,0.17
-0.09,1.62,0.15
-0.11,1.62,0.14
-0.13,1.62,0.13
-0.14,1.62,0.11
-0.15,1.62,0.09
-0.17,1.62,0.07
-0.17,1.62,0.05
-0.18,1.62,0.02
-0.18,1.62,-0.0
-0.18,1.62,-0.02
-0.17,1.62,-0.05
-0.17,1.62,-0.07
-0.16,1.62,-0.09
-0.14,1.62,-0.11
-0.13,1.62,-0.13
-0.11,1.62,-0.15
-0.09,1.62,-0.16
-0.07,1.62,-0.17
-0.05,1.62,-0.18
-0.02,1.62,-0.18
0.0,1.62,-0.19
0.03,1.62,-0.18
0.05,1.62,-0.18
0.07,1.62,-0.17
0.09,1.62,-0.16
0.11,1.62,-0.15
0.13,1.62,-0.13
0.15,1.62,-0.11
0.16,1.62,-0.09
0.17,1.62,-0.07
0.18,1.62,-0.05
0.19,1.62,-0.02
0.19,1.6,-0.0
0.19,1.6,0.03
0.19,1.6,0.05
0.18,1.6,0.07
0.17,1.6,0.1
0.15,1.6,0.12
0.14,1.6,0.14
0.12,1.6,0.15
0.09,1.6,0.16
0.07,1.6,0.17
0.05,1.6,0.18
0.02,1.6,0.19
-0.0,1.6,0.19
-0.02,1.6,0.19
-0.05,1.6,0.18
-0.07,1.6,0.17
-0.09,1.6,0.16
-0.11,1.6,0.15
-0.13,1.6,0.13
-0.15,1.6,0.11
-0.16,1.6,0.09
-0.17,1.6,0.07
-0.18,1.6,0.05
-0.18,1.6,0.02
-0.19,1.6,-0.0
-0.19,1.6,-0.02
-0.18,1.6,-0.05
-0.17,1.6,-0.07
-0.16,1.6,-0.1
-0.15,1.6,-0.12
-0.13,1.6,-0.14
-0.12,1.6,-0.15
-0.1,1.6,-0.17
-0.07,1.6,-0.18
-0.05,1.6,-0.19
-0.02,1.6,-0.19
0.0,1.6,-0.19
0.03,1.6,-0.19
0.05,1.6,-0.18
0.07,1.6,-0.18
0.1,1.6,-0.16
0.12,1.6,-0.15
0.14,1.6,-0.13
0.15,1.6,-0.11
0.16,1.6,-0.09
0.17,1.6,-0.07
0.17,1.6,-0.05
0.18,1.6,-0.02
0.18,1.58,-0.0
0.18,1.58,0.02
0.18,1.58,0.05
0.17,1.58,0.07
0.16,1.58,0.09
0.15,1.58,0.11
0.13,1.58,0.13
0.11,1.58,0.15
0.09,1.58,0.16
0.07,1.58,0.17
0.05,1.58,0.18
0.02,1.58,0.19
-0.0,1.58,0.19
-0.03,1.58,0.19
-0.05,1.58,0.19
-0.08,1.58,0.18
-0.1,1.58,0.17
-0.12,1.58,0.16
-0.14,1.58,0.14
-0.16,1.58,0.12
-0.18,1.58,0.1
-0.19,1.58,0.08
-0.2,1.58,0.05
-0.21,1.58,0.03
-0.21,1.58,-0.0
-0.21,1.58,-0.03
-0.2,1.58,-0.05
-0.19,1.58,-0.08
-0.18,1.58,-0.1
-0.16,1.58,-0.13
-0.14,1.58,-0.14
-0.12,1.58,-0.16
-0.1,1.58,-0.17
-0.08,1.58,-0.18
-0.05,1.58,-0.19
-0.02,1.58,-0.19
0.0,1.58,-0.19
0.03,1.58,-0.19
0.05,1.58,-0.18
0.07,1.58,-0.17
0.09,1.58,-0.16
0.11,1.58,-0.14
0.13,1.58,-0.13
0.14,1.58,-0.11
0.15,1.58,-0.09
0.16,1.58,-0.07
0.17,1.58,-0.04
0.17,1.58,-0.02
0.18,1.56,0.0
0.18,1.56,0.02
0.17,1.56,0.05
0.17,1.56,0.07
0.16,1.56,0.09
0.14,1.56,0.11
0.13,1.56,0.13
0.11,1.56,0.15
0.09,1.56,0.16
0.07,1.56,0.17
0.05,1.56,0.18
0.03,1.56,0.19
-0.0,1.56,0.2
-0.03,1.56,0.2
-0.05,1.56,0.19
-0.08,1.56,0.19
-0.1,1.56,0.18
-0.13,1.56,0.16
-0.15,1.56,0.15
-0.17,1.56,0.13
-0.18,1.56,0.1
-0.2,1.56,0.08
-0.21,1.56,0.05
-0.21,1.56,0.03
-0.21,1.56,-0.0
-0.21,1.56,-0.03
-0.21,1.56,-0.06
-0.2,1.56,-0.08
-0.18,1.56,-0.11
-0.17,1.56,-0.13
-0.15,1.56,-0.15
-0.13,1.56,-0.16
-0.1,1.56,-0.18
-0.08,1.56,-0.19
-0.05,1.56,-0.19
-0.03,1.56,-0.2
0.0,1.56,-0.2
0.03,1.56,-0.19
0.05,1.56,-0.18
0.07,1.56,-0.17
0.09,1.56,-0.16
0.11,1.56,-0.15
0.13,1.56,-0.13
0.15,1.56,-0.11
0.16,1.56,-0.09
0.17,1.56,-0.07
0.17,1.56,-0.05
0.18,1.56,-0.02
0.18,1.54,0.0
0.18,1.54,0.02
0.18,1.54,0.05
0.17,1.54,0.07
0.16,1.54,0.09
0.15,1.54,0.11
0.13,1.54,0.13
0.11,1.54,0.15
0.09,1.54,0.16
0.07,1.54,0.18
0.05,1.54,0.19
0.03,1.54,0.19
-0.0,1.54,0.2
-0.03,1.54,0.2
-0.05,1.54,0.19
-0.08,1.54,0.19
-0.1,1.54,0.18
-0.13,1.54,0.16
-0.15,1.54,0.15
-0.17,1.54,0.13
-0.18,1.54,0.1
-0.2,1.54,0.08
-0.21,1.54,0.05
-0.21,1.54,0.03
-0.21,1.54,-0.0
-0.21,1.54,-0.03
-0.21,1.54,-0.06
-0.2,1.54,-0.08
-0.18,1.54,-0.11
-0.17,1.54,-0.13
-0.15,1.54,-0.15
-0.13,1.54,-0.17
-0.1,1.54,-0.18
-0.08,1.54,-0.19
-0.05,1.54,-0.2
-0.03,1.54,-0.2
0.0,1.54,-0.2
0.03,1.54,-0.2
0.05,1.54,-0.19
0.08,1.54,-0.18
0.1,1.54,-0.17
0.12,1.54,-0.15
0.14,1.54,-0.14
0.15,1.54,-0.12
0.16,1.54,-0.09
0.17,1.54,-0.07
0.18,1.54,-0.05
0.18,1.54,-0.02
0.19,1.52,-0.0
0.18,1.52,0.02
0.18,1.52,0.05
0.17,1.52,0.07
0.16,1.52,0.09
0.15,1.52,0.11
0.13,1.52,0.13
0.11,1.52,0.15
0.09,1.52,0.16
0.07,1.52,0.18
0.05,1.52,0.18
0.02,1.52,0.19
-0.0,1.52,0.19
-0.03,1.52,0.19
-0.05,1.52,0.19
-0.08,1.52,0.19
-0.1,1.52,0.18
-0.13,1.52,0.16
-0.15,1.52,0.15
-0.17,1.52,0.13
-0.18,1.52,0.1
-0.2,1.52,0.08
-0.21,1.52,0.05
-0.21,1.52,0.03
-0.22,1.52,-0.0
-0.21,1.52,-0.03
-0.21,1.52,-0.06
-0.2,1.52,-0.08
-0.19,1.52,-0.11
-0.17,1.52,-0.13
-0.15,1.52,-0.15
-0.13,1.52,-0.17
-0.1,1.52,-0.18
-0.08,1.52,-0.19
-0.05,1.52,-0.2
-0.03,1.52,-0.2
0.0,1.52,-0.2
0.03,1.52,-0.2
0.05,1.52,-0.19
0.07,1.52,-0.18
0.1,1.52,-0.17
0.12,1.52,-0.15
0.13,1.52,-0.13
0.15,1.52,-0.11
0.16,1.52,-0.09
0.17,1.52,-0.07
0.18,1.52,-0.05
0.18,1.52,-0.02
0.18,1.5,0.0
0.18,1.5,0.02
0.18,1.5,0.05
0.17,1.5,0.07
0.16,1.5,0.09
0.15,1.5,0.11
0.13,1.5,0.13
0.11,1.5,0.15
0.09,1.5,0.16
0.07,1.5,0.18
0.05,1.5,0.19
0.03,1.5,0.19
-0.0,1.5,0.2
-0.03,1.5,0.2
-0.05,1.5,0.2
-0.08,1.5,0.19
-0.1,1.5,0.18
-0.13,1.5,0.17
-0.15,1.5,0.15
-0.17,1.5,0.13
-0.18,1.5,0.11
-0.2,1.5,0.08
-0.21,1.5,0.06
-0.21,1.5,0.03
-0.22,1.5,-0.0
-0.21,1.5,-0.03
-0.21,1.5,-0.06
-0.2,1.5,-0.08
-0.18,1.5,-0.11
-0.17,1.5,-0.13
-0.15,1.5,-0.15
-0.13,1.5,-0.17
-0.1,1.5,-0.18
-0.11,1.5,-0.27
-0.08,1.5,-0.29
-0.03,1.5,-0.2
0.0,1.5,-0.2
0.03,1.5,-0.19
0.05,1.5,-0.19
0.07,1.5,-0.18
0.1,1.5,-0.16
0.12,1.5,-0.15
0.13,1.5,-0.13
0.15,1.5,-0.11
0.16,1.5,-0.09
0.17,1.5,-0.07
0.18,1.5,-0.05
0.18,1.5,-0.02
0.18,1.48,0.0
0.18,1.48,0.02
0.17,1.48,0.05
0.17,1.48,0.07
0.16,1.48,0.09
0.14,1.48,0.11
0.13,1.48,0.13
0.11,1.48,0.15
0.09,1.48,0.16
0.07,1.48,0.17
0.05,1.48,0.18
0.02,1.48,0.19
-0.0,1.48,0.2
-0.03,1.48,0.2
-0.05,1.48,0.19
-0.08,1.48,0.19
-0.1,1.48,0.18
-0.13,1.48,0.16
-0.15,1.48,0.15
-0.17,1.48,0.13
-0.18,1.48,0.1
-0.2,1.48,0.08
-0.22,1.48,0.06
-0.25,1.48,0.03
-0.26,1.48,-0.0
-0.27,1.48,-0.04
-0.26,1.48,-0.07
-0.25,1.48,-0.1
-0.24,1.48,-0.14
-0.23,1.48,-0.18
-0.22,1.48,-0.22
-0.21,1.48,-0.27
-0.19,1.48,-0.32
-0.15,1.48,-0.36
-0.1,1.48,-0.38
-0.05,1.48,-0.38
0.0,1.48,-0.35
0.04,1.48,-0.28
0.05,1.48,-0.18
0.07,1.48,-0.17
0.09,1.48,-0.16
0.11,1.48,-0.15
0.13,1.48,-0.13
0.15,1.48,-0.11
0.16,1.48,-0.09
0.17,1.48,-0.07
0.17,1.48,-0.05
0.18,1.48,-0.02
0.17,1.46,0.0
0.17,1.46,0.02
0.17,1.46,0.05
0.16,1.46,0.07
0.15,1.46,0.09
0.14,1.46,0.11
0.13,1.46,0.13
0.11,1.46,0.14
0.09,1.46,0.16
0.07,1.46,0.17
0.05,1.46,0.18
0.02,1.46,0.19
-0.0,1.46,0.19
-0.03,1.46,0.19
-0.05,1.46,0.19
-0.08,1.46,0.18
-0.1,1.46,0.17
-0.12,1.46,0.16
-0.14,1.46,0.14
-0.16,1.46,0.12
-0.21,1.46,0.12
-0.25,1.46,0.1
-0.28,1.46,0.08
-0.31,1.46,0.04
-0.32,1.46,-0.0
-0.32,1.46,-0.04
-0.31,1.46,-0.08
-0.3,1.46,-0.12
-0.29,1.46,-0.17
-0.27,1.46,-0.21
-0.26,1.46,-0.26
-0.24,1.46,-0.31
-0.21,1.46,-0.37
-0.17,1.46,-0.4
-0.11,1.46,-0.42
-0.05,1.46,-0.42
0.0,1.46,-0.4
0.05,1.46,-0.36
0.08,1.46,-0.3
0.07,1.46,-0.17
0.09,1.46,-0.16
0.11,1.46,-0.14
0.13,1.46,-0.13
0.14,1.46,-0.11
0.15,1.46,-0.09
0.16,1.46,-0.07
0.17,1.46,-0.04
0.17,1.46,-0.02
0.17,1.45,-0.0
0.17,1.45,0.02
0.16,1.45,0.04
0.16,1.45,0.06
0.15,1.45,0.08
0.14,1.45,0.1
0.12,1.45,0.12
0.11,1.45,0.14
0.09,1.45,0.15
0.07,1.45,0.16
0.05,1.45,0.17
0.02,1.45,0.18
-0.0,1.45,0.18
-0.02,1.45,0.18
-0.05,1.45,0.18
-0.07,1.45,0.18
-0.1,1.45,0.17
-0.12,1.45,0.15
-0.16,1.45,0.16
-0.21,1.45,0.16
-0.25,1.45,0.14
-0.29,1.45,0.12
-0.32,1.45,0.09
-0.35,1.45,0.04
-0.36,1.45,-0.0
-0.36,1.45,-0.05
-0.35,1.45,-0.09
-0.33,1.45,-0.14
-0.32,1.45,-0.18
-0.3,1.45,-0.23
-0.28,1.45,-0.29
-0.26,1.45,-0.35
-0.23,1.45,-0.4
-0.18,1.45,-0.43
-0.12,1.45,-0.46
-0.06,1.45,-0.46
0.0,1.45,-0.44
0.05,1.45,-0.41
0.1,1.45,-0.35
0.12,1.45,-0.28
0.1,1.45,-0.17
0.11,1.45,-0.14
0.12,1.45,-0.12
0.14,1.45,-0.1
0.15,1.45,-0.08
0.16,1.45,-0.06
0.16,1.45,-0.04
0.17,1.45,-0.02
0.16,1.43,-0.0
0.16,1.43,0.02
0.15,1.43,0.04
0.15,1.43,0.06
0.14,1.43,0.08
0.13,1.43,0.1
0.11,1.43,0.11
0.1,1.43,0.13
0.08,1.43,0.14
0.06,1.43,0.15
0.04,1.43,0.16
0.02,1.43,0.17
-0.0,1.43,0.17
-0.02,1.43,0.17
-0.05,1.43,0.17
-0.07,1.43,0.17
-0.1,1.43,0.18
-0.15,1.43,0.19
-0.19,1.43,0.19
-0.24,1.43,0.18
-0.28,1.43,0.16
-0.32,1.43,0.13
-0.35,1.43,0.09
-0.38,1.43,0.05
-0.39,1.43,-0.0
-0.39,1.43,-0.05
-0.38,1.43,-0.1
-0.36,1.43,-0.15
-0.34,1.43,-0.2
-0.33,1.43,-0.25
-0.31,1.43,-0.31
-0.28,1.43,-0.37
-0.24,1.43,-0.42
-0.19,1.43,-0.46
-0.13,1.43,-0.48
-0.06,1.43,-0.49
0.0,1.43,-0.47
0.06,1.43,-0.44
0.11,1.43,-0.39
0.14,1.43,-0.33
0.15,1.43,-0.25
0.13,1.43,-0.16
0.12,1.43,-0.11
0.13,1.43,-0.1
0.14,1.43,-0.08
0.15,1.43,-0.06
0.15,1.43,-0.04
0.16,1.43,-0.02
0.15,1.41,-0.0
0.14,1.41,0.02
0.14,1.41,0.04
0.14,1.41,0.06
0.13,1.41,0.07
0.12,1.41,0.09
0.11,1.41,0.11
0.09,1.41,0.12
0.08,1.41,0.13
0.06,1.41,0.14
0.04,1.41,0.15
0.02,1.41,0.16
-0.0,1.41,0.16
-0.02,1.41,0.16
-0.05,1.41,0.18
-0.08,1.41,0.2
-0.12,1.41,0.21
-0.17,1.41,0.21
-0.21,1.41,0.21
-0.26,1.41,0.2
-0.31,1.41,0.18
-0.35,1.41,0.14
-0.38,1.41,0.1
-0.4,1.41,0.05
-0.41,1.41,-0.0
-0.41,1.41,-0.06
-0.4,1.41,-0.11
-0.38,1.41,-0.16
-0.36,1.41,-0.21
-0.34,1.41,-0.27
-0.32,1.41,-0.33
-0.3,1.41,-0.39
-0.25,1.41,-0.44
-0.2,1.41,-0.48
-0.13,1.41,-0.5
-0.07,1.41,-0.51
0.0,1.41,-0.49
0.06,1.41,-0.46
0.11,1.41,-0.42
0.15,1.41,-0.36
0.17,1.41,-0.29
0.17,1.41,-0.21
0.15,1.41,-0.15
0.16,1.41,-0.12
0.15,1.41,-0.08
0.14,1.41,-0.06
0.14,1.41,-0.04
0.15,1.41,-0.02
0.14,1.39,0.0
0.13,1.39,0.02
0.13,1.39,0.03
0.12,1.39,0.05
0.11,1.39,0.07
0.11,1.39,0.08
0.1,1.39,0.1
0.09,1.39,0.11
0.07,1.39,0.13
0.06,1.39,0.14
0.04,1.39,0.15
0.02,1.39,0.16
-0.0,1.39,0.17
-0.03,1.39,0.19
-0.06,1.39,0.21
-0.09,1.39,0.22
-0.13,1.39,0.23
-0.18,1.39,0.24
-0.23,1.39,0.23
-0.28,1.39,0.21
-0.33,1.39,0.19
-0.37,1.39,0.15
-0.4,1.39,0.11
-0.42,1.39,0.05
-0.43,1.39,-0.0
-0.43,1.39,-0.06
-0.42,1.39,-0.11
-0.4,1.39,-0.17
-0.38,1.39,-0.22
-0.36,1.39,-0.28
-0.34,1.39,-0.34
-0.31,1.39,-0.4
-0.26,1.39,-0.46
-0.2,1.39,-0.5
-0.14,1.39,-0.52
-0.07,1.39,-0.53
0.0,1.39,-0.51
0.07,1.39,-0.48
0.12,1.39,-0.44
0.16,1.39,-0.38
0.18,1.39,-0.31
0.19,1.39,-0.24
0.18,1.39,-0.17
0.18,1.39,-0.14
0.18,1.39,-0.1
0.17,1.39,-0.07
0.16,1.39,-0.04
0.15,1.39,-0.02
0.16,1.37,-0.0
0.15,1.37,0.02
0.14,1.37,0.04
0.14,1.37,0.06
0.13,1.37,0.07
0.12,1.37,0.09
0.11,1.37,0.11
0.1,1.37,0.13
0.09,1.37,0.15
0.07,1.37,0.16
0.05,1.37,0.17
0.02,1.37,0.18
-0.0,1.37,0.19
-0.03,1.37,0.21
-0.06,1.37,0.23
-0.1,1.37,0.24
-0.15,1.37,0.25
-0.19,1.37,0.25
-0.25,1.37,0.24
-0.3,1.37,0.23
-0.34,1.37,0.2
-0.38,1.37,0.16
-0.42,1.37,0.11
-0.44,1.37,0.06
-0.45,1.37,-0.0
-0.45,1.37,-0.06
-0.44,1.37,-0.12
-0.42,1.37,-0.17
-0.4,1.37,-0.23
-0.38,1.37,-0.29
-0.35,1.37,-0.35
-0.32,1.37,-0.42
-0.27,1.37,-0.47
-0.21,1.37,-0.51
-0.14,1.37,-0.54
-0.07,1.37,-0.54
0.0,1.37,-0.53
0.07,1.37,-0.5
0.12,1.37,-0.46
0.17,1.37,-0.4
0.19,1.37,-0.33
0.21,1.37,-0.27
0.2,1.37,-0.2
0.2,1.37,-0.15
0.2,1.37,-0.12
0.2,1.37,-0.08
0.18,1.37,-0.05
0.17,1.37,-0.02
0.18,1.35,-0.0
0.17,1.35,0.02
0.16,1.35,0.04
0.15,1.35,0.06
0.14,1.35,0.08
0.13,1.35,0.1
0.12,1.35,0.12
0.11,1.35,0.14
0.09,1.35,0.16
0.07,1.35,0.18
0.05,1.35,0.19
0.03,1.35,0.2
-0.0,1.35,0.21
-0.03,1.35,0.23
-0.07,1.35,0.25
-0.11,1.35,0.26
-0.16,1.35,0.27
-0.21,1.35,0.27
-0.26,1.35,0.26
-0.31,1.35,0.24
-0.36,1.35,0.21
-0.4,1.35,0.16
-0.43,1.35,0.12
-0.46,1.35,0.06
-0.47,1.35,-0.0
-0.47,1.35,-0.06
-0.45,1.35,-0.12
-0.43,1.35,-0.18
-0.41,1.35,-0.24
-0.39,1.35,-0.3
-0.36,1.35,-0.37
-0.33,1.35,-0.43
-0.28,1.35,-0.49
-0.22,1.35,-0.53
-0.15,1.35,-0.55
-0.07,1.35,-0.56
0.0,1.35,-0.55
0.07,1.35,-0.52
0.13,1.35,-0.47
0.17,1.35,-0.42
0.2,1.35,-0.35
0.22,1.35,-0.28
0.22,1.35,-0.22
0.21,1.35,-0.16
0.22,1.35,-0.13
0.21,1.35,-0.09
0.2,1.35,-0.05
0.19,1.35,-0.02
0.19,1.33,-0.0
0.18,1.33,0.02
0.17,1.33,0.05
0.16,1.33,0.07
0.15,1.33,0.09
0.14,1.33,0.11
0.13,1.33,0.13
0.12,1.33,0.15
0.1,1.33,0.17
0.08,1.33,0.19
0.05,1.33,0.2
0.03,1.33,0.21
-0.0,1.33,0.23
-0.03,1.33,0.25
-0.07,1.33,0.27
-0.12,1.33,0.28
-0.16,1.33,0.28
-0.22,1.33,0.28
-0.27,1.33,0.27
-0.32,1.33,0.25
-0.37,1.33,0.21
-0.41,1.33,0.17
-0.45,1.33,0.12
-0.47,1.33,0.06
-0.48,1.33,-0.0
-0.48,1.33,-0.06
-0.47,1.33,-0.13
-0.44,1.33,-0.19
-0.42,1.33,-0.25
-0.4,1.33,-0.31
-0.37,1.33,-0.38
-0.34,1.33,-0.44
-0.29,1.33,-0.5
-0.22,1.33,-0.54
-0.15,1.33,-0.57
-0.07,1.33,-0.57
0.0,1.33,-0.56
0.07,1.33,-0.53
0.13,1.33,-0.49
0.18,1.33,-0.43
0.21,1.33,-0.37
0.23,1.33,-0.3
0.23,1.33,-0.23
0.22,1.33,-0.17
0.23,1.33,-0.13
0.23,1.33,-0.09
0.21,1.33,-0.06
0.2,1.33,-0.03
0.2,1.31,0.0
0.19,1.31,0.02
0.18,1.31,0.05
0.17,1.31,0.07
0.16,1.31,0.09
0.15,1.31,0.12
0.14,1.31,0.14
0.12,1.31,0.16
0.1,1.31,0.18
0.08,1.31,0.2
0.06,1.31,0.21
0.03,1.31,0.22
-0.0,1.31,0.24
-0.03,1.31,0.26
-0.08,1.31,0.28
-0.12,1.31,0.29
-0.17,1.31,0.29
-0.22,1.31,0.29
-0.28,1.31,0.28
-0.33,1.31,0.25
-0.38,1.31,0.22
-0.42,1.31,0.17
-0.46,1.31,0.12
-0.48,1.31,0.06
-0.49,1.31,-0.0
-0.49,1.31,-0.07
-0.48,1.31,-0.13
-0.46,1.31,-0.19
-0.43,1.31,-0.25
-0.41,1.31,-0.32
-0.38,1.31,-0.38
-0.34,1.31,-0.45
-0.29,1.31,-0.51
-0.23,1.31,-0.55
-0.15,1.31,-0.58
-0.07,1.31,-0.58
0.0,1.31,-0.57
0.07,1.31,-0.54
0.14,1.31,-0.5
0.19,1.31,-0.44
0.22,1.31,-0.38
0.24,1.31,-0.31
0.24,1.31,-0.24
0.23,1.31,-0.18
0.24,1.31,-0.14
0.23,1.31,-0.1
0.22,1.31,-0.06
0.21,1.31,-0.03
0.2,1.29,-0.0
0.19,1.29,0.03
0.18,1.29,0.05
0.17,1.29,0.07
0.17,1.29,0.1
0.16,1.29,0.12
0.14,1.29,0.14
0.13,1.29,0.17
0.11,1.29,0.19
0.08,1.29,0.2
0.06,1.29,0.22
0.03,1.29,0.23
-0.0,1.29,0.26
-0.04,1.29,0.28
-0.08,1.29,0.29
-0.13,1.29,0.3
-0.18,1.29,0.31
-0.23,1.29,0.3
-0.29,1.29,0.29
-0.34,1.29,0.26
-0.39,1.29,0.22
-0.43,1.29,0.18
-0.47,1.29,0.12
-0.49,1.29,0.06
-0.5,1.29,-0.0
-0.5,1.29,-0.07
-0.49,1.29,-0.13
-0.46,1.29,-0.19
-0.44,1.29,-0.26
-0.42,1.29,-0.32
-0.39,1.29,-0.39
-0.35,1.29,-0.46
-0.3,1.29,-0.52
-0.23,1.29,-0.56
-0.15,1.29,-0.59
-0.08,1.29,-0.59
0.0,1.29,-0.58
0.08,1.29,-0.55
0.14,1.29,-0.51
0.19,1.29,-0.45
0.23,1.29,-0.39
0.25,1.29,-0.32
0.25,1.29,-0.25
0.25,1.29,-0.19
0.24,1.29,-0.14
0.24,1.29,-0.1
0.23,1.29,-0.06
0.22,1.29,-0.03
0.21,1.27,0.0
0.2,1.27,0.03
0.19,1.27,0.05
0.18,1.27,0.07
0.17,1.27,0.1
0.16,1.27,0.12
0.15,1.27,0.15
0.13,1.27,0.17
0.11,1.27,0.19
0.09,1.27,0.21
0.06,1.27,0.22
0.03,1.27,0.24
-0.0,1.27,0.27
-0.04,1.27,0.29
-0.08,1.27,0.3
-0.13,1.27,0.31
-0.18,1.27,0.31
-0.24,1.27,0.31
-0.29,1.27,0.29
-0.35,1.27,0.27
-0.4,1.27,0.23
-0.44,1.27,0.18
-0.48,1.27,0.13
-0.5,1.27,0.06
-0.51,1.27,-0.0
-0.51,1.27,-0.07
-0.5,1.27,-0.13
-0.47,1.27,-0.2
-0.45,1.27,-0.26
-0.42,1.27,-0.33
-0.4,1.27,-0.4
-0.36,1.27,-0.47
-0.3,1.27,-0.52
-0.23,1.27,-0.57
-0.16,1.27,-0.59
-0.08,1.27,-0.6
0.0,1.27,-0.59
0.08,1.27,-0.56
0.14,1.27,-0.52
0.19,1.27,-0.46
0.23,1.27,-0.4
0.25,1.27,-0.33
0.26,1.27,-0.26
0.26,1.27,-0.19
0.25,1.27,-0.14
0.24,1.27,-0.1
0.23,1.27,-0.06
0.22,1.27,-0.03
0.21,1.25,-0.0
0.2,1.25,0.03
0.19,1.25,0.05
0.18,1.25,0.07
0.17,1.25,0.1
0.16,1.25,0.12
0.15,1.25,0.15
0.13,1.25,0.17
0.11,1.25,0.19
0.09,1.25,0.21
0.06,1.25,0.23
0.03,1.25,0.25
-0.0,1.25,0.28
-0.04,1.25,0.29
-0.08,1.25,0.31
-0.13,1.25,0.32
-0.19,1.25,0.32
-0.24,1.25,0.31
-0.3,1.25,0.3
-0.35,1.25,0.27
-0.41,1.25,0.23
-0.45,1.25,0.19
-0.49,1.25,0.13
-0.51,1.25,0.07
-0.52,1.25,-0.0
-0.52,1.25,-0.07
-0.5,1.25,-0.14
-0.48,1.25,-0.2
-0.46,1.25,-0.26
-0.43,1.25,-0.33
-0.4,1.25,-0.4
-0.36,1.25,-0.47
-0.3,1.25,-0.53
-0.24,1.25,-0.57
-0.16,1.25,-0.6
-0.08,1.25,-0.61
0.0,1.25,-0.6
0.08,1.25,-0.57
0.14,1.25,-0.53
0.2,1.25,-0.47
0.24,1.25,-0.41
0.26,1.25,-0.34
0.27,1.25,-0.27
0.26,1.25,-0.2
0.25,1.25,-0.14
0.24,1.25,-0.1
0.23,1.25,-0.06
0.22,1.25,-0.03
0.21,1.23,0.0
0.2,1.23,0.03
0.19,1.23,0.05
0.18,1.23,0.07
0.17,1.23,0.1
0.16,1.23,0.12
0.15,1.23,0.15
0.13,1.23,0.17
0.11,1.23,0.19
0.09,1.23,0.21
0.06,1.23,0.24
0.03,1.23,0.26
-0.0,1.23,0.28
-0.04,1.23,0.3
-0.09,1.23,0.32
-0.14,1.23,0.33
-0.19,1.23,0.33
-0.25,1.23,0.32
-0.3,1.23,0.3
-0.36,1.23,0.28
-0.41,1.23,0.24
-0.46,1.23,0.19
-0.49,1.23,0.13
-0.52,1.23,0.07
-0.53,1.23,-0.0
-0.53,1.23,-0.07
-0.51,1.23,-0.14
-0.49,1.23,-0.2
-0.46,1.23,-0.27
-0.43,1.23,-0.34
-0.41,1.23,-0.41
-0.36,1.23,-0.48
-0.31,1.23,-0.53
-0.24,1.23,-0.58
-0.16,1.23,-0.61
-0.08,1.23,-0.61
0.0,1.23,-0.6
0.08,1.23,-0.58
0.15,1.23,-0.53
0.2,1.23,-0.48
0.24,1.23,-0.41
0.26,1.23,-0.34
0.27,1.23,-0.27
0.27,1.23,-0.21
0.26,1.23,-0.15
0.24,1.23,-0.1
0.23,1.23,-0.06
0.22,1.23,-0.03
0.2,1.21,0.0
0.19,1.21,0.03
0.19,1.21,0.05
0.18,1.21,0.07
0.17,1.21,0.1
0.16,1.21,0.12
0.15,1.21,0.15
0.13,1.21,0.17
0.11,1.21,0.19
0.09,1.21,0.22
0.06,1.21,0.24
0.03,1.21,0.27
-0.0,1.21,0.29
-0.04,1.21,0.31
-0.09,1.21,0.32
-0.14,1.21,0.33
-0.19,1.21,0.33
-0.25,1.21,0.33
-0.31,1.21,0.31
-0.36,1.21,0.28
-0.42,1.21,0.24
-0.46,1.21,0.19
-0.5,1.21,0.13
-0.52,1.21,0.07
-0.53,1.21,-0.0
-0.53,1.21,-0.07
-0.51,1.21,-0.14
-0.49,1.21,-0.2
-0.46,1.21,-0.27
-0.44,1.21,-0.34
-0.41,1.21,-0.41
-0.37,1.21,-0.48
-0.31,1.21,-0.54
-0.24,1.21,-0.58
-0.16,1.21,-0.61
-0.08,1.21,-0.61
0.0,1.21,-0.6
0.08,1.21,-0.57
0.14,1.21,-0.53
0.19,1.21,-0.46
0.23,1.21,-0.4
0.25,1.21,-0.33
0.26,1.21,-0.26
0.26,1.21,-0.2
0.25,1.21,-0.14
0.23,1.21,-0.1
0.22,1.21,-0.06
0.21,1.21,-0.03
0.21,1.19,-0.0
0.2,1.19,0.03
0.19,1.19,0.05
0.19,1.19,0.08
0.18,1.19,0.1
0.17,1.19,0.13
0.16,1.19,0.16
0.14,1.19,0.18
0.12,1.19,0.21
0.1,1.19,0.24
0.07,1.19,0.27
0.04,1.19,0.29
-0.0,1.19,0.32
-0.04,1.19,0.34
-0.09,1.19,0.35
-0.15,1.19,0.36
-0.21,1.19,0.36
-0.27,1.19,0.35
-0.33,1.19,0.33
-0.38,1.19,0.29
-0.43,1.19,0.25
-0.47,1.19,0.2
-0.51,1.19,0.13
-0.53,1.19,0.07
-0.54,1.19,-0.0
-0.53,1.19,-0.07
-0.51,1.19,-0.14
-0.49,1.19,-0.21
-0.47,1.19,-0.28
-0.45,1.19,-0.35
-0.42,1.19,-0.43
-0.37,1.19,-0.49
-0.31,1.19,-0.55
-0.24,1.19,-0.58
-0.16,1.19,-0.61
-0.08,1.19,-0.61
0.0,1.19,-0.59
0.08,1.19,-0.56
0.14,1.19,-0.52
0.19,1.19,-0.46
0.23,1.19,-0.39
0.25,1.19,-0.32
0.26,1.19,-0.26
0.26,1.19,-0.19
0.24,1.19,-0.14
0.23,1.19,-0.09
0.22,1.19,-0.06
0.21,1.19,-0.03
0.21,1.18,-0.0
0.2,1.18,0.03
0.2,1.18,0.05
0.19,1.18,0.08
0.18,1.18,0.11
0.17,1.18,0.13
0.16,1.18,0.16
0.14,1.18,0.19
0.13,1.18,0.22
0.1,1.18,0.25
0.07,1.18,0.27
0.04,1.18,0.3
-0.0,1.18,0.32
-0.05,1.18,0.34
-0.1,1.18,0.36
-0.15,1.18,0.36
-0.21,1.18,0.36
-0.27,1.18,0.35
-0.33,1.18,0.33
-0.38,1.18,0.29
-0.44,1.18,0.25
-0.48,1.18,0.2
-0.51,1.18,0.14
-0.53,1.18,0.07
-0.54,1.18,-0.0
-0.53,1.18,-0.07
-0.51,1.18,-0.14
-0.5,1.18,-0.21
-0.48,1.18,-0.28
-0.46,1.18,-0.35
-0.42,1.18,-0.43
-0.38,1.18,-0.49
-0.31,1.18,-0.55
-0.24,1.18,-0.59
-0.16,1.18,-0.61
-0.08,1.18,-0.61
0.0,1.18,-0.6
0.08,1.18,-0.57
0.14,1.18,-0.52
0.19,1.18,-0.46
0.23,1.18,-0.4
0.25,1.18,-0.33
0.26,1.18,-0.26
0.26,1.18,-0.2
0.25,1.18,-0.14
0.24,1.18,-0.1
0.23,1.18,-0.06
0.22,1.18,-0.03
0.21,1.16,0.0
0.2,1.16,0.03
0.2,1.16,0.05
0.19,1.16,0.08
0.18,1.16,0.11
0.17,1.16,0.13
0.16,1.16,0.16
0.15,1.16,0.19
0.13,1.16,0.22
0.1,1.16,0.25
0.07,1.16,0.27
0.04,1.16,0.3
-0.0,1.16,0.32
-0.04,1.16,0.34
-0.09,1.16,0.35
-0.15,1.16,0.36
-0.21,1.16,0.36
-0.27,1.16,0.35
-0.33,1.16,0.32
-0.38,1.16,0.29
-0.43,1.16,0.25
-0.47,1.16,0.2
-0.51,1.16,0.13
-0.53,1.16,0.07
-0.54,1.16,-0.0
-0.54,1.16,-0.07
-0.52,1.16,-0.14
-0.5,1.16,-0.21
-0.47,1.16,-0.28
-0.45,1.16,-0.35
-0.42,1.16,-0.42
-0.37,1.16,-0.49
-0.31,1.16,-0.55
-0.24,1.16,-0.59
-0.16,1.16,-0.62
-0.08,1.16,-0.63
0.0,1.16,-0.61
0.08,1.16,-0.59
0.15,1.16,-0.54
0.2,1.16,-0.49
0.25,1.16,-0.42
0.27,1.16,-0.35
0.29,1.16,-0.28
0.28,1.16,-0.22
0.27,1.16,-0.16
0.25,1.16,-0.1
0.24,1.16,-0.06
0.22,1.16,-0.03
0.21,1.14,-0.0
0.2,1.14,0.03
0.19,1.14,0.05
0.18,1.14,0.08
0.17,1.14,0.1
0.16,1.14,0.13
0.15,1.14,0.15
0.13,1.14,0.18
0.12,1.14,0.2
0.09,1.14,0.23
0.07,1.14,0.25
0.04,1.14,0.28
-0.0,1.14,0.3
-0.04,1.14,0.32
-0.09,1.14,0.33
-0.14,1.14,0.34
-0.2,1.14,0.34
-0.26,1.14,0.33
-0.32,1.14,0.32
-0.37,1.14,0.29
-0.43,1.14,0.24
-0.47,1.14,0.19
-0.51,1.14,0.13
-0.53,1.14,0.07
-0.54,1.14,-0.0
-0.54,1.14,-0.07
-0.53,1.14,-0.14
-0.5,1.14,-0.21
-0.47,1.14,-0.27
-0.45,1.14,-0.34
-0.42,1.14,-0.42
-0.37,1.14,-0.49
-0.31,1.14,-0.55
-0.24,1.14,-0.59
-0.16,1.14,-0.62
-0.08,1.14,-0.63
0.0,1.14,-0.62
0.08,1.14,-0.59
0.15,1.14,-0.55
0.21,1.14,-0.49
0.25,1.14,-0.43
0.28,1.14,-0.36
0.29,1.14,-0.28
0.29,1.14,-0.22
0.27,1.14,-0.16
0.26,1.14,-0.1
0.24,1.14,-0.06
0.23,1.14,-0.03
0.21,1.12,-0.0
0.2,1.12,0.03
0.19,1.12,0.05
0.18,1.12,0.08
0.17,1.12,0.1
0.16,1.12,0.13
0.15,1.12,0.15
0.14,1.12,0.18
0.12,1.12,0.2
0.09,1.12,0.23
0.07,1.12,0.25
0.04,1.12,0.28
-0.0,1.12,0.3
-0.04,1.12,0.32
-0.09,1.12,0.33
-0.14,1.12,0.34
-0.2,1.12,0.34
-0.26,1.12,0.33
-0.32,1.12,0.32
-0.37,1.12,0.29
-0.43,1.12,0.24
-0.47,1.12,0.19
-0.51,1.12,0.13
-0.53,1.12,0.07
-0.54,1.12,-0.0
-0.54,1.12,-0.07
-0.53,1.12,-0.14
-0.5,1.12,-0.21
-0.47,1.12,-0.27
-0.45,1.12,-0.34
-0.42,1.12,-0.42
-0.37,1.12,-0.49
-0.31,1.12,-0.55
-0.24,1.12,-0.59
-0.16,1.12,-0.62
-0.08,1.12,-0.63
0.0,1.12,-0.62
0.08,1.12,-0.59
0.15,1.12,-0.55
0.21,1.12,-0.49
0.25,1.12,-0.43
0.27,1.12,-0.36
0.29,1.12,-0.28
0.29,1.12,-0.22
0.27,1.12,-0.16
0.25,1.12,-0.1
0.24,1.12,-0.06
0.22,1.12,-0.03
0.21,1.1,0.0
0.2,1.1,0.03
0.19,1.1,0.05
0.18,1.1,0.08
0.17,1.1,0.1
0.16,1.1,0.12
0.15,1.1,0.15
0.13,1.1,0.18
0.12,1.1,0.2
0.09,1.1,0.23
0.07,1.1,0.25
0.04,1.1,0.28
-0.0,1.1,0.3
-0.04,1.1,0.32
-0.09,1.1,0.33
-0.14,1.1,0.34
-0.2,1.1,0.34
-0.26,1.1,0.33
-0.32,1.1,0.31
-0.37,1.1,0.29
-0.43,1.1,0.24
-0.47,1.1,0.19
-0.51,1.1,0.13
-0.53,1.1,0.07
-0.54,1.1,-0.0
-0.54,1.1,-0.07
-0.52,1.1,-0.14
-0.5,1.1,-0.21
-0.47,1.1,-0.27
-0.44,1.1,-0.34
-0.41,1.1,-0.42
-0.37,1.1,-0.49
-0.31,1.1,-0.55
-0.26,1.1,-0.63
-0.16,1.1,-0.62
-0.08,1.1,-0.63
0.0,1.1,-0.62
0.08,1.1,-0.59
0.15,1.1,-0.55
0.2,1.1,-0.49
0.25,1.1,-0.42
0.27,1.1,-0.35
0.29,1.1,-0.28
0.28,1.1,-0.22
0.27,1.1,-0.16
0.25,1.1,-0.1
0.24,1.1,-0.06
0.22,1.1,-0.03
0.21,1.08,-0.0
0.2,1.08,0.03
0.19,1.08,0.05
0.18,1.08,0.07
0.17,1.08,0.1
0.16,1.08,0.12
0.15,1.08,0.15
0.13,1.08,0.17
0.12,1.08,0.2
0.09,1.08,0.23
0.07,1.08,0.25
0.04,1.08,0.28
-0.0,1.08,0.3
-0.04,1.08,0.32
-0.09,1.08,0.33
-0.14,1.08,0.34
-0.2,1.08,0.34
-0.26,1.08,0.33
-0.31,1.08,0.31
-0.37,1.08,0.28
-0.42,1.08,0.24
-0.47,1.08,0.19
-0.5,1.08,0.13
-0.53,1.08,0.07
-0.54,1.08,-0.0
-0.54,1.08,-0.07
-0.52,1.08,-0.14
-0.5,1.08,-0.21
-0.47,1.08,-0.27
-0.44,1.08,-0.34
-0.41,1.08,-0.41
-0.37,1.08,-0.48
-0.31,1.08,-0.54
-0.26,1.08,-0.64
-0.16,1.08,-0.61
-0.08,1.08,-0.62
0.0,1.08,-0.61
0.08,1.08,-0.59
0.15,1.08,-0.54
0.2,1.08,-0.49
0.25,1.08,-0.42
0.27,1.08,-0.35
0.28,1.08,-0.28
0.28,1.08,-0.21
0.27,1.08,-0.15
0.25,1.08,-0.1
0.23,1.08,-0.06
0.22,1.08,-0.03
0.21,1.06,0.0
0.2,1.06,0.03
0.19,1.06,0.05
0.18,1.06,0.07
0.17,1.06,0.1
0.16,1.06,0.12
0.15,1.06,0.15
0.13,1.06,0.17
0.11,1.06,0.2
0.09,1.06,0.22
0.07,1.06,0.25
0.04,1.06,0.27
-0.0,1.06,0.29
-0.04,1.06,0.31
-0.09,1.06,0.33
-0.14,1.06,0.34
-0.2,1.06,0.34
-0.25,1.06,0.33
-0.31,1.06,0.31
-0.37,1.06,0.28
-0.42,1.06,0.24
-0.47,1.06,0.19
-0.5,1.06,0.13
-0.53,1.06,0.07
-0.54,1.06,-0.0
-0.54,1.06,-0.07
-0.52,1.06,-0.14
-0.49,1.06,-0.21
-0.47,1.06,-0.27
-0.44,1.06,-0.34
-0.41,1.06,-0.41
-0.37,1.06,-0.48
-0.31,1.06,-0.54
-0.27,1.06,-0.66
-0.16,1.06,-0.61
-0.08,1.06,-0.62
0.0,1.06,-0.61
0.08,1.06,-0.58
0.15,1.06,-0.54
0.2,1.06,-0.48
0.24,1.06,-0.42
0.27,1.06,-0.35
0.28,1.06,-0.28
0.28,1.06,-0.21
0.26,1.06,-0.15
0.25,1.06,-0.1
0.23,1.06,-0.06
0.22,1.06,-0.03
0.2,1.04,-0.0
0.19,1.04,0.03
0.18,1.04,0.05
0.28,1.04,0.12
0.16,1.04,0.1
0.16,1.04,0.12
0.14,1.04,0.14
0.13,1.04,0.17
0.11,1.04,0.19
0.09,1.04,0.22
0.06,1.04,0.24
0.03,1.04,0.27
-0.0,1.04,0.29
-0.04,1.04,0.31
-0.09,1.04,0.32
-0.14,1.04,0.33
-0.19,1.04,0.33
-0.25,1.04,0.33
-0.31,1.04,0.31
-0.37,1.04,0.28
-0.42,1.04,0.24
-0.46,1.04,0.19
-0.5,1.04,0.13
-0.52,1.04,0.07
-0.53,1.04,-0.0
-0.53,1.04,-0.07
-0.52,1.04,-0.14
-0.49,1.04,-0.2
-0.46,1.04,-0.27
-0.44,1.04,-0.34
-0.41,1.04,-0.41
-0.36,1.04,-0.48
-0.31,1.04,-0.54
-0.27,1.04,-0.66
-0.18,1.04,-0.69
-0.08,1.04,-0.62
0.0,1.04,-0.61
0.08,1.04,-0.58
0.15,1.04,-0.53
0.2,1.04,-0.48
0.24,1.04,-0.41
0.27,1.04,-0.34
0.28,1.04,-0.27
0.27,1.04,-0.21
0.26,1.04,-0.15
0.24,1.04,-0.1
0.22,1.04,-0.06
0.21,1.04,-0.03
0.2,1.02,-0.0
0.19,1.02,0.02
0.3,1.02,0.08
0.31,1.02,0.13
0.25,1.02,0.14
0.15,1.02,0.12
0.14,1.02,0.14
0.13,1.02,0.16
0.11,1.02,0.19
0.09,1.02,0.21
0.06,1.02,0.24
0.03,1.02,0.26
-0.0,1.02,0.28
-0.04,1.02,0.3
-0.09,1.02,0.32
-0.14,1.02,0.33
-0.19,1.02,0.33
-0.25,1.02,0.32
-0.31,1.02,0.3
-0.36,1.02,0.28
-0.41,1.02,0.24
-0.46,1.02,0.19
-0.49,1.02,0.13
-0.52,1.02,0.07
-0.53,1.02,-0.0
-0.53,1.02,-0.07
-0.51,1.02,-0.14
-0.49,1.02,-0.2
-0.46,1.02,-0.27
-0.43,1.02,-0.33
-0.4,1.02,-0.4
-0.36,1.02,-0.47
-0.3,1.02,-0.53
-0.27,1.02,-0.66
-0.18,1.02,-0.69
-0.08,1.02,-0.61
0.0,1.02,-0.6
0.08,1.02,-0.57
0.14,1.02,-0.53
0.2,1.02,-0.47
0.24,1.02,-0.41
0.26,1.02,-0.34
0.27,1.02,-0.27
0.27,1.02,-0.2
0.25,1.02,-0.14
0.23,1.02,-0.1
0.22,1.02,-0.06
0.21,1.02,-0.03
0.19,1.0,-0.0
0.18,1.0,0.02
0.31,1.0,0.08
0.31,1.0,0.13
0.27,1.0,0.15
0.18,1.0,0.14
0.14,1.0,0.14
0.12,1.0,0.16
0.11,1.0,0.18
0.09,1.0,0.21
0.06,1.0,0.23
0.03,1.0,0.25
-0.0,1.0,0.28
-0.04,1.0,0.3
-0.08,1.0,0.31
-0.13,1.0,0.32
-0.19,1.0,0.32
-0.24,1.0,0.32
-0.3,1.0,0.3
-0.36,1.0,0.27
-0.41,1.0,0.23
-0.45,1.0,0.19
-0.49,1.0,0.13
-0.51,1.0,0.07
-0.52,1.0,-0.0
-0.52,1.0,-0.07
-0.5,1.0,-0.14
-0.48,1.0,-0.2
-0.45,1.0,-0.26
-0.43,1.0,-0.33
-0.4,1.0,-0.4
-0.36,1.0,-0.47
-0.3,1.0,-0.52
-0.23,1.0,-0.57
-0.16,1.0,-0.59
-0.08,1.0,-0.6
0.0,1.0,-0.59
0.08,1.0,-0.56
0.14,1.0,-0.52
0.19,1.0,-0.46
0.23,1.0,-0.4
0.26,1.0,-0.33
0.26,1.0,-0.26
0.26,1.0,-0.2
0.24,1.0,-0.14
0.22,1.0,-0.09
0.21,1.0,-0.06
0.2,1.0,-0.03
0.18,0.98,-0.0
0.18,0.98,0.02
0.31,0.98,0.08
0.31,0.98,0.13
0.27,0.98,0.15
0.19,0.98,0.14
0.13,0.98,0.13
0.11,0.98,0.15
0.09,0.98,0.16
0.08,0.98,0.2
0.06,0.98,0.22
0.03,0.98,0.25
-0.0,0.98,0.27
-0.04,0.98,0.29
-0.08,0.98,0.3
-0.13,0.98,0.31
-0.18,0.98,0.32
-0.24,0.98,0.31
-0.29,0.98,0.29
-0.35,0.98,0.27
-0.4,0.98,0.23
-0.44,0.98,0.18
-0.48,0.98,0.13
-0.5,0.98,0.07
-0.51,0.98,-0.0
-0.51,0.98,-0.07
-0.5,0.98,-0.13
-0.47,0.98,-0.2
-0.45,0.98,-0.26
-0.42,0.98,-0.32
-0.39,0.98,-0.39
-0.35,0.98,-0.46
-0.3,0.98,-0.52
-0.23,0.98,-0.56
-0.16,0.98,-0.59
-0.08,0.98,-0.6
0.0,0.98,-0.58
0.08,0.98,-0.56
0.14,0.98,-0.51
0.19,0.98,-0.46
0.23,0.98,-0.39
0.25,0.98,-0.32
0.26,0.98,-0.25
0.25,0.98,-0.19
0.23,0.98,-0.13
0.21,0.98,-0.09
0.2,0.98,-0.05
0.18,0.98,-0.02
0.17,0.96,-0.0
0.16,0.96,0.02
0.3,0.96,0.08
0.3,0.96,0.13
0.25,0.96,0.14
0.13,0.96,0.1
0.12,0.96,0.12
0.11,0.96,0.14
0.1,0.96,0.17
0.08,0.96,0.19
0.06,0.96,0.21
0.03,0.96,0.24
-0.0,0.96,0.27
-0.04,0.96,0.27
-0.08,0.96,0.29
-0.13,0.96,0.3
-0.18,0.96,0.31
-0.23,0.96,0.3
-0.29,0.96,0.29
-0.34,0.96,0.26
-0.39,0.96,0.23
-0.44,0.96,0.18
-0.47,0.96,0.12
-0.49,0.96,0.06
-0.51,0.96,-0.0
-0.5,0.96,-0.07
-0.49,0.96,-0.13
-0.46,0.96,-0.19
-0.44,0.96,-0.25
-0.41,0.96,-0.32
-0.38,0.96,-0.39
-0.35,0.96,-0.45
-0.29,0.96,-0.51
-0.23,0.96,-0.55
-0.15,0.96,-0.58
-0.08,0.96,-0.59
0.0,0.96,-0.58
0.07,0.96,-0.55
0.14,0.96,-0.5
0.19,0.96,-0.45
0.22,0.96,-0.38
0.24,0.96,-0.31
0.25,0.96,-0.24
0.24,0.96,-0.18
0.22,0.96,-0.12
0.2,0.96,-0.08
0.19,0.96,-0.05
0.18,0.96,-0.02
0.16,0.94,-0.0
0.15,0.94,0.02
0.15,0.94,0.04
0.26,0.94,0.11
0.21,0.94,0.12
0.12,0.94,0.1
0.12,0.94,0.12
0.1,0.94,0.14
0.09,0.94,0.16
0.07,0.94,0.18
0.05,0.94,0.2
0.03,0.94,0.22
-0.0,0.94,0.25
-0.04,0.94,0.27
-0.08,0.94,0.28
-0.12,0.94,0.29
-0.17,0.94,0.3
-0.23,0.94,0.29
-0.28,0.94,0.28
-0.33,0.94,0.25
-0.38,0.94,0.22
-0.43,0.94,0.18
-0.46,0.94,0.12
-0.48,0.94,0.06
-0.5,0.94,-0.0
-0.49,0.94,-0.07
-0.48,0.94,-0.13
-0.45,0.94,-0.19
-0.43,0.94,-0.25
-0.4,0.94,-0.31
-0.38,0.94,-0.38
-0.34,0.94,-0.44
-0.29,0.94,-0.5
-0.22,0.94,-0.54
-0.15,0.94,-0.57
-0.07,0.94,-0.58
0.0,0.94,-0.56
0.07,0.94,-0.54
0.13,0.94,-0.49
0.18,0.94,-0.43
0.22,0.94,-0.37
0.23,0.94,-0.3
0.23,0.94,-0.23
0.22,0.94,-0.17
0.2,0.94,-0.12
0.19,0.94,-0.08
0.18,0.94,-0.05
0.17,0.94,-0.02
0.15,0.92,-0.0
0.14,0.92,0.02
0.13,0.92,0.04
0.13,0.92,0.05
0.12,0.92,0.07
0.11,0.92,0.09
0.11,0.92,0.11
0.1,0.92,0.13
0.08,0.92,0.15
0.07,0.92,0.17
0.05,0.92,0.19
0.03,0.92,0.21
-0.0,0.92,0.23
-0.03,0.92,0.25
-0.07,0.92,0.27
-0.12,0.92,0.28
-0.17,0.92,0.28
-0.22,0.92,0.28
-0.27,0.92,0.27
-0.32,0.92,0.25
-0.37,0.92,0.21
-0.41,0.92,0.17
-0.45,0.92,0.12
-0.47,0.92,0.06
-0.48,0.92,-0.0
-0.48,0.92,-0.06
-0.47,0.92,-0.13
-0.44,0.92,-0.19
-0.42,0.92,-0.24
-0.39,0.92,-0.3
-0.37,0.92,-0.37
-0.33,0.92,-0.43
-0.28,0.92,-0.49
-0.22,0.92,-0.53
-0.15,0.92,-0.56
-0.07,0.92,-0.56
0.0,0.92,-0.55
0.07,0.92,-0.52
0.13,0.92,-0.48
0.18,0.92,-0.42
0.21,0.92,-0.36
0.23,0.92,-0.3
0.25,0.92,-0.24
0.25,0.92,-0.19
0.23,0.92,-0.13
0.19,0.92,-0.08
0.16,0.92,-0.04
0.16,0.92,-0.02
0.13,0.91,-0.0
0.13,0.91,0.02
0.12,0.91,0.03
0.12,0.91,0.05
0.11,0.91,0.06
0.1,0.91,0.08
0.1,0.91,0.1
0.09,0.91,0.11
0.08,0.91,0.13
0.06,0.91,0.15
0.05,0.91,0.17
0.03,0.91,0.19
-0.0,0.91,0.22
-0.03,0.91,0.24
-0.07,0.91,0.25
-0.11,0.91,0.26
-0.16,0.91,0.27
-0.21,0.91,0.27
-0.26,0.91,0.26
-0.31,0.91,0.24
-0.37,0.91,0.21
-0.4,0.91,0.17
-0.44,0.91,0.12
-0.46,0.91,0.06
-0.47,0.91,-0.0
-0.47,0.91,-0.06
-0.46,0.91,-0.12
-0.43,0.91,-0.18
-0.41,0.91,-0.24
-0.38,0.91,-0.3
-0.36,0.91,-0.36
-0.32,0.91,-0.42
-0.27,0.91,-0.48
-0.21,0.91,-0.52
-0.14,0.91,-0.54
-0.07,0.91,-0.55
0.0,0.91,-0.54
0.07,0.91,-0.51
0.13,0.91,-0.46
0.17,0.91,-0.4
0.21,0.91,-0.35
0.24,0.91,-0.31
0.26,0.91,-0.26
0.27,0.91,-0.2
0.25,0.91,-0.15
0.22,0.91,-0.09
0.17,0.91,-0.04
0.14,0.91,-0.02
0.12,0.89,0.0
0.11,0.89,0.01
0.11,0.89,0.03
0.1,0.89,0.04
0.1,0.89,0.06
0.09,0.89,0.07
0.09,0.89,0.09
0.08,0.89,0.1
0.07,0.89,0.12
0.06,0.89,0.14
0.04,0.89,0.16
0.02,0.89,0.18
-0.0,0.89,0.2
-0.03,0.89,0.22
-0.06,0.89,0.23
-0.1,0.89,0.25
-0.15,0.89,0.26
-0.2,0.89,0.26
-0.25,0.89,0.25
-0.3,0.89,0.23
-0.35,0.89,0.2
-0.39,0.89,0.16
-0.42,0.89,0.11
-0.44,0.89,0.06
-0.46,0.89,-0.0
-0.46,0.89,-0.06
-0.45,0.89,-0.12
-0.42,0.89,-0.17
-0.4,0.89,-0.23
-0.37,0.89,-0.28
-0.34,0.89,-0.35
-0.31,0.89,-0.41
-0.26,0.89,-0.46
-0.21,0.89,-0.5
-0.14,0.89,-0.53
-0.07,0.89,-0.53
0.0,0.89,-0.52
0.07,0.89,-0.49
0.12,0.89,-0.45
0.17,0.89,-0.4
0.21,0.89,-0.36
0.25,0.89,-0.32
0.27,0.89,-0.27
0.29,0.89,-0.22
0.28,0.89,-0.16
0.25,0.89,-0.1
0.2,0.89,-0.05
0.14,0.89,-0.02
0.12,0.87,-0.0
0.09,0.87,0.01
0.09,0.87,0.02
0.09,0.87,0.04
0.08,0.87,0.05
0.08,0.87,0.06
0.07,0.87,0.07
0.07,0.87,0.09
0.06,0.87,0.1
0.05,0.87,0.12
0.04,0.87,0.14
0.02,0.87,0.16
-0.0,0.87,0.18
-0.03,0.87,0.2
-0.06,0.87,0.22
-0.1,0.87,0.23
-0.14,0.87,0.24
-0.19,0.87,0.24
-0.24,0.87,0.24
-0.29,0.87,0.22
-0.33,0.87,0.19
-0.37,0.87,0.15
-0.4,0.87,0.11
-0.42,0.87,0.05
-0.43,0.87,-0.0
-0.42,0.87,-0.06
-0.42,0.87,-0.11
-0.4,0.87,-0.17
-0.38,0.87,-0.22
-0.36,0.87,-0.28
-0.34,0.87,-0.34
-0.31,0.87,-0.41
-0.26,0.87,-0.45
-0.2,0.87,-0.49
-0.13,0.87,-0.51
-0.06,0.87,-0.51
0.0,0.87,-0.49
0.06,0.87,-0.45
0.12,0.87,-0.42
0.17,0.87,-0.4
0.21,0.87,-0.36
0.25,0.87,-0.32
0.28,0.87,-0.28
0.3,0.87,-0.22
0.29,0.87,-0.17
0.27,0.87,-0.11
0.23,0.87,-0.06
0.18,0.87,-0.02
0.16,0.85,0.0
0.11,0.85,0.02
0.08,0.85,0.02
0.06,0.85,0.03
0.06,0.85,0.03
0.06,0.85,0.04
0.05,0.85,0.05
0.05,0.85,0.06
0.04,0.85,0.08
0.04,0.85,0.09
0.03,0.85,0.11
0.02,0.85,0.13
-0.0,0.85,0.15
-0.02,0.85,0.17
-0.05,0.85,0.19
-0.09,0.85,0.21
-0.13,0.85,0.22
-0.17,0.85,0.22
-0.22,0.85,0.22
-0.27,0.85,0.2
-0.31,0.85,0.18
-0.35,0.85,0.14
-0.37,0.85,0.1
-0.39,0.85,0.05
-0.41,0.85,-0.0
-0.42,0.85,-0.06
-0.41,0.85,-0.11
-0.39,0.85,-0.16
-0.37,0.85,-0.21
-0.35,0.85,-0.27
-0.33,0.85,-0.33
-0.3,0.85,-0.39
-0.25,0.85,-0.44
-0.19,0.85,-0.47
-0.13,0.85,-0.48
-0.06,0.85,-0.48
0.0,0.85,-0.46
0.06,0.85,-0.44
0.12,0.85,-0.43
0.17,0.85,-0.4
0.22,0.85,-0.37
0.26,0.85,-0.33
0.29,0.85,-0.29
0.31,0.85,-0.24
0.31,0.85,-0.18
0.3,0.85,-0.12
0.26,0.85,-0.07
0.21,0.85,-0.03
0.18,0.83,-0.0
0.13,0.83,0.02
0.09,0.83,0.03
0.07,0.83,0.03
0.06,0.83,0.03
0.05,0.83,0.04
0.05,0.83,0.05
0.05,0.83,0.06
0.04,0.83,0.07
0.04,0.83,0.09
0.03,0.83,0.1
0.02,0.83,0.12
-0.0,0.83,0.14
-0.02,0.83,0.16
-0.05,0.83,0.18
-0.08,0.83,0.19
-0.12,0.83,0.21
-0.16,0.83,0.21
-0.21,0.83,0.21
-0.26,0.83,0.2
-0.3,0.83,0.17
-0.34,0.83,0.14
-0.37,0.83,0.1
-0.39,0.83,0.05
-0.4,0.83,-0.0
-0.41,0.83,-0.05
-0.41,0.83,-0.11
-0.39,0.83,-0.16
-0.36,0.83,-0.21
-0.33,0.83,-0.25
-0.31,0.83,-0.31
-0.28,0.83,-0.37
-0.24,0.83,-0.41
-0.18,0.83,-0.45
-0.12,0.83,-0.46
-0.06,0.83,-0.46
0.0,0.83,-0.45
0.06,0.83,-0.44
0.12,0.83,-0.43
0.17,0.83,-0.41
0.22,0.83,-0.38
0.27,0.83,-0.34
0.3,0.83,-0.3
0.33,0.83,-0.25
0.34,0.83,-0.19
0.32,0.83,-0.13
0.29,0.83,-0.08
0.23,0.83,-0.03
0.2,0.81,0.0
0.14,0.81,0.02
0.1,0.81,0.03
0.07,0.81,0.03
0.06,0.81,0.03
0.06,0.81,0.04
0.05,0.81,0.05
0.05,0.81,0.06
0.04,0.81,0.08
0.04,0.81,0.09
0.03,0.81,0.11
0.02,0.81,0.12
-0.0,0.81,0.14
-0.02,0.81,0.16
-0.05,0.81,0.18
-0.08,0.81,0.2
-0.12,0.81,0.21
-0.16,0.81,0.21
-0.21,0.81,0.21
-0.26,0.81,0.2
-0.3,0.81,0.17
-0.33,0.81,0.14
-0.37,0.81,0.1
-0.39,0.81,0.05
-0.4,0.81,-0.0
-0.4,0.81,-0.05
-0.4,0.81,-0.11
-0.38,0.81,-0.16
-0.36,0.81,-0.21
-0.32,0.81,-0.25
-0.29,0.81,-0.29
-0.26,0.81,-0.33
-0.22,0.81,-0.38
-0.17,0.81,-0.42
-0.12,0.81,-0.44
-0.06,0.81,-0.45
0.0,0.81,-0.46
0.06,0.81,-0.45
0.12,0.81,-0.44
0.18,0.81,-0.42
0.23,0.81,-0.4
0.28,0.81,-0.36
0.32,0.81,-0.32
0.35,0.81,-0.26
0.36,0.81,-0.21
0.35,0.81,-0.14
0.32,0.81,-0.08
0.26,0.81,-0.03
0.22,0.79,0.0
0.15,0.79,0.02
0.09,0.79,0.03
0.07,0.79,0.03
0.06,0.79,0.04
0.06,0.79,0.05
0.06,0.79,0.06
0.05,0.79,0.07
0.05,0.79,0.08
0.04,0.79,0.09
0.03,0.79,0.11
0.02,0.79,0.13
-0.0,0.79,0.15
-0.02,0.79,0.17
-0.05,0.79,0.19
-0.08,0.79,0.2
-0.13,0.79,0.22
-0.17,0.79,0.22
-0.22,0.79,0.21
-0.26,0.79,0.2
-0.3,0.79,0.17
-0.34,0.79,0.14
-0.37,0.79,0.1
-0.39,0.79,0.05
-0.4,0.79,-0.0
-0.4,0.79,-0.05
-0.39,0.79,-0.11
-0.37,0.79,-0.16
-0.35,0.79,-0.2
-0.32,0.79,-0.24
-0.28,0.79,-0.28
-0.25,0.79,-0.33
-0.21,0.79,-0.37
-0.17,0.79,-0.4
-0.11,0.79,-0.43
-0.06,0.79,-0.44
0.0,0.79,-0.46
0.06,0.79,-0.46
0.12,0.79,-0.45
0.18,0.79,-0.43
0.23,0.79,-0.4
0.29,0.79,-0.37
0.33,0.79,-0.33
0.36,0.79,-0.27
0.38,0.79,-0.22
0.37,0.79,-0.15
0.34,0.79,-0.09
0.29,0.79,-0.04
0.24,0.77,-0.0
0.16,0.77,0.02
0.1,0.77,0.03
0.07,0.77,0.03
0.06,0.77,0.04
0.06,0.77,0.05
0.06,0.77,0.06
0.05,0.77,0.07
0.05,0.77,0.08
0.04,0.77,0.1
0.03,0.77,0.11
0.02,0.77,0.13
-0.0,0.77,0.15
-0.02,0.77,0.18
-0.05,0.77,0.2
-0.09,0.77,0.21
-0.13,0.77,0.23
-0.18,0.77,0.23
-0.22,0.77,0.22
-0.27,0.77,0.21
-0.31,0.77,0.18
-0.35,0.77,0.14
-0.37,0.77,0.1
-0.39,0.77,0.05
-0.4,0.77,-0.0
-0.4,0.77,-0.05
-0.39,0.77,-0.11
-0.37,0.77,-0.15
-0.34,0.77,-0.2
-0.31,0.77,-0.24
-0.27,0.77,-0.27
-0.24,0.77,-0.31
-0.2,0.77,-0.36
-0.16,0.77,-0.39
-0.11,0.77,-0.41
-0.06,0.77,-0.44
0.0,0.77,-0.45
0.06,0.77,-0.45
0.12,0.77,-0.45
0.18,0.77,-0.43
0.24,0.77,-0.41
0.29,0.77,-0.38
0.34,0.77,-0.34
0.37,0.77,-0.28
0.39,0.77,-0.23
0.39,0.77,-0.16
0.37,0.77,-0.1
0.31,0.77,-0.04
0.26,0.75,0.0
0.18,0.75,0.02
0.11,0.75,0.03
0.07,0.75,0.03
0.07,0.75,0.04
0.06,0.75,0.05
0.06,0.75,0.06
0.06,0.75,0.07
0.05,0.75,0.09
0.04,0.75,0.1
0.03,0.75,0.12
0.02,0.75,0.14
-0.0,0.75,0.16
-0.02,0.75,0.18
-0.06,0.75,0.21
-0.09,0.75,0.22
-0.14,0.75,0.23
-0.18,0.75,0.24
-0.23,0.75,0.23
-0.28,0.75,0.21
-0.32,0.75,0.18
-0.35,0.75,0.14
-0.38,0.75,0.1
-0.4,0.75,0.05
-0.41,0.75,-0.0
-0.4,0.75,-0.05
-0.39,0.75,-0.11
-0.37,0.75,-0.15
-0.34,0.75,-0.2
-0.3,0.75,-0.23
-0.26,0.75,-0.26
-0.23,0.75,-0.3
-0.19,0.75,-0.34
-0.15,0.75,-0.37
-0.11,0.75,-0.41
-0.06,0.75,-0.44
0.0,0.75,-0.45
0.06,0.75,-0.45
0.12,0.75,-0.45
0.18,0.75,-0.44
0.24,0.75,-0.41
0.3,0.75,-0.38
0.35,0.75,-0.34
0.39,0.75,-0.29
0.41,0.75,-0.23
0.41,0.75,-0.17
0.39,0.75,-0.1
0.34,0.75,-0.04
0.29,0.73,-0.0
0.2,0.73,0.03
0.12,0.73,0.03
0.07,0.73,0.03
0.07,0.73,0.04
0.06,0.73,0.05
0.06,0.73,0.06
0.06,0.73,0.07
0.05,0.73,0.09
0.04,0.73,0.11
0.03,0.73,0.12
0.02,0.73,0.15
-0.0,0.73,0.17
-0.03,0.73,0.19
-0.06,0.73,0.21
-0.1,0.73,0.23
-0.14,0.73,0.24
-0.19,0.73,0.24
-0.24,0.73,0.24
-0.28,0.73,0.22
-0.32,0.73,0.19
-0.36,0.73,0.15
-0.38,0.73,0.1
-0.4,0.73,0.05
-0.41,0.73,-0.0
-0.4,0.73,-0.05
-0.39,0.73,-0.11
-0.37,0.73,-0.15
-0.34,0.73,-0.2
-0.3,0.73,-0.23
-0.25,0.73,-0.25
-0.22,0.73,-0.28
-0.18,0.73,-0.32
-0.15,0.73,-0.36
-0.11,0.73,-0.4
-0.06,0.73,-0.43
0.0,0.73,-0.44
0.06,0.73,-0.45
0.12,0.73,-0.45
0.18,0.73,-0.44
0.24,0.73,-0.42
0.3,0.73,-0.39
0.35,0.73,-0.35
0.4,0.73,-0.3
0.42,0.73,-0.24
0.42,0.73,-0.17
0.4,0.73,-0.11
0.36,0.73,-0.05
0.31,0.71,0.0
0.22,0.71,0.03
0.13,0.71,0.03
0.07,0.71,0.03
0.07,0.71,0.04
0.07,0.71,0.05
0.06,0.71,0.06
0.06,0.71,0.08
0.05,0.71,0.09
0.05,0.71,0.11
0.03,0.71,0.13
0.02,0.71,0.15
-0.0,0.71,0.18
-0.03,0.71,0.2
-0.06,0.71,0.22
-0.1,0.71,0.24
-0.15,0.71,0.25
-0.19,0.71,0.25
-0.24,0.71,0.24
-0.29,0.71,0.22
-0.33,0.71,0.19
-0.36,0.71,0.15
-0.39,0.71,0.1
-0.4,0.71,0.05
-0.41,0.71,-0.0
-0.4,0.71,-0.05
-0.39,0.71,-0.11
-0.37,0.71,-0.15
-0.33,0.71,-0.19
-0.29,0.71,-0.23
-0.25,0.71,-0.25
-0.2,0.71,-0.26
-0.18,0.71,-0.31
-0.15,0.71,-0.36
-0.1,0.71,-0.4
-0.05,0.71,-0.42
0.0,0.71,-0.44
0.06,0.71,-0.45
0.12,0.71,-0.45
0.18,0.71,-0.44
0.25,0.71,-0.42
0.31,0.71,-0.4
0.36,0.71,-0.36
0.41,0.71,-0.31
0.43,0.71,-0.25
0.44,0.71,-0.18
0.42,0.71,-0.11
0.38,0.71,-0.05
0.33,0.69,-0.0
0.23,0.69,0.03
0.13,0.69,0.04
0.07,0.69,0.03
0.07,0.69,0.04
0.07,0.69,0.05
0.06,0.69,0.06
0.06,0.69,0.08
0.05,0.69,0.09
0.05,0.69,0.11
0.04,0.69,0.13
0.02,0.69,0.16
-0.0,0.69,0.18
-0.03,0.69,0.21
-0.06,0.69,0.23
-0.1,0.69,0.25
-0.15,0.69,0.26
-0.2,0.69,0.26
-0.25,0.69,0.25
-0.29,0.69,0.23
-0.33,0.69,0.19
-0.37,0.69,0.15
-0.39,0.69,0.1
-0.4,0.69,0.05
-0.41,0.69,-0.0
-0.4,0.69,-0.05
-0.39,0.69,-0.1
-0.36,0.69,-0.15
-0.33,0.69,-0.19
-0.29,0.69,-0.22
-0.24,0.69,-0.25
-0.2,0.69,-0.26
-0.17,0.69,-0.3
-0.14,0.69,-0.35
-0.1,0.69,-0.39
-0.05,0.69,-0.41
0.0,0.69,-0.43
0.06,0.69,-0.44
0.12,0.69,-0.45
0.18,0.69,-0.44
0.25,0.69,-0.43
0.31,0.69,-0.4
0.37,0.69,-0.37
0.42,0.69,-0.32
0.45,0.69,-0.25
0.45,0.69,-0.18
0.43,0.69,-0.11
0.39,0.69,-0.05
0.34,0.67,-0.0
0.25,0.67,0.03
0.13,0.67,0.04
0.07,0.67,0.03
0.07,0.67,0.04
0.07,0.67,0.05
0.06,0.67,0.06
0.06,0.67,0.08
0.06,0.67,0.1
0.05,0.67,0.12
0.04,0.67,0.14
0.02,0.67,0.16
-0.0,0.67,0.19
-0.03,0.67,0.22
-0.07,0.67,0.24
-0.11,0.67,0.26
-0.16,0.67,0.27
-0.21,0.67,0.27
-0.26,0.67,0.25
-0.3,0.67,0.23
-0.34,0.67,0.2
-0.37,0.67,0.15
-0.39,0.67,0.1
-0.41,0.67,0.05
-0.41,0.67,-0.0
-0.4,0.67,-0.05
-0.38,0.67,-0.1
-0.36,0.67,-0.15
-0.32,0.67,-0.19
-0.28,0.67,-0.22
-0.24,0.67,-0.24
-0.19,0.67,-0.25
-0.16,0.67,-0.28
-0.14,0.67,-0.33
-0.1,0.67,-0.37
-0.05,0.67,-0.4
0.0,0.67,-0.42
0.06,0.67,-0.44
0.12,0.67,-0.44
0.18,0.67,-0.44
0.25,0.67,-0.43
0.32,0.67,-0.41
0.38,0.67,-0.37
0.43,0.67,-0.32
0.46,0.67,-0.26
0.46,0.67,-0.19
0.44,0.67,-0.12
0.4,0.67,-0.05
0.35,0.66,0.0
0.26,0.66,0.03
0.13,0.66,0.04
0.07,0.66,0.03
0.07,0.66,0.04
0.07,0.66,0.05
0.07,0.66,0.07
0.06,0.66,0.08
0.06,0.66,0.1
0.05,0.66,0.12
0.04,0.66,0.14
0.02,0.66,0.17
-0.0,0.66,0.2
-0.03,0.66,0.23
-0.07,0.66,0.25
-0.11,0.66,0.27
-0.16,0.66,0.28
-0.21,0.66,0.28
-0.26,0.66,0.26
-0.31,0.66,0.23
-0.35,0.66,0.2
-0.38,0.66,0.15
-0.4,0.66,0.11
-0.41,0.66,0.05
-0.41,0.66,-0.0
-0.4,0.66,-0.05
-0.38,0.66,-0.1
-0.35,0.66,-0.15
-0.32,0.66,-0.19
-0.28,0.66,-0.21
-0.23,0.66,-0.23
-0.19,0.66,-0.24
-0.15,0.66,-0.27
-0.13,0.66,-0.32
-0.09,0.66,-0.36
-0.05,0.66,-0.39
0.0,0.66,-0.42
0.06,0.66,-0.43
0.12,0.66,-0.44
0.18,0.66,-0.44
0.25,0.66,-0.43
0.32,0.66,-0.41
0.38,0.66,-0.38
0.43,0.66,-0.33
0.46,0.66,-0.27
0.47,0.66,-0.19
0.45,0.66,-0.12
0.41,0.66,-0.05
0.35,0.64,-0.0
0.27,0.64,0.04
0.11,0.64,0.03
0.07,0.64,0.03
0.07,0.64,0.04
0.07,0.64,0.05
0.07,0.64,0.07
0.06,0.64,0.08
0.06,0.64,0.1
0.05,0.64,0.12
0.04,0.64,0.15
0.02,0.64,0.18
-0.0,0.64,0.21
-0.03,0.64,0.24
-0.07,0.64,0.26
-0.12,0.64,0.28
-0.17,0.64,0.29
-0.22,0.64,0.28
-0.27,0.64,0.27
-0.31,0.64,0.24
-0.35,0.64,0.2
-0.38,0.64,0.16
-0.4,0.64,0.11
-0.41,0.64,0.05
-0.41,0.64,-0.0
-0.4,0.64,-0.05
-0.38,0.64,-0.1
-0.35,0.64,-0.15
-0.31,0.64,-0.18
-0.27,0.64,-0.21
-0.23,0.64,-0.23
-0.18,0.64,-0.24
-0.14,0.64,-0.24
-0.12,0.64,-0.3
-0.09,0.64,-0.34
-0.05,0.64,-0.38
0.0,0.64,-0.41
0.06,0.64,-0.43
0.12,0.64,-0.44
0.18,0.64,-0.44
0.25,0.64,-0.43
0.33,0.64,-0.42
0.39,0.64,-0.39
0.44,0.64,-0.33
0.47,0.64,-0.27
0.48,0.64,-0.2
0.46,0.64,-0.12
0.42,0.64,-0.05
0.36,0.62,0.0
0.28,0.62,0.04
0.07,0.62,0.02
0.07,0.62,0.03
0.07,0.62,0.04
0.07,0.62,0.05
0.07,0.62,0.07
0.06,0.62,0.08
0.06,0.62,0.1
0.05,0.62,0.13
0.04,0.62,0.15
0.02,0.62,0.18
-0.0,0.62,0.21
-0.03,0.62,0.24
-0.07,0.62,0.27
-0.12,0.62,0.29
-0.17,0.62,0.3
-0.22,0.62,0.29
-0.27,0.62,0.27
-0.32,0.62,0.24
-0.36,0.62,0.2
-0.38,0.62,0.16
-0.4,0.62,0.11
-0.41,0.62,0.05
-0.41,0.62,-0.0
-0.4,0.62,-0.05
-0.38,0.62,-0.1
-0.35,0.62,-0.14
-0.31,0.62,-0.18
-0.27,0.62,-0.21
-0.22,0.62,-0.22
-0.17,0.62,-0.23
-0.13,0.62,-0.22
-0.11,0.62,-0.27
-0.09,0.62,-0.32
-0.05,0.62,-0.36
0.0,0.62,-0.39
0.06,0.62,-0.42
0.12,0.62,-0.43
0.18,0.62,-0.44
0.26,0.62,-0.44
0.33,0.62,-0.43
0.39,0.62,-0.39
0.44,0.62,-0.34
0.48,0.62,-0.27
0.48,0.62,-0.2
0.47,0.62,-0.12
0.43,0.62,-0.05
0.37,0.6,0.0
0.27,0.6,0.04
0.07,0.6,0.02
0.07,0.6,0.03
0.07,0.6,0.04
0.07,0.6,0.05
0.07,0.6,0.07
0.06,0.6,0.08
0.06,0.6,0.1
0.05,0.6,0.13
0.04,0.6,0.16
0.02,0.6,0.19
-0.0,0.6,0.22
-0.03,0.6,0.25
-0.08,0.6,0.28
-0.12,0.6,0.3
-0.18,0.6,0.3
-0.23,0.6,0.3
-0.28,0.6,0.28
-0.32,0.6,0.25
-0.36,0.6,0.21
-0.39,0.6,0.16
-0.41,0.6,0.11
-0.41,0.6,0.05
-0.41,0.6,-0.0
-0.39,0.6,-0.05
-0.37,0.6,-0.1
-0.34,0.6,-0.14
-0.3,0.6,-0.18
-0.26,0.6,-0.2
-0.21,0.6,-0.21
-0.17,0.6,-0.22
-0.12,0.6,-0.21
-0.1,0.6,-0.24
-0.08,0.6,-0.3
-0.04,0.6,-0.35
0.0,0.6,-0.38
0.06,0.6,-0.41
0.12,0.6,-0.43
0.18,0.6,-0.44
0.26,0.6,-0.44
0.33,0.6,-0.43
0.4,0.6,-0.39
0.45,0.6,-0.34
0.48,0.6,-0.27
0.49,0.6,-0.2
0.47,0.6,-0.12
0.44,0.6,-0.06
0.37,0.58,-0.0
0.27,0.58,0.04
0.07,0.58,0.02
0.07,0.58,0.03
0.07,0.58,0.04
0.07,0.58,0.05
0.07,0.58,0.07
0.06,0.58,0.08
0.06,0.58,0.11
0.05,0.58,0.13
0.04,0.58,0.16
0.03,0.58,0.19
-0.0,0.58,0.23
-0.03,0.58,0.26
-0.08,0.58,0.29
-0.13,0.58,0.31
-0.18,0.58,0.31
-0.23,0.58,0.3
-0.28,0.58,0.28
-0.33,0.58,0.25
-0.37,0.58,0.21
-0.39,0.58,0.16
-0.41,0.58,0.11
-0.41,0.58,0.05
-0.41,0.58,-0.0
-0.39,0.58,-0.05
-0.37,0.58,-0.1
-0.34,0.58,-0.14
-0.3,0.58,-0.17
-0.25,0.58,-0.19
-0.21,0.58,-0.21
-0.16,0.58,-0.21
-0.12,0.58,-0.2
-0.08,0.58,-0.21
-0.07,0.58,-0.27
-0.04,0.58,-0.33
0.0,0.58,-0.37
0.05,0.58,-0.4
0.11,0.58,-0.42
0.18,0.58,-0.43
0.26,0.58,-0.44
0.33,0.58,-0.43
0.4,0.58,-0.39
0.45,0.58,-0.34
0.48,0.58,-0.27
0.49,0.58,-0.2
0.48,0.58,-0.13
0.44,0.58,-0.06
0.38,0.56,0.0
0.26,0.56,0.03
0.06,0.56,0.02
0.06,0.56,0.03
0.07,0.56,0.04
0.07,0.56,0.05
0.07,0.56,0.07
0.06,0.56,0.08
0.06,0.56,0.11
0.06,0.56,0.13
0.04,0.56,0.17
0.03,0.56,0.2
-0.0,0.56,0.24
-0.04,0.56,0.27
-0.08,0.56,0.29
-0.13,0.56,0.31
-0.18,0.56,0.32
-0.24,0.56,0.31
-0.29,0.56,0.29
-0.33,0.56,0.25
-0.37,0.56,0.21
-0.4,0.56,0.16
-0.41,0.56,0.11
-0.42,0.56,0.05
-0.41,0.56,-0.0
-0.39,0.56,-0.05
-0.36,0.56,-0.1
-0.33,0.56,-0.14
-0.29,0.56,-0.17
-0.25,0.56,-0.19
-0.2,0.56,-0.2
-0.15,0.56,-0.2
-0.11,0.56,-0.19
-0.07,0.56,-0.18
-0.06,0.56,-0.24
-0.04,0.56,-0.3
0.0,0.56,-0.35
0.05,0.56,-0.39
0.11,0.56,-0.41
0.18,0.56,-0.44
0.26,0.56,-0.45
0.33,0.56,-0.43
0.4,0.56,-0.4
0.45,0.56,-0.34
0.48,0.56,-0.28
0.49,0.56,-0.2
0.48,0.56,-0.13
0.44,0.56,-0.06
0.37,0.54,0.0
0.26,0.54,0.03
0.06,0.54,0.02
0.06,0.54,0.03
0.06,0.54,0.04
0.07,0.54,0.05
0.07,0.54,0.07
0.06,0.54,0.08
0.06,0.54,0.11
0.06,0.54,0.14
0.05,0.54,0.17
0.03,0.54,0.21
-0.0,0.54,0.24
-0.04,0.54,0.27
-0.08,0.54,0.3
-0.13,0.54,0.31
-0.18,0.54,0.32
-0.24,0.54,0.31
-0.29,0.54,0.29
-0.34,0.54,0.26
-0.38,0.54,0.22
-0.41,0.54,0.17
-0.43,0.54,0.11
-0.43,0.54,0.06
-0.43,0.54,-0.0
-0.4,0.54,-0.05
-0.36,0.54,-0.1
-0.32,0.54,-0.14
-0.28,0.54,-0.16
-0.24,0.54,-0.18
-0.19,0.54,-0.19
-0.15,0.54,-0.19
-0.11,0.54,-0.18
-0.07,0.54,-0.17
-0.04,0.54,-0.15
-0.03,0.54,-0.27
0.0,0.54,-0.33
0.05,0.54,-0.37
0.11,0.54,-0.4
0.18,0.54,-0.44
0.26,0.54,-0.45
0.34,0.54,-0.43
0.4,0.54,-0.4
0.45,0.54,-0.34
0.48,0.54,-0.28
0.49,0.54,-0.2
0.48,0.54,-0.13
0.44,0.54,-0.06
0.37,0.52,0.0
0.24,0.52,0.03
0.06,0.52,0.02
0.06,0.52,0.03
0.06,0.52,0.04
0.06,0.52,0.05
0.07,0.52,0.07
0.07,0.52,0.09
0.06,0.52,0.11
0.06,0.52,0.14
0.05,0.52,0.18
0.03,0.52,0.21
-0.0,0.52,0.25
-0.04,0.52,0.28
-0.08,0.52,0.3
-0.13,0.52,0.32
-0.19,0.52,0.33
-0.25,0.52,0.32
-0.3,0.52,0.3
-0.35,0.52,0.26
-0.38,0.52,0.22
-0.42,0.52,0.17
-0.44,0.52,0.12
-0.45,0.52,0.06
-0.44,0.52,-0.0
-0.42,0.52,-0.06
-0.38,0.52,-0.1
-0.32,0.52,-0.13
-0.27,0.52,-0.16
-0.23,0.52,-0.17
-0.18,0.52,-0.18
-0.13,0.52,-0.18
-0.09,0.52,-0.16
-0.06,0.52,-0.15
-0.03,0.52,-0.13
-0.03,0.52,-0.24
0.0,0.52,-0.31
0.05,0.52,-0.36
0.11,0.52,-0.41
0.19,0.52,-0.44
0.26,0.52,-0.45
0.33,0.52,-0.43
0.4,0.52,-0.39
0.45,0.52,-0.34
0.48,0.52,-0.27
0.48,0.52,-0.2
0.47,0.52,-0.12
0.43,0.52,-0.05
0.36,0.5,-0.0
0.24,0.5,0.03
0.05,0.5,0.01
0.05,0.5,0.02
0.05,0.5,0.03
0.06,0.5,0.04
0.06,0.5,0.06
0.06,0.5,0.08
0.06,0.5,0.1
0.05,0.5,0.13
0.04,0.5,0.17
0.03,0.5,0.2
-0.0,0.5,0.24
-0.04,0.5,0.28
-0.08,0.5,0.3
-0.13,0.5,0.32
-0.19,0.5,0.33
-0.25,0.5,0.32
-0.3,0.5,0.3
-0.35,0.5,0.27
-0.39,0.5,0.23
-0.43,0.5,0.18
-0.45,0.5,0.12
-0.47,0.5,0.06
-0.46,0.5,-0.0
-0.44,0.5,-0.06
-0.4,0.5,-0.11
-0.34,0.5,-0.14
-0.27,0.5,-0.16
-0.22,0.5,-0.17
-0.17,0.5,-0.17
-0.13,0.5,-0.16
-0.09,0.5,-0.15
-0.06,0.5,-0.13
-0.03,0.5,-0.12
-0.01,0.5,-0.1
0.0,0.5,-0.28
0.05,0.5,-0.35
0.11,0.5,-0.41
0.19,0.5,-0.45
0.26,0.5,-0.45
0.34,0.5,-0.43
0.4,0.5,-0.4
0.45,0.5,-0.34
0.48,0.5,-0.27
0.48,0.5,-0.2
0.47,0.5,-0.12
0.43,0.5,-0.05
0.36,0.48,0.0
0.04,0.48,0.01
0.05,0.48,0.01
0.05,0.48,0.02
0.05,0.48,0.03
0.05,0.48,0.04
0.06,0.48,0.06
0.06,0.48,0.08
0.06,0.48,0.1
0.05,0.48,0.13
0.04,0.48,0.16
0.03,0.48,0.2
-0.0,0.48,0.24
-0.04,0.48,0.27
-0.08,0.48,0.3
-0.13,0.48,0.32
-0.19,0.48,0.33
-0.25,0.48,0.32
-0.3,0.48,0.3
-0.35,0.48,0.27
-0.4,0.48,0.23
-0.43,0.48,0.18
-0.46,0.48,0.12
-0.48,0.48,0.06
-0.48,0.48,-0.0
-0.46,0.48,-0.06
-0.42,0.48,-0.11
-0.36,0.48,-0.15
-0.29,0.48,-0.17
-0.21,0.48,-0.16
-0.16,0.48,-0.16
-0.12,0.48,-0.16
-0.08,0.48,-0.14
-0.05,0.48,-0.13
-0.03,0.48,-0.11
-0.01,0.48,-0.09
0.0,0.48,-0.08
0.05,0.48,-0.35
0.11,0.48,-0.41
0.19,0.48,-0.45
0.26,0.48,-0.45
0.34,0.48,-0.44
0.4,0.48,-0.4
0.45,0.48,-0.34
0.48,0.48,-0.28
0.49,0.48,-0.2
0.47,0.48,-0.12
0.43,0.48,-0.05
0.36,0.46,0.0
0.04,0.46,0.01
0.05,0.46,0.01
0.05,0.46,0.02
0.05,0.46,0.03
0.06,0.46,0.04
0.06,0.46,0.06
0.06,0.46,0.08
0.06,0.46,0.1
0.05,0.46,0.13
0.04,0.46,0.17
0.03,0.46,0.2
-0.0,0.46,0.24
-0.04,0.46,0.28
-0.08,0.46,0.31
-0.13,0.46,0.32
-0.19,0.46,0.33
-0.25,0.46,0.32
-0.3,0.46,0.3
-0.35,0.46,0.27
-0.4,0.46,0.23
-0.44,0.46,0.18
-0.47,0.46,0.12
-0.49,0.46,0.06
-0.49,0.46,-0.0
-0.48,0.46,-0.06
-0.44,0.46,-0.12
-0.38,0.46,-0.16
-0.3,0.46,-0.18
-0.23,0.46,-0.18
-0.16,0.46,-0.16
-0.12,0.46,-0.15
-0.08,0.46,-0.14
-0.05,0.46,-0.12
-0.03,0.46,-0.11
-0.01,0.46,-0.09
0.0,0.46,-0.08
0.05,0.46,-0.34
0.11,0.46,-0.41
0.19,0.46,-0.45
0.27,0.46,-0.46
0.34,0.46,-0.44
0.41,0.46,-0.4
0.46,0.46,-0.35
0.49,0.46,-0.28
0.49,0.46,-0.2
0.47,0.46,-0.12
0.43,0.46,-0.05
0.35,0.44,-0.0
0.04,0.44,0.01
0.04,0.44,0.01
0.05,0.44,0.02
0.05,0.44,0.03
0.05,0.44,0.04
0.05,0.44,0.05
0.05,0.44,0.07
0.05,0.44,0.09
0.05,0.44,0.12
0.04,0.44,0.16
0.03,0.44,0.2
-0.0,0.44,0.24
-0.04,0.44,0.27
-0.08,0.44,0.3
-0.13,0.44,0.32
-0.19,0.44,0.33
-0.25,0.44,0.32
-0.3,0.44,0.3
-0.35,0.44,0.27
-0.4,0.44,0.23
-0.44,0.44,0.18
-0.48,0.44,0.13
-0.5,0.44,0.06
-0.51,0.44,-0.0
-0.49,0.44,-0.07
-0.46,0.44,-0.12
-0.4,0.44,-0.17
-0.32,0.44,-0.19
-0.24,0.44,-0.18
-0.17,0.44,-0.17
-0.11,0.44,-0.14
-0.07,0.44,-0.13
-0.05,0.44,-0.11
-0.02,0.44,-0.09
-0.01,0.44,-0.08
0.0,0.44,-0.07
0.05,0.44,-0.34
0.11,0.44,-0.42
0.19,0.44,-0.45
0.27,0.44,-0.46
0.34,0.44,-0.44
0.41,0.44,-0.41
0.46,0.44,-0.35
0.49,0.44,-0.28
0.49,0.44,-0.2
0.47,0.44,-0.12
0.43,0.44,-0.05
0.35,0.42,-0.0
0.03,0.42,0.0
0.04,0.42,0.01
0.04,0.42,0.02
0.04,0.42,0.02
0.04,0.42,0.03
0.04,0.42,0.05
0.05,0.42,0.06
0.05,0.42,0.08
0.05,0.42,0.11
0.04,0.42,0.15
0.03,0.42,0.19
-0.0,0.42,0.23
-0.04,0.42,0.27
-0.08,0.42,0.3
-0.13,0.42,0.32
-0.19,0.42,0.33
-0.25,0.42,0.32
-0.3,0.42,0.3
-0.35,0.42,0.27
-0.4,0.42,0.23
-0.45,0.42,0.18
-0.49,0.42,0.13
-0.51,0.42,0.07
-0.52,0.42,-0.0
-0.51,0.42,-0.07
-0.48,0.42,-0.13
-0.42,0.42,-0.17
-0.34,0.42,-0.2
-0.25,0.42,-0.19
-0.17,0.42,-0.17
-0.11,0.42,-0.14
-0.07,0.42,-0.12
-0.04,0.42,-0.1
-0.02,0.42,-0.08
-0.01,0.42,-0.07
0.0,0.42,-0.06
0.05,0.42,-0.34
0.11,0.42,-0.42
0.19,0.42,-0.46
0.27,0.42,-0.46
0.35,0.42,-0.45
0.41,0.42,-0.41
0.46,0.42,-0.35
0.49,0.42,-0.28
0.49,0.42,-0.2
0.47,0.42,-0.12
0.43,0.42,-0.05
0.34,0.4,0.0
0.03,0.4,0.0
0.03,0.4,0.01
0.03,0.4,0.01
0.03,0.4,0.02
0.04,0.4,0.03
0.04,0.4,0.04
0.04,0.4,0.05
0.04,0.4,0.08
0.04,0.4,0.11
0.04,0.4,0.14
0.02,0.4,0.18
-0.0,0.4,0.23
-0.04,0.4,0.26
-0.08,0.4,0.29
-0.13,0.4,0.31
-0.19,0.4,0.32
-0.24,0.4,0.32
-0.3,0.4,0.3
-0.35,0.4,0.27
-0.4,0.4,0.23
-0.45,0.4,0.19
-0.49,0.4,0.13
-0.52,0.4,0.07
-0.54,0.4,-0.0
-0.53,0.4,-0.07
-0.49,0.4,-0.13
-0.43,0.4,-0.18
-0.35,0.4,-0.2
-0.26,0.4,-0.2
-0.18,0.4,-0.18
-0.11,0.4,-0.15
-0.07,0.4,-0.11
-0.04,0.4,-0.09
-0.02,0.4,-0.07
-0.01,0.4,-0.06
0.0,0.4,-0.05
0.05,0.4,-0.35
0.11,0.4,-0.42
0.19,0.4,-0.46
0.27,0.4,-0.47
0.35,0.4,-0.45
0.41,0.4,-0.41
0.46,0.4,-0.35
0.49,0.4,-0.28
0.49,0.4,-0.2
0.47,0.4,-0.12
0.42,0.4,-0.05
0.34,0.39,-0.0
0.02,0.39,0.0
0.02,0.39,0.01
0.02,0.39,0.01
0.03,0.39,0.02
0.03,0.39,0.02
0.03,0.39,0.03
0.03,0.39,0.04
0.04,0.39,0.07
0.04,0.39,0.09
0.03,0.39,0.13
0.02,0.39,0.17
-0.0,0.39,0.22
-0.03,0.39,0.26
-0.08,0.39,0.29
-0.13,0.39,0.31
-0.18,0.39,0.32
-0.24,0.39,0.31
-0.3,0.39,0.29
-0.35,0.39,0.27
-0.41,0.39,0.23
-0.46,0.39,0.19
-0.5,0.39,0.13
-0.54,0.39,0.07
-0.55,0.39,-0.0
-0.55,0.39,-0.07
-0.51,0.39,-0.14
-0.45,0.39,-0.19
-0.37,0.39,-0.21
-0.27,0.39,-0.21
-0.18,0.39,-0.19
-0.11,0.39,-0.15
-0.06,0.39,-0.11
-0.03,0.39,-0.08
-0.02,0.39,-0.06
-0.01,0.39,-0.05
0.0,0.39,-0.04
0.05,0.39,-0.35
0.12,0.39,-0.42
0.19,0.39,-0.46
0.27,0.39,-0.47
0.35,0.39,-0.45
0.41,0.39,-0.41
0.46,0.39,-0.35
0.49,0.39,-0.28
0.49,0.39,-0.2
0.47,0.39,-0.12
0.42,0.39,-0.05
0.33,0.37,-0.0
0.01,0.37,0.0
0.01,0.37,0.0
0.02,0.37,0.01
0.02,0.37,0.01
0.02,0.37,0.01
0.02,0.37,0.02
0.02,0.37,0.03
0.03,0.37,0.05
0.03,0.37,0.07
0.03,0.37,0.11
0.02,0.37,0.16
-0.0,0.37,0.2
-0.03,0.37,0.24
-0.07,0.37,0.28
-0.12,0.37,0.3
-0.18,0.37,0.31
-0.23,0.37,0.3
-0.29,0.37,0.29
-0.35,0.37,0.27
-0.41,0.37,0.23
-0.46,0.37,0.19
-0.51,0.37,0.14
-0.55,0.37,0.07
-0.57,0.37,-0.0
-0.56,0.37,-0.08
-0.53,0.37,-0.14
-0.47,0.37,-0.2
-0.38,0.37,-0.22
-0.29,0.37,-0.22
-0.19,0.37,-0.19
-0.11,0.37,-0.14
-0.06,0.37,-0.1
-0.03,0.37,-0.06
-0.01,0.37,-0.04
-0.0,0.37,-0.03
0.0,0.37,-0.02
0.05,0.37,-0.35
0.12,0.37,-0.43
0.19,0.37,-0.46
0.27,0.37,-0.47
0.35,0.37,-0.45
0.41,0.37,-0.41
0.46,0.37,-0.35
0.49,0.37,-0.28
0.49,0.37,-0.2
0.47,0.37,-0.12
0.42,0.37,-0.05
0.32,0.35,0.0
0.0,0.35,0.0
0.0,0.35,0.0
0.0,0.35,0.0
0.0,0.35,0.0
0.0,0.35,0.0
0.0,0.35,0.0
0.0,0.35,0.01
0.01,0.35,0.01
0.01,0.35,0.04
0.02,0.35,0.08
0.02,0.35,0.13
-0.0,0.35,0.18
-0.03,0.35,0.23
-0.07,0.35,0.26
-0.12,0.35,0.29
-0.17,0.35,0.3
-0.23,0.35,0.3
-0.29,0.35,0.29
-0.35,0.35,0.27
-0.41,0.35,0.23
-0.46,0.35,0.19
-0.52,0.35,0.14
-0.56,0.35,0.07
-0.58,0.35,-0.0
-0.58,0.35,-0.08
-0.55,0.35,-0.15
-0.49,0.35,-0.2
-0.4,0.35,-0.23
-0.3,0.35,-0.23
-0.19,0.35,-0.19
-0.11,0.35,-0.14
-0.04,0.35,-0.07
-0.01,0.35,-0.02
-0.0,0.35,-0.01
-0.0,0.35,-0.01
0.0,0.35,-0.0
0.05,0.35,-0.35
0.12,0.35,-0.43
0.19,0.35,-0.47
0.28,0.35,-0.47
0.35,0.35,-0.45
0.42,0.35,-0.41
0.46,0.35,-0.35
0.49,0.35,-0.28
0.49,0.35,-0.2
0.47,0.35,-0.12
0.42,0.35,-0.05
0.32,0.33,0.0
-0.01,0.33,-0.0
-0.01,0.33,-0.0
-0.01,0.33,-0.0
-0.01,0.33,-0.01
-0.01,0.33,-0.01
-0.02,0.33,-0.02
-0.02,0.33,-0.03
-2.5,0.33,-4.33
-1.91,0.33,-4.62
-1.29,0.33,-4.83
-0.65,0.33,-4.96
-0.0,0.33,0.15
-0.03,0.33,0.2
-0.07,0.33,0.24
-0.11,0.33,0.27
-0.17,0.33,0.29
-0.22,0.33,0.29
-0.28,0.33,0.28
-0.35,0.33,0.26
-0.41,0.33,0.23
-0.47,0.33,0.19
-0.52,0.33,0.14
-0.57,0.33,0.07
-0.59,0.33,-0.0
-0.6,0.33,-0.08
-0.57,0.33,-0.15
-0.51,0.33,-0.21
-0.42,0.33,-0.24
-0.31,0.33,-0.24
-0.2,0.33,-0.2
-0.1,0.33,-0.13
2.49,0.33,4.34
1.9,0.33,4.63
1.28,0.33,4.83
0.01,0.33,0.06
-0.0,0.33,0.03
0.05,0.33,-0.35
0.12,0.33,-0.43
0.2,0.33,-0.47
0.28,0.33,-0.48
0.35,0.33,-0.46
0.42,0.33,-0.41
0.47,0.33,-0.35
0.49,0.33,-0.28
0.49,0.33,-0.2
0.47,0.33,-0.12
0.41,0.33,-0.05
0.31,0.31,0.0
-0.02,0.31,-0.0
-0.02,0.31,-0.01
-0.02,0.31,-0.01
-0.03,0.31,-0.02
-0.03,0.31,-0.02
-0.04,0.31,-0.04
-3.04,0.31,-3.97
-2.5,0.31,-4.33
-1.91,0.31,-4.62
-1.29,0.31,-4.83
-0.65,0.31,-4.96
0.01,0.31,-5.0
-0.02,0.31,0.17
-0.06,0.31,0.22
-0.11,0.31,0.25
-0.16,0.31,0.27
-0.22,0.31,0.28
-0.28,0.31,0.28
-0.34,0.31,0.26
-0.41,0.31,0.23
-0.47,0.31,0.19
-0.53,0.31,0.14
-0.58,0.31,0.07
-0.61,0.31,-0.0
-0.61,0.31,-0.08
-0.58,0.31,-0.16
-0.52,0.31,-0.22
-0.43,0.31,-0.25
-0.32,0.31,-0.25
-0.2,0.31,-0.2
3.03,0.31,3.98
2.49,0.31,4.34
1.9,0.31,4.63
1.28,0.31,4.83
0.64,0.31,4.96
-0.02,0.31,5.0
0.05,0.31,-0.36
0.12,0.31,-0.43
0.2,0.31,-0.47
0.28,0.31,-0.48
0.35,0.31,-0.46
0.42,0.31,-0.42
0.47,0.31,-0.35
0.49,0.31,-0.28
0.49,0.31,-0.2
0.47,0.31,-0.12
0.41,0.31,-0.05
0.29,0.29,-0.0
-0.03,0.29,-0.0
-0.04,0.29,-0.01
-0.04,0.29,-0.02
-0.04,0.29,-0.02
-0.05,0.29,-0.04
-0.06,0.29,-0.06
-3.04,0.29,-3.97
-2.5,0.29,-4.33
-1.91,0.29,-4.62
-1.29,0.29,-4.83
-0.65,0.29,-4.96
0.01,0.29,-5.0
0.02,0.29,-0.18
-0.05,0.29,0.18
-0.09,0.29,0.23
-0.15,0.29,0.26
-0.21,0.29,0.27
-0.27,0.29,0.27
-0.34,0.29,0.26
-0.4,0.29,0.23
-0.47,0.29,0.19
-0.53,0.29,0.14
-0.58,0.29,0.08
-0.62,0.29,-0.0
-0.62,0.29,-0.08
-0.6,0.29,-0.16
-0.54,0.29,-0.22
-0.45,0.29,-0.26
-0.33,0.29,-0.26
-0.2,0.29,-0.2
3.03,0.29,3.98
2.49,0.29,4.34
1.9,0.29,4.63
1.28,0.29,4.83
0.64,0.29,4.96
-0.02,0.29,5.0
0.05,0.29,-0.36
0.12,0.29,-0.44
0.2,0.29,-0.47
0.28,0.29,-0.48
0.36,0.29,-0.46
0.42,0.29,-0.42
0.47,0.29,-0.36
0.49,0.29,-0.28
0.49,0.29,-0.2
0.47,0.29,-0.12
0.41,0.29,-0.05
0.27,0.27,-0.0
-0.05,0.27,-0.01
-0.05,0.27,-0.01
-0.05,0.27,-0.02
-0.06,0.27,-0.03
-0.06,0.27,-0.05
-0.08,0.27,-0.08
-3.04,0.27,-3.97
-2.5,0.27,-4.33
-1.91,0.27,-4.62
-1.29,0.27,-4.83
-0.65,0.27,-4.96
0.01,0.27,-5.0
0.02,0.27,-0.18
0.04,0.27,-0.14
-0.08,0.27,0.19
-0.14,0.27,0.23
-0.2,0.27,0.26
-0.26,0.27,0.26
-0.33,0.27,0.25
-0.4,0.27,0.23
-0.47,0.27,0.19
-0.54,0.27,0.14
-0.59,0.27,0.08
-0.63,0.27,-0.0
-0.63,0.27,-0.08
-0.61,0.27,-0.16
-0.55,0.27,-0.23
-0.46,0.27,-0.27
-0.34,0.27,-0.26
-0.2,0.27,-0.2
3.03,0.27,3.98
2.49,0.27,4.34
1.9,0.27,4.63
1.28,0.27,4.83
0.64,0.27,4.96
-0.02,0.27,5.0
0.05,0.27,-0.36
0.12,0.27,-0.44
0.2,0.27,-0.48
0.28,0.27,-0.48
0.36,0.27,-0.46
0.42,0.27,-0.42
0.47,0.27,-0.36
0.49,0.27,-0.28
0.49,0.27,-0.2
0.47,0.27,-0.12
0.41,0.27,-0.05
-0.06,0.25,-0.0
-0.06,0.25,-0.01
-0.06,0.25,-0.02
-0.06,0.25,-0.03
-0.07,0.25,-0.04
-0.08,0.25,-0.06
-0.11,0.25,-0.11
-3.04,0.25,-3.97
-2.5,0.25,-4.33
-1.91,0.25,-4.62
-1.29,0.25,-4.83
-0.65,0.25,-4.96
0.01,0.25,-5.0
0.02,0.25,-0.19
0.04,0.25,-0.14
0.05,0.25,-0.12
-0.12,0.25,0.2
-0.18,0.25,0.24
-0.25,0.25,0.25
-0.32,0.25,0.25
-0.4,0.25,0.23
-0.47,0.25,0.19
-0.54,0.25,0.14
-0.6,0.25,0.08
-0.64,0.25,-0.0
-0.64,0.25,-0.09
-0.61,0.25,-0.17
-0.56,0.25,-0.23
-0.47,0.25,-0.27
-0.35,0.25,-0.27
-0.2,0.25,-0.2
3.03,0.25,3.98
2.49,0.25,4.34
1.9,0.25,4.63
1.28,0.25,4.83
0.64,0.25,4.96
-0.02,0.25,5.0
0.05,0.25,-0.36
0.12,0.25,-0.44
0.2,0.25,-0.48
0.28,0.25,-0.48
0.36,0.25,-0.46
0.42,0.25,-0.42
0.47,0.25,-0.36
0.49,0.25,-0.28
0.49,0.25,-0.2
0.47,0.25,-0.12
0.4,0.25,-0.05
-0.07,0.23,-0.0
-0.07,0.23,-0.01
-0.07,0.23,-0.02
-0.08,0.23,-0.03
-0.08,0.23,-0.05
-0.1,0.23,-0.07
-0.14,0.23,-0.14
-3.04,0.23,-3.97
-2.5,0.23,-4.33
-1.91,0.23,-4.62
-1.29,0.23,-4.83
-0.65,0.23,-4.96
0.01,0.23,-5.0
0.03,0.23,-0.19
0.04,0.23,-0.15
0.05,0.23,-0.12
0.06,0.23,-0.11
-0.17,0.23,0.21
-0.24,0.23,0.24
-0.32,0.23,0.24
-0.39,0.23,0.23
-0.47,0.23,0.19
-0.54,0.23,0.14
-0.61,0.23,0.08
-0.64,0.23,-0.0
-0.65,0.23,-0.09
-0.62,0.23,-0.17
-0.56,0.23,-0.24
-0.48,0.23,-0.28
-0.36,0.23,-0.28
-0.18,0.23,-0.19
3.03,0.23,3.98
2.49,0.23,4.34
1.9,0.23,4.63
1.28,0.23,4.83
0.64,0.23,4.96
-0.02,0.23,5.0
0.05,0.23,-0.36
0.12,0.23,-0.44
0.2,0.23,-0.48
0.28,0.23,-0.49
0.36,0.23,-0.47
0.42,0.23,-0.42
0.47,0.23,-0.36
0.5,0.23,-0.28
0.49,0.23,-0.2
0.46,0.23,-0.12
0.4,0.23,-0.05
-0.08,0.21,-0.0
-0.09,0.21,-0.01
-0.09,0.21,-0.02
-0.09,0.21,-0.04
-0.1,0.21,-0.06
-0.11,0.21,-0.09
-3.53,0.21,-3.54
-3.04,0.21,-3.97
-2.5,0.21,-4.33
-1.91,0.21,-4.62
-1.29,0.21,-4.83
-0.65,0.21,-4.96
0.01,0.21,-5.0
0.03,0.21,-0.19
0.04,0.21,-0.15
0.05,0.21,-0.12
0.06,0.21,-0.11
-0.13,0.21,0.16
-0.22,0.21,0.22
-0.3,0.21,0.23
-0.39,0.21,0.22
-0.47,0.21,0.19
-0.55,0.21,0.15
-0.61,0.21,0.08
-0.65,0.21,-0.0
-0.65,0.21,-0.09
-0.62,0.21,-0.17
-0.57,0.21,-0.24
-0.48,0.21,-0.28
-0.37,0.21,-0.29
3.52,0.21,3.55
3.03,0.21,3.98
2.49,0.21,4.34
1.9,0.21,4.63
1.28,0.21,4.83
0.64,0.21,4.96
-0.02,0.21,5.0
0.05,0.21,-0.37
0.12,0.21,-0.45
0.2,0.21,-0.48
0.28,0.21,-0.49
0.36,0.21,-0.47
0.43,0.21,-0.42
0.47,0.21,-0.36
0.5,0.21,-0.28
0.49,0.21,-0.2
0.46,0.21,-0.12
0.4,0.21,-0.05
-0.1,0.19,-0.0
-0.1,0.19,-0.01
-0.1,0.19,-0.03
-0.11,0.19,-0.04
-0.11,0.19,-0.07
-0.13,0.19,-0.1
-3.53,0.19,-3.54
-3.04,0.19,-3.97
-2.5,0.19,-4.33
-1.91,0.19,-4.62
-1.29,0.19,-4.83
-0.65,0.19,-4.96
0.01,0.19,-5.0
0.03,0.19,-0.19
0.04,0.19,-0.15
0.05,0.19,-0.13
0.06,0.19,-0.11
0.07,0.19,-0.1
-0.2,0.19,0.2
-0.29,0.19,0.22
-0.38,0.19,0.22
-0.47,0.19,0.19
-0.55,0.19,0.15
-0.61,0.19,0.08
-0.65,0.19,-0.0
-0.65,0.19,-0.09
-0.63,0.19,-0.17
-0.57,0.19,-0.24
-0.49,0.19,-0.28
-0.38,0.19,-0.29
3.52,0.19,3.55
3.03,0.19,3.98
2.49,0.19,4.34
1.9,0.19,4.63
1.28,0.19,4.83
0.64,0.19,4.96
-0.02,0.19,5.0
0.05,0.19,-0.37
0.12,0.19,-0.45
0.2,0.19,-0.49
0.29,0.19,-0.49
0.36,0.19,-0.47
0.43,0.19,-0.42
0.47,0.19,-0.36
0.5,0.19,-0.28
0.49,0.19,-0.2
0.46,0.19,-0.12
0.39,0.19,-0.05
-0.11,0.17,-0.0
-0.11,0.17,-0.01
-0.12,0.17,-0.03
-0.12,0.17,-0.05
-0.13,0.17,-0.07
-0.15,0.17,-0.11
-3.53,0.17,-3.54
-3.04,0.17,-3.97
-2.5,0.17,-4.33
-1.91,0.17,-4.62
-1.29,0.17,-4.83
-0.65,0.17,-4.96
0.01,0.17,-5.0
0.03,0.17,-0.2
0.04,0.17,-0.15
0.05,0.17,-0.13
0.06,0.17,-0.11
0.08,0.17,-0.1
0.09,0.17,-0.09
-0.27,0.17,0.21
-0.37,0.17,0.21
-0.46,0.17,0.19
-0.55,0.17,0.15
-0.62,0.17,0.08
-0.65,0.17,-0.0
-0.66,0.17,-0.09
-0.63,0.17,-0.17
-0.57,0.17,-0.24
-0.49,0.17,-0.28
-0.38,0.17,-0.29
3.52,0.17,3.55
3.03,0.17,3.98
2.49,0.17,4.34
1.9,0.17,4.63
1.28,0.17,4.83
0.64,0.17,4.96
-0.02,0.17,5.0
0.05,0.17,-0.37
0.12,0.17,-0.45
0.2,0.17,-0.49
0.29,0.17,-0.49
0.36,0.17,-0.47
0.43,0.17,-0.42
0.47,0.17,-0.36
0.5,0.17,-0.28
0.49,0.17,-0.2
0.46,0.17,-0.12
0.39,0.17,-0.05
-0.13,0.15,-0.0
-0.13,0.15,-0.02
-0.13,0.15,-0.03
-0.13,0.15,-0.06
-0.14,0.15,-0.08
-0.16,0.15,-0.13
-3.53,0.15,-3.54
-3.04,0.15,-3.97
-2.5,0.15,-4.33
-1.91,0.15,-4.62
-1.29,0.15,-4.83
-0.65,0.15,-4.96
0.01,0.15,-5.0
0.03,0.15,-0.2
0.04,0.15,-0.15
0.05,0.15,-0.13
0.07,0.15,-0.11
0.08,0.15,-0.1
0.09,0.15,-0.09
-0.24,0.15,0.18
-0.36,0.15,0.2
-0.46,0.15,0.19
-0.55,0.15,0.15
-0.62,0.15,0.08
-0.65,0.15,-0.0
-0.65,0.15,-0.09
-0.63,0.15,-0.17
-0.57,0.15,-0.24
-0.49,0.15,-0.28
-0.38,0.15,-0.29
3.52,0.15,3.55
3.03,0.15,3.98
2.49,0.15,4.34
1.9,0.15,4.63
1.28,0.15,4.83
0.64,0.15,4.96
-0.02,0.15,5.0
0.05,0.15,-0.37
0.12,0.15,-0.45
0.2,0.15,-0.49
0.29,0.15,-0.49
0.36,0.15,-0.47
0.43,0.15,-0.42
0.47,0.15,-0.36
0.5,0.15,-0.28
0.49,0.15,-0.2
0.46,0.15,-0.12
0.38,0.15,-0.05
-0.14,0.13,0.0
-0.14,0.13,-0.02
-0.14,0.13,-0.04
-0.15,0.13,-0.06
-0.16,0.13,-0.09
-0.18,0.13,-0.14
-3.53,0.13,-3.54
-3.04,0.13,-3.97
-2.5,0.13,-4.33
-1.91,0.13,-4.62
-1.29,0.13,-4.83
-0.65,0.13,-4.96
0.01,0.13,-5.0
0.03,0.13,-0.2
0.04,0.13,-0.16
0.06,0.13,-0.13
0.07,0.13,-0.11
0.08,0.13,-0.1
0.09,0.13,-0.09
0.1,0.13,-0.08
-0.34,0.13,0.19
-0.45,0.13,0.18
-0.55,0.13,0.14
-0.61,0.13,0.08
-0.65,0.13,-0.0
-0.65,0.13,-0.09
-0.63,0.13,-0.17
-0.57,0.13,-0.24
-0.49,0.13,-0.28
-0.37,0.13,-0.29
3.52,0.13,3.55
3.03,0.13,3.98
2.49,0.13,4.34
1.9,0.13,4.63
1.28,0.13,4.83
0.64,0.13,4.96
-0.02,0.13,5.0
0.05,0.13,-0.37
0.12,0.13,-0.45
0.2,0.13,-0.49
0.29,0.13,-0.49
0.36,0.13,-0.47
0.43,0.13,-0.42
0.47,0.13,-0.36
0.5,0.13,-0.28
0.49,0.13,-0.2
0.46,0.13,-0.12
0.38,0.13,-0.05
-0.16,0.12,-0.0
-0.16,0.12,-0.02
-0.16,0.12,-0.04
-0.16,0.12,-0.07
-0.17,0.12,-0.1
-0.2,0.12,-0.15
-3.53,0.12,-3.54
-3.04,0.12,-3.97
-2.5,0.12,-4.33
-1.91,0.12,-4.62
-1.29,0.12,-4.83
-0.65,0.12,-4.96
0.01,0.12,-5.0
0.03,0.12,-0.21
0.04,0.12,-0.16
0.06,0.12,-0.14
0.07,0.12,-0.12
0.08,0.12,-0.1
0.09,0.12,-0.09
0.1,0.12,-0.08
-0.31,0.12,0.18
-0.44,0.12,0.18
-0.54,0.12,0.14
-0.61,0.12,0.08
-0.65,0.12,-0.0
-0.65,0.12,-0.09
-0.62,0.12,-0.17
-0.57,0.12,-0.24
-0.48,0.12,-0.28
-0.37,0.12,-0.28
3.52,0.12,3.55
3.03,0.12,3.98
2.49,0.12,4.34
1.9,0.12,4.63
1.28,0.12,4.83
0.64,0.12,4.96
-0.02,0.12,5.0
0.05,0.12,-0.36
0.12,0.12,-0.44
0.2,0.12,-0.48
0.28,0.12,-0.49
0.36,0.12,-0.47
0.42,0.12,-0.42
0.47,0.12,-0.36
0.49,0.12,-0.28
0.49,0.12,-0.2
0.45,0.12,-0.12
0.37,0.12,-0.05
-0.17,0.1,-0.0
-0.17,0.1,-0.02
-0.17,0.1,-0.05
-0.18,0.1,-0.07
-0.19,0.1,-0.11
-0.22,0.1,-0.17
-3.53,0.1,-3.54
-3.04,0.1,-3.97
-2.5,0.1,-4.33
-1.91,0.1,-4.62
-1.29,0.1,-4.83
-0.65,0.1,-4.96
0.01,0.1,-5.0
0.03,0.1,-0.23
0.05,0.1,-0.17
0.06,0.1,-0.14
0.07,0.1,-0.12
0.08,0.1,-0.11
0.09,0.1,-0.09
0.11,0.1,-0.08
0.12,0.1,-0.07
-0.42,0.1,0.17
-0.53,0.1,0.14
-0.6,0.1,0.08
-0.64,0.1,-0.0
-0.64,0.1,-0.09
-0.62,0.1,-0.17
-0.56,0.1,-0.23
-0.48,0.1,-0.28
-0.36,0.1,-0.28
3.52,0.1,3.55
3.03,0.1,3.98
2.49,0.1,4.34
1.9,0.1,4.63
1.28,0.1,4.83
0.64,0.1,4.96
-0.02,0.1,5.0
0.05,0.1,-0.34
0.12,0.1,-0.44
0.2,0.1,-0.48
0.28,0.1,-0.48
0.36,0.1,-0.46
0.42,0.1,-0.42
0.47,0.1,-0.35
0.49,0.1,-0.28
0.48,0.1,-0.2
0.44,0.1,-0.12
0.36,0.1,-0.05
-0.19,0.08,-0.0
-0.18,0.08,-0.02
-0.19,0.08,-0.05
-0.19,0.08,-0.08
-0.2,0.08,-0.12
-0.23,0.08,-0.18
-3.53,0.08,-3.54
-3.04,0.08,-3.97
-2.5,0.08,-4.33
-1.91,0.08,-4.62
-1.29,0.08,-4.83
-0.65,0.08,-4.96
0.01,0.08,-5.0
0.66,0.08,-4.96
0.05,0.08,-0.18
0.06,0.08,-0.15
0.07,0.08,-0.13
0.09,0.08,-0.11
0.1,0.08,-0.1
0.11,0.08,-0.09
0.13,0.08,-0.07
-0.41,0.08,0.17
-0.52,0.08,0.14
-0.6,0.08,0.08
-0.63,0.08,-0.0
-0.64,0.08,-0.09
-0.61,0.08,-0.17
-0.55,0.08,-0.23
-0.47,0.08,-0.27
-0.34,0.08,-0.26
3.52,0.08,3.55
3.03,0.08,3.98
2.49,0.08,4.34
1.9,0.08,4.63
1.28,0.08,4.83
0.64,0.08,4.96
-0.02,0.08,5.0
0.04,0.08,-0.31
0.12,0.08,-0.43
0.2,0.08,-0.47
0.28,0.08,-0.48
0.35,0.08,-0.46
0.42,0.08,-0.41
0.46,0.08,-0.35
0.48,0.08,-0.27
0.47,0.08,-0.19
0.43,0.08,-0.11
0.33,0.08,-0.04
-0.21,0.06,0.0
-0.2,0.06,-0.03
-0.2,0.06,-0.05
-0.21,0.06,-0.09
-0.22,0.06,-0.13
-0.28,0.06,-0.21
-3.53,0.06,-3.54
-3.04,0.06,-3.97
-2.5,0.06,-4.33
-1.91,0.06,-4.62
-1.29,0.06,-4.83
-0.65,0.06,-4.96
0.01,0.06,-5.0
0.66,0.06,-4.96
0.05,0.06,-0.19
0.07,0.06,-0.16
0.08,0.06,-0.14
0.09,0.06,-0.12
0.1,0.06,-0.1
0.12,0.06,-0.09
0.14,0.06,-0.08
-0.37,0.06,0.15
-0.51,0.06,0.14
-0.59,0.06,0.08
-0.62,0.06,-0.0
-0.63,0.06,-0.08
-0.6,0.06,-0.16
-0.54,0.06,-0.23
-0.46,0.06,-0.26
3.96,0.06,3.06
3.52,0.06,3.55
3.03,0.06,3.98
2.49,0.06,4.34
1.9,0.06,4.63
1.28,0.06,4.83
0.64,0.06,4.96
-0.02,0.06,5.0
-0.67,0.06,4.95
0.11,0.06,-0.41
0.19,0.06,-0.46
0.27,0.06,-0.47
0.35,0.06,-0.45
0.41,0.06,-0.41
0.45,0.06,-0.34
0.47,0.06,-0.27
0.46,0.06,-0.19
0.42,0.06,-0.11
-0.21,0.06,0.03
-0.22,0.04,0.0
-0.22,0.04,-0.03
-0.22,0.04,-0.06
-0.22,0.04,-0.09
-0.24,0.04,-0.14
-3.97,0.04,-3.05
-3.53,0.04,-3.54
-3.04,0.04,-3.97
-2.5,0.04,-4.33
-1.91,0.04,-4.62
-1.29,0.04,-4.83
-0.65,0.04,-4.96
0.01,0.04,-5.0
0.66,0.04,-4.96
0.06,0.04,-0.21
0.07,0.04,-0.17
0.08,0.04,-0.15
0.1,0.04,-0.13
0.11,0.04,-0.11
0.13,0.04,-0.1
0.15,0.04,-0.08
0.17,0.04,-0.07
-0.49,0.04,0.13
-0.57,0.04,0.07
-0.61,0.04,-0.0
-0.62,0.04,-0.08
-0.59,0.04,-0.16
-0.53,0.04,-0.22
-0.44,0.04,-0.26
3.96,0.04,3.06
3.52,0.04,3.55
3.03,0.04,3.98
2.49,0.04,4.34
1.9,0.04,4.63
1.28,0.04,4.83
0.64,0.04,4.96
-0.02,0.04,5.0
-0.67,0.04,4.95
0.11,0.04,-0.39
0.19,0.04,-0.45
0.27,0.04,-0.46
0.34,0.04,-0.44
0.4,0.04,-0.4
0.44,0.04,-0.34
0.46,0.04,-0.26
0.45,0.04,-0.18
0.4,0.04,-0.1
-0.23,0.04,0.03
-0.24,0.02,-0.0
-0.23,0.02,-0.03
-0.23,0.02,-0.06
-0.24,0.02,-0.1
-0.26,0.02,-0.15
-3.97,0.02,-3.05
-3.53,0.02,-3.54
-3.04,0.02,-3.97
-2.5,0.02,-4.33
-1.91,0.02,-4.62
-1.29,0.02,-4.83
-0.65,0.02,-4.96
0.01,0.02,-5.0
0.66,0.02,-4.96
0.07,0.02,-0.25
0.08,0.02,-0.19
0.09,0.02,-0.16
0.11,0.02,-0.14
0.12,0.02,-0.12
0.14,0.02,-0.11
0.16,0.02,-0.09
0.19,0.02,-0.08
-0.47,0.02,0.12
-0.56,0.02,0.07
-0.6,0.02,-0.0
-0.6,0.02,-0.08
-0.58,0.02,-0.16
-0.52,0.02,-0.22
-0.42,0.02,-0.24
3.96,0.02,3.06
3.52,0.02,3.55
3.03,0.02,3.98
2.49,0.02,4.34
1.9,0.02,4.63
1.28,0.02,4.83
0.64,0.02,4.96
-0.02,0.02,5.0
-0.67,0.02,4.95
0.1,0.02,-0.35
0.18,0.02,-0.43
0.26,0.02,-0.45
0.33,0.02,-0.43
0.39,0.02,-0.39
0.43,0.02,-0.33
0.45,0.02,-0.26
0.43,0.02,-0.18
