-4.96,1.8,-0.65
-4.83,1.8,-1.3
-4.62,1.8,-1.91
-4.33,1.8,-2.5
-3.97,1.8,-3.05
-3.53,1.8,-3.54
-3.04,1.8,-3.97
-2.5,1.8,-4.33
-1.91,1.8,-4.62
-1.29,1.8,-4.83
-0.65,1.8,-4.96
0.01,1.8,-5.0
0.66,1.8,-4.96
1.3,1.8,-4.83
1.92,1.8,-4.62
2.51,1.8,-4.33
3.05,1.8,-3.96
3.54,1.8,-3.53
3.97,1.8,-3.04
4.34,1.8,-2.49
4.62,1.8,-1.9
4.83,1.8,-1.28
4.96,1.8,-0.64
5.0,1.8,0.01
4.96,1.8,0.67
4.83,1.8,1.31
4.61,1.8,1.93
4.32,1.8,2.51
3.96,1.8,3.06
3.52,1.8,3.55
3.03,1.8,3.98
2.49,1.8,4.34
1.9,1.8,4.63
1.28,1.8,4.83
0.64,1.8,4.96
-0.02,1.8,5.0
-0.67,1.8,4.95
-1.31,1.8,4.82
-1.93,1.8,4.61
-2.52,1.8,4.32
-3.06,1.8,3.95
-3.55,1.8,3.52
-3.98,1.8,3.03
-4.34,1.8,2.48
-4.63,1.8,1.89
-4.84,1.8,1.27
-4.96,1.8,0.63
-5.0,1.78,0.0
-4.96,1.78,-0.65
-4.83,1.78,-1.3
-4.62,1.78,-1.91
-4.33,1.78,-2.5
-3.97,1.78,-3.05
-3.53,1.78,-3.54
-3.04,1.78,-3.97
-2.5,1.78,-4.33
-1.91,1.78,-4.62
-1.29,1.78,-4.83
-0.65,1.78,-4.96
0.01,1.78,-5.0
0.66,1.78,-4.96
1.3,1.78,-4.83
1.92,1.78,-4.62
2.51,1.78,-4.33
3.05,1.78,-3.96
3.54,1.78,-3.53
3.97,1.78,-3.04
4.34,1.78,-2.49
4.62,1.78,-1.9
4.83,1.78,-1.28
4.96,1.78,-0.64
5.0,1.78,0.01
4.96,1.78,0.67
4.83,1.78,1.31
4.61,1.78,1.93
4.32,1.78,2.51
3.96,1.78,3.06
3.52,1.78,3.55
3.03,1.78,3.98
2.49,1.78,4.34
1.9,1.78,4.63
1.28,1.78,4.83
0.64,1.78,4.96
-0.02,1.78,5.0
-0.67,1.78,4.95
-1.31,1.78,4.82
-1.93,1.78,4.61
-2.52,1.78,4.32
-3.06,1.78,3.95
-3.55,1.78,3.52
-3.98,1.78,3.03
-4.34,1.78,2.48
-4.63,1.78,1.89
-4.84,1.78,1.27
-4.96,1.78,0.63
-5.0,1.77,0.0
-4.96,1.77,-0.65
-4.83,1.77,-1.3
-4.62,1.77,-1.91
-4.33,1.77,-2.5
-3.97,1.77,-3.05
-3.53,1.77,-3.54
-3.04,1.77,-3.97
-2.5,1.77,-4.33
-1.91,1.77,-4.62
-1.29,1.77,-4.83
-0.65,1.77,-4.96
0.01,1.77,-5.0
0.66,1.77,-4.96
1.3,1.77,-4.83
1.92,1.77,-4.62
2.51,1.77,-4.33
3.05,1.77,-3.96
3.54,1.77,-3.53
3.97,1.77,-3.04
4.34,1.77,-2.49
4.62,1.77,-1.9
4.83,1.77,-1.28
4.96,1.77,-0.64
5.0,1.77,0.01
4.96,1.77,0.67
4.83,1.77,1.31
4.61,1.77,1.93
4.32,1.77,2.51
3.96,1.77,3.06
3.52,1.77,3.55
3.03,1.77,3.98
2.49,1.77,4.34
1.9,1.77,4.63
1.28,1.77,4.83
0.64,1.77,4.96
-0.02,1.77,5.0
-0.67,1.77,4.95
-1.31,1.77,4.82
-1.93,1.77,4.61
-2.52,1.77,4.32
-3.06,1.77,3.95
-3.55,1.77,3.52
-3.98,1.77,3.03
-4.34,1.77,2.48
-4.63,1.77,1.89
-4.84,1.77,1.27
-4.96,1.77,0.63
-5.0,1.75,0.0
-4.96,1.75,-0.65
-4.83,1.75,-1.3
-4.62,1.75,-1.91
-4.33,1.75,-2.5
-3.97,1.75,-3.05
-3.53,1.75,-3.54
-3.04,1.75,-3.97
-2.5,1.75,-4.33
-1.91,1.75,-4.62
-1.29,1.75,-4.83
-0.65,1.75,-4.96
0.01,1.75,-5.0
0.66,1.75,-4.96
1.3,1.75,-4.83
1.92,1.75,-4.62
2.51,1.75,-4.33
3.05,1.75,-3.96
3.54,1.75,-3.53
3.97,1.75,-3.04
4.34,1.75,-2.49
4.62,1.75,-1.9
4.83,1.75,-1.28
4.96,1.75,-0.64
5.0,1.75,0.01
4.96,1.75,0.67
4.83,1.75,1.31
4.61,1.75,1.93
4.32,1.75,2.51
3.96,1.75,3.06
3.52,1.75,3.55
3.03,1.75,3.98
2.49,1.75,4.34
1.9,1.75,4.63
1.28,1.75,4.83
0.64,1.75,4.96
-0.02,1.75,5.0
-0.67,1.75,4.95
-1.31,1.75,4.82
-1.93,1.75,4.61
-2.52,1.75,4.32
-3.06,1.75,3.95
-3.55,1.75,3.52
-3.98,1.75,3.03
-4.34,1.75,2.48
-4.63,1.75,1.89
-4.84,1.75,1.27
-4.96,1.75,0.63
-5.0,1.73,0.0
-4.96,1.73,-0.65
-4.83,1.73,-1.3
-4.62,1.73,-1.91
-4.33,1.73,-2.5
-3.97,1.73,-3.05
-3.53,1.73,-3.54
-3.04,1.73,-3.97
-2.5,1.73,-4.33
-1.91,1.73,-4.62
-1.29,1.73,-4.83
-0.65,1.73,-4.96
0.01,1.73,-5.0
0.66,1.73,-4.96
1.3,1.73,-4.83
1.92,1.73,-4.62
2.51,1.73,-4.33
3.05,1.73,-3.96
3.54,1.73,-3.53
3.97,1.73,-3.04
4.34,1.73,-2.49
4.62,1.73,-1.9
4.83,1.73,-1.28
4.96,1.73,-0.64
5.0,1.73,0.01
4.96,1.73,0.67
4.83,1.73,1.31
4.61,1.73,1.93
4.32,1.73,2.51
3.96,1.73,3.06
3.52,1.73,3.55
3.03,1.73,3.98
2.49,1.73,4.34
1.9,1.73,4.63
1.28,1.73,4.83
0.64,1.73,4.96
-0.02,1.73,5.0
-0.67,1.73,4.95
-1.31,1.73,4.82
-1.93,1.73,4.61
-2.52,1.73,4.32
-3.06,1.73,3.95
-3.55,1.73,3.52
-3.98,1.73,3.03
-4.34,1.73,2.48
-4.63,1.73,1.89
-4.84,1.73,1.27
-4.96,1.73,0.63
-5.0,1.71,0.0
-4.96,1.71,-0.65
-4.83,1.71,-1.3
-4.62,1.71,-1.91
-4.33,1.71,-2.5
-3.97,1.71,-3.05
-3.53,1.71,-3.54
-3.04,1.71,-3.97
-2.5,1.71,-4.33
-1.91,1.71,-4.62
-1.29,1.71,-4.83
-0.65,1.71,-4.96
0.01,1.71,-5.0
0.66,1.71,-4.96
1.3,1.71,-4.83
1.92,1.71,-4.62
2.51,1.71,-4.33
3.05,1.71,-3.96
3.54,1.71,-3.53
3.97,1.71,-3.04
4.34,1.71,-2.49
4.62,1.71,-1.9
4.83,1.71,-1.28
4.96,1.71,-0.64
5.0,1.71,0.01
4.96,1.71,0.67
4.83,1.71,1.31
4.61,1.71,1.93
4.32,1.71,2.51
3.96,1.71,3.06
3.52,1.71,3.55
3.03,1.71,3.98
2.49,1.71,4.34
1.9,1.71,4.63
1.28,1.71,4.83
0.64,1.71,4.96
-0.02,1.71,5.0
-0.67,1.71,4.95
-1.31,1.71,4.82
-1.93,1.71,4.61
-2.52,1.71,4.32
-3.06,1.71,3.95
-3.55,1.71,3.52
-3.98,1.71,3.03
-4.34,1.71,2.48
-4.63,1.71,1.89
-4.84,1.71,1.27
-4.96,1.71,0.63
-5.0,1.69,0.0
-4.96,1.69,-0.65
-4.83,1.69,-1.3
-4.62,1.69,-1.91
-4.33,1.69,-2.5
-3.97,1.69,-3.05
-3.53,1.69,-3.54
-3.04,1.69,-3.97
-2.5,1.69,-4.33
-1.91,1.69,-4.62
-1.29,1.69,-4.83
-0.65,1.69,-4.96
0.01,1.69,-5.0
0.66,1.69,-4.96
1.3,1.69,-4.83
1.92,1.69,-4.62
2.51,1.69,-4.33
3.05,1.69,-3.96
3.54,1.69,-3.53
3.97,1.69,-3.04
4.34,1.69,-2.49
4.62,1.69,-1.9
4.83,1.69,-1.28
4.96,1.69,-0.64
5.0,1.69,0.01
4.96,1.69,0.67
4.83,1.69,1.31
4.61,1.69,1.93
4.32,1.69,2.51
3.96,1.69,3.06
3.52,1.69,3.55
3.03,1.69,3.98
2.49,1.69,4.34
1.9,1.69,4.63
1.28,1.69,4.83
0.64,1.69,4.96
-0.02,1.69,5.0
-0.67,1.69,4.95
-1.31,1.69,4.82
-1.93,1.69,4.61
-2.52,1.69,4.32
-3.06,1.69,3.95
-3.55,1.69,3.52
-3.98,1.69,3.03
-4.34,1.69,2.48
-4.63,1.69,1.89
-4.84,1.69,1.27
-4.96,1.69,0.63
-5.0,1.68,0.0
-4.96,1.68,-0.65
-4.83,1.68,-1.3
-4.62,1.68,-1.91
-4.33,1.68,-2.5
-3.97,1.68,-3.05
-3.53,1.68,-3.54
-3.04,1.68,-3.97
-2.5,1.68,-4.33
-1.91,1.68,-4.62
-1.29,1.68,-4.83
-0.65,1.68,-4.96
0.01,1.68,-5.0
0.66,1.68,-4.96
1.3,1.68,-4.83
1.92,1.68,-4.62
2.51,1.68,-4.33
3.05,1.68,-3.96
3.54,1.68,-3.53
3.97,1.68,-3.04
4.34,1.68,-2.49
4.62,1.68,-1.9
4.83,1.68,-1.28
4.96,1.68,-0.64
5.0,1.68,0.01
4.96,1.68,0.67
4.83,1.68,1.31
4.61,1.68,1.93
4.32,1.68,2.51
3.96,1.68,3.06
3.52,1.68,3.55
3.03,1.68,3.98
2.49,1.68,4.34
1.9,1.68,4.63
1.28,1.68,4.83
0.64,1.68,4.96
-0.02,1.68,5.0
-0.67,1.68,4.95
-1.31,1.68,4.82
-1.93,1.68,4.61
-2.52,1.68,4.32
-3.06,1.68,3.95
-3.55,1.68,3.52
-3.98,1.68,3.03
-4.34,1.68,2.48
-4.63,1.68,1.89
-4.84,1.68,1.27
-4.96,1.68,0.63
-5.0,1.66,0.0
-4.96,1.66,-0.65
-4.83,1.66,-1.3
-4.62,1.66,-1.91
-4.33,1.66,-2.5
-3.97,1.66,-3.05
-3.53,1.66,-3.54
-3.04,1.66,-3.97
-2.5,1.66,-4.33
-1.91,1.66,-4.62
-1.29,1.66,-4.83
-0.65,1.66,-4.96
0.01,1.66,-5.0
0.66,1.66,-4.96
1.3,1.66,-4.83
1.92,1.66,-4.62
2.51,1.66,-4.33
3.05,1.66,-3.96
3.54,1.66,-3.53
3.97,1.66,-3.04
4.34,1.66,-2.49
4.62,1.66,-1.9
4.83,1.66,-1.28
4.96,1.66,-0.64
5.0,1.66,0.01
4.96,1.66,0.67
4.83,1.66,1.31
4.61,1.66,1.93
4.32,1.66,2.51
3.96,1.66,3.06
3.52,1.66,3.55
3.03,1.66,3.98
2.49,1.66,4.34
1.9,1.66,4.63
1.28,1.66,4.83
0.64,1.66,4.96
-0.02,1.66,5.0
-0.67,1.66,4.95
-1.31,1.66,4.82
-1.93,1.66,4.61
-2.52,1.66,4.32
-3.06,1.66,3.95
-3.55,1.66,3.52
-3.98,1.66,3.03
-4.34,1.66,2.48
-4.63,1.66,1.89
-4.84,1.66,1.27
-4.96,1.66,0.63
-5.0,1.64,0.0
-4.96,1.64,-0.65
-4.83,1.64,-1.3
-4.62,1.64,-1.91
-4.33,1.64,-2.5
-3.97,1.64,-3.05
-3.53,1.64,-3.54
-3.04,1.64,-3.97
-2.5,1.64,-4.33
-1.91,1.64,-4.62
-1.29,1.64,-4.83
-0.65,1.64,-4.96
0.01,1.64,-5.0
0.66,1.64,-4.96
1.3,1.64,-4.83
1.92,1.64,-4.62
2.51,1.64,-4.33
3.05,1.64,-3.96
3.54,1.64,-3.53
3.97,1.64,-3.04
4.34,1.64,-2.49
4.62,1.64,-1.9
4.83,1.64,-1.28
4.96,1.64,-0.64
5.0,1.64,0.01
4.96,1.64,0.67
4.83,1.64,1.31
4.61,1.64,1.93
4.32,1.64,2.51
3.96,1.64,3.06
3.52,1.64,3.55
3.03,1.64,3.98
2.49,1.64,4.34
1.9,1.64,4.63
1.28,1.64,4.83
0.64,1.64,4.96
-0.02,1.64,5.0
-0.67,1.64,4.95
-1.31,1.64,4.82
-1.93,1.64,4.61
-2.52,1.64,4.32
-3.06,1.64,3.95
-3.55,1.64,3.52
-3.98,1.64,3.03
-4.34,1.64,2.48
-4.63,1.64,1.89
-4.84,1.64,1.27
-4.96,1.64,0.63
-5.0,1.62,0.0
-4.96,1.62,-0.65
-4.83,1.62,-1.3
-4.62,1.62,-1.91
-4.33,1.62,-2.5
-3.97,1.62,-3.05
-3.53,1.62,-3.54
-3.04,1.62,-3.97
-2.5,1.62,-4.33
-1.91,1.62,-4.62
-1.29,1.62,-4.83
-0.65,1.62,-4.96
0.01,1.62,-5.0
0.66,1.62,-4.96
1.3,1.62,-4.83
1.92,1.62,-4.62
2.51,1.62,-4.33
3.05,1.62,-3.96
3.54,1.62,-3.53
3.97,1.62,-3.04
4.34,1.62,-2.49
4.62,1.62,-1.9
4.83,1.62,-1.28
4.96,1.62,-0.64
5.0,1.62,0.01
4.96,1.62,0.67
4.83,1.62,1.31
4.61,1.62,1.93
4.32,1.62,2.51
3.96,1.62,3.06
3.52,1.62,3.55
3.03,1.62,3.98
2.49,1.62,4.34
1.9,1.62,4.63
1.28,1.62,4.83
0.64,1.62,4.96
-0.02,1.62,5.0
-0.67,1.62,4.95
-1.31,1.62,4.82
-1.93,1.62,4.61
-2.52,1.62,4.32
-3.06,1.62,3.95
-3.55,1.62,3.52
-3.98,1.62,3.03
-4.34,1.62,2.48
-4.63,1.62,1.89
-4.84,1.62,1.27
-4.96,1.62,0.63
-5.0,1.6,0.0
-4.96,1.6,-0.65
-4.83,1.6,-1.3
-4.62,1.6,-1.91
-4.33,1.6,-2.5
-3.97,1.6,-3.05
-3.53,1.6,-3.54
-3.04,1.6,-3.97
-2.5,1.6,-4.33
-1.91,1.6,-4.62
-1.29,1.6,-4.83
-0.65,1.6,-4.96
0.01,1.6,-5.0
0.66,1.6,-4.96
1.3,1.6,-4.83
1.92,1.6,-4.62
2.51,1.6,-4.33
3.05,1.6,-3.96
3.54,1.6,-3.53
3.97,1.6,-3.04
4.34,1.6,-2.49
4.62,1.6,-1.9
4.83,1.6,-1.28
4.96,1.6,-0.64
5.0,1.6,0.01
4.96,1.6,0.67
4.83,1.6,1.31
4.61,1.6,1.93
4.32,1.6,2.51
3.96,1.6,3.06
3.52,1.6,3.55
3.03,1.6,3.98
2.49,1.6,4.34
1.9,1.6,4.63
1.28,1.6,4.83
0.64,1.6,4.96
-0.02,1.6,5.0
-0.67,1.6,4.95
-1.31,1.6,4.82
-1.93,1.6,4.61
-2.52,1.6,4.32
-3.06,1.6,3.95
-3.55,1.6,3.52
-3.98,1.6,3.03
-4.34,1.6,2.48
-4.63,1.6,1.89
-4.84,1.6,1.27
-4.96,1.6,0.63
-5.0,1.59,0.0
-4.96,1.59,-0.65
-4.83,1.59,-1.3
-4.62,1.59,-1.91
-4.33,1.59,-2.5
-3.97,1.59,-3.05
-3.53,1.59,-3.54
-3.04,1.59,-3.97
-2.5,1.59,-4.33
-1.91,1.59,-4.62
-1.29,1.59,-4.83
-0.65,1.59,-4.96
0.01,1.59,-5.0
0.66,1.59,-4.96
1.3,1.59,-4.83
1.92,1.59,-4.62
2.51,1.59,-4.33
3.05,1.59,-3.96
3.54,1.59,-3.53
3.97,1.59,-3.04
4.34,1.59,-2.49
4.62,1.59,-1.9
4.83,1.59,-1.28
4.96,1.59,-0.64
5.0,1.59,0.01
4.96,1.59,0.67
4.83,1.59,1.31
4.61,1.59,1.93
4.32,1.59,2.51
3.96,1.59,3.06
3.52,1.59,3.55
3.03,1.59,3.98
2.49,1.59,4.34
1.9,1.59,4.63
1.28,1.59,4.83
0.64,1.59,4.96
-0.02,1.59,5.0
-0.67,1.59,4.95
-1.31,1.59,4.82
-1.93,1.59,4.61
-2.52,1.59,4.32
-3.06,1.59,3.95
-3.55,1.59,3.52
-3.98,1.59,3.03
-4.34,1.59,2.48
-4.63,1.59,1.89
-4.84,1.59,1.27
-4.96,1.59,0.63
-5.0,1.57,0.0
-4.96,1.57,-0.65
-4.83,1.57,-1.3
-4.62,1.57,-1.91
-4.33,1.57,-2.5
-3.97,1.57,-3.05
-3.53,1.57,-3.54
-3.04,1.57,-3.97
-2.5,1.57,-4.33
-1.91,1.57,-4.62
-1.29,1.57,-4.83
-0.65,1.57,-4.96
0.01,1.57,-5.0
0.66,1.57,-4.96
1.3,1.57,-4.83
1.92,1.57,-4.62
2.51,1.57,-4.33
3.05,1.57,-3.96
3.54,1.57,-3.53
3.97,1.57,-3.04
4.34,1.57,-2.49
4.62,1.57,-1.9
4.83,1.57,-1.28
4.96,1.57,-0.64
5.0,1.57,0.01
4.96,1.57,0.67
4.83,1.57,1.31
4.61,1.57,1.93
4.32,1.57,2.51
3.96,1.57,3.06
3.52,1.57,3.55
3.03,1.57,3.98
2.49,1.57,4.34
1.9,1.57,4.63
1.28,1.57,4.83
0.64,1.57,4.96
-0.02,1.57,5.0
-0.67,1.57,4.95
-1.31,1.57,4.82
-1.93,1.57,4.61
-2.52,1.57,4.32
-3.06,1.57,3.95
-3.55,1.57,3.52
-3.98,1.57,3.03
-4.34,1.57,2.48
-4.63,1.57,1.89
-4.84,1.57,1.27
-4.96,1.57,0.63
-5.0,1.55,0.0
-4.96,1.55,-0.65
-4.83,1.55,-1.3
-4.62,1.55,-1.91
-4.33,1.55,-2.5
-3.97,1.55,-3.05
-3.53,1.55,-3.54
-0.09,1.55,-0.12
-0.07,1.55,-0.12
-1.91,1.55,-4.62
-1.29,1.55,-4.83
-0.65,1.55,-4.96
0.01,1.55,-5.0
0.66,1.55,-4.96
1.3,1.55,-4.83
1.92,1.55,-4.62
2.51,1.55,-4.33
3.05,1.55,-3.96
3.54,1.55,-3.53
3.97,1.55,-3.04
4.34,1.55,-2.49
4.62,1.55,-1.9
4.83,1.55,-1.28
4.96,1.55,-0.64
5.0,1.55,0.01
4.96,1.55,0.67
4.83,1.55,1.31
4.61,1.55,1.93
4.32,1.55,2.51
3.96,1.55,3.06
3.52,1.55,3.55
-0.1,1.55,-0.13
-0.08,1.55,-0.15
1.9,1.55,4.63
1.28,1.55,4.83
0.64,1.55,4.96
-0.02,1.55,5.0
-0.67,1.55,4.95
-1.31,1.55,4.82
-1.93,1.55,4.61
-2.52,1.55,4.32
-3.06,1.55,3.95
-3.55,1.55,3.52
-3.98,1.55,3.03
-4.34,1.55,2.48
-4.63,1.55,1.89
-4.84,1.55,1.27
-4.96,1.55,0.63
-5.0,1.53,0.0
-4.96,1.53,-0.65
-4.83,1.53,-1.3
-4.62,1.53,-1.91
-0.11,1.53,-0.06
-0.08,1.53,-0.06
-0.06,1.53,-0.06
-0.05,1.53,-0.07
-0.04,1.53,-0.07
-0.03,1.53,-0.08
-0.02,1.53,-0.09
-0.01,1.53,-0.11
0.01,1.53,-5.0
0.66,1.53,-4.96
1.3,1.53,-4.83
1.92,1.53,-4.62
2.51,1.53,-4.33
3.05,1.53,-3.96
3.54,1.53,-3.53
3.97,1.53,-3.04
4.34,1.53,-2.49
4.62,1.53,-1.9
4.83,1.53,-1.28
4.96,1.53,-0.64
5.0,1.53,0.01
4.96,1.53,0.67
4.83,1.53,1.31
4.61,1.53,1.93
-0.14,1.53,-0.08
-0.16,1.53,-0.12
-0.15,1.53,-0.16
-0.14,1.53,-0.18
-0.11,1.53,-0.2
-0.08,1.53,-0.2
-0.05,1.53,-0.2
-0.02,1.53,-0.17
-0.02,1.53,5.0
-0.67,1.53,4.95
-1.31,1.53,4.82
-1.93,1.53,4.61
-2.52,1.53,4.32
-3.06,1.53,3.95
-3.55,1.53,3.52
-3.98,1.53,3.03
-4.34,1.53,2.48
-4.63,1.53,1.89
-4.84,1.53,1.27
-4.96,1.53,0.63
-5.0,1.51,0.0
-4.96,1.51,-0.65
-4.83,1.51,-1.3
-0.08,1.51,-0.03
-0.06,1.51,-0.04
-0.05,1.51,-0.04
-0.04,1.51,-0.04
-0.04,1.51,-0.05
-0.03,1.51,-0.05
-0.02,1.51,-0.06
-0.02,1.51,-0.06
-0.01,1.51,-0.07
0.0,1.51,-0.08
0.66,1.51,-4.96
1.3,1.51,-4.83
1.92,1.51,-4.62
2.51,1.51,-4.33
3.05,1.51,-3.96
3.54,1.51,-3.53
3.97,1.51,-3.04
4.34,1.51,-2.49
4.62,1.51,-1.9
4.83,1.51,-1.28
4.96,1.51,-0.64
5.0,1.51,0.01
4.96,1.51,0.67
4.83,1.51,1.31
-0.16,1.51,-0.07
-0.18,1.51,-0.1
-0.18,1.51,-0.14
-0.17,1.51,-0.17
-0.15,1.51,-0.2
-0.13,1.51,-0.22
-0.09,1.51,-0.23
-0.06,1.51,-0.23
-0.03,1.51,-0.21
0.0,1.51,-0.18
-0.67,1.51,4.95
-1.31,1.51,4.82
-1.93,1.51,4.61
-2.52,1.51,4.32
-3.06,1.51,3.95
-3.55,1.51,3.52
-3.98,1.51,3.03
-4.34,1.51,2.48
-4.63,1.51,1.89
-4.84,1.51,1.27
-4.96,1.51,0.63
-5.0,1.5,0.0
-4.96,1.5,-0.65
-0.06,1.5,-0.02
-0.05,1.5,-0.02
-0.04,1.5,-0.02
-0.03,1.5,-0.03
-0.03,1.5,-0.03
-0.02,1.5,-0.03
-0.02,1.5,-0.04
-0.02,1.5,-0.04
-0.01,1.5,-0.04
-0.01,1.5,-0.05
0.0,1.5,-0.05
0.01,1.5,-0.06
1.3,1.5,-4.83
1.92,1.5,-4.62
2.51,1.5,-4.33
3.05,1.5,-3.96
3.54,1.5,-3.53
3.97,1.5,-3.04
4.34,1.5,-2.49
4.62,1.5,-1.9
4.83,1.5,-1.28
4.96,1.5,-0.64
5.0,1.5,0.01
4.96,1.5,0.67
-0.16,1.5,-0.04
-0.19,1.5,-0.08
-0.2,1.5,-0.12
-0.2,1.5,-0.15
-0.19,1.5,-0.19
-0.16,1.5,-0.22
-0.14,1.5,-0.24
-0.1,1.5,-0.25
-0.06,1.5,-0.25
-0.03,1.5,-0.23
0.0,1.5,-0.21
0.02,1.5,-0.17
-1.31,1.5,4.82
-1.93,1.5,4.61
-2.52,1.5,4.32
-3.06,1.5,3.95
-3.55,1.5,3.52
-3.98,1.5,3.03
-4.34,1.5,2.48
-4.63,1.5,1.89
-4.84,1.5,1.27
-4.96,1.5,0.63
-5.0,1.48,0.0
-0.05,1.48,-0.01
-0.04,1.48,-0.01
-0.03,1.48,-0.01
-0.03,1.48,-0.02
-0.02,1.48,-0.02
-0.02,1.48,-0.02
-0.02,1.48,-0.02
-0.01,1.48,-0.02
-0.01,1.48,-0.03
-0.01,1.48,-0.03
-0.0,1.48,-0.03
0.0,1.48,-0.04
0.01,1.48,-0.04
0.01,1.48,-0.05
1.92,1.48,-4.62
2.51,1.48,-4.33
3.05,1.48,-3.96
3.54,1.48,-3.53
3.97,1.48,-3.04
4.34,1.48,-2.49
4.62,1.48,-1.9
4.83,1.48,-1.28
4.96,1.48,-0.64
5.0,1.48,0.01
-0.15,1.48,-0.02
-0.19,1.48,-0.05
-0.21,1.48,-0.09
-0.21,1.48,-0.12
-0.21,1.48,-0.16
-0.2,1.48,-0.2
-0.17,1.48,-0.23
-0.14,1.48,-0.25
-0.11,1.48,-0.26
-0.07,1.48,-0.26
-0.03,1.48,-0.25
0.0,1.48,-0.23
0.03,1.48,-0.19
0.04,1.48,-0.15
-1.93,1.48,4.61
-2.52,1.48,4.32
-3.06,1.48,3.95
-3.55,1.48,3.52
-3.98,1.48,3.03
-4.34,1.48,2.48
-4.63,1.48,1.89
-4.84,1.48,1.27
-4.96,1.48,0.63
-0.04,1.46,0.0
-0.03,1.46,-0.0
-0.03,1.46,-0.01
-0.02,1.46,-0.01
-0.02,1.46,-0.01
-0.02,1.46,-0.01
-0.01,1.46,-0.01
-0.01,1.46,-0.01
-0.01,1.46,-0.02
-0.01,1.46,-0.02
-0.01,1.46,-0.02
-0.0,1.46,-0.02
0.0,1.46,-0.02
0.0,1.46,-0.03
0.01,1.46,-0.03
0.02,1.46,-0.04
2.51,1.46,-4.33
3.05,1.46,-3.96
3.54,1.46,-3.53
3.97,1.46,-3.04
4.34,1.46,-2.49
4.62,1.46,-1.9
4.83,1.46,-1.28
4.96,1.46,-0.64
-0.13,1.46,-0.0
-0.17,1.46,-0.02
-0.2,1.46,-0.05
-0.22,1.46,-0.09
-0.22,1.46,-0.13
-0.22,1.46,-0.17
-0.2,1.46,-0.2
-0.18,1.46,-0.23
-0.15,1.46,-0.26
-0.11,1.46,-0.27
-0.07,1.46,-0.27
-0.03,1.46,-0.26
0.0,1.46,-0.24
0.03,1.46,-0.21
0.05,1.46,-0.17
0.05,1.46,-0.12
-2.52,1.46,4.32
-3.06,1.46,3.95
-3.55,1.46,3.52
-3.98,1.46,3.03
-4.34,1.46,2.48
-4.63,1.46,1.89
-4.84,1.46,1.27
-4.96,1.46,0.63
-0.03,1.44,-0.0
-0.02,1.44,-0.0
-0.02,1.44,-0.0
-0.01,1.44,-0.01
-0.01,1.44,-0.01
-0.01,1.44,-0.01
-0.01,1.44,-0.01
-0.01,1.44,-0.01
-0.01,1.44,-0.01
-0.0,1.44,-0.01
-0.0,1.44,-0.01
-0.0,1.44,-0.01
0.0,1.44,-0.02
0.0,1.44,-0.02
0.01,1.44,-0.02
0.01,1.44,-0.02
0.02,1.44,-0.03
3.05,1.44,-3.96
-0.09,1.44,0.09
-0.16,1.44,0.12
-0.19,1.44,0.11
-0.21,1.44,0.08
-0.21,1.44,0.06
-0.19,1.44,0.02
-0.15,1.44,-0.0
-0.18,1.44,-0.02
-0.21,1.44,-0.06
-0.23,1.44,-0.09
-0.23,1.44,-0.13
-0.22,1.44,-0.17
-0.21,1.44,-0.21
-0.18,1.44,-0.24
-0.15,1.44,-0.26
-0.11,1.44,-0.27
-0.07,1.44,-0.27
-0.03,1.44,-0.27
0.0,1.44,-0.25
0.03,1.44,-0.22
0.05,1.44,-0.18
0.06,1.44,-0.14
0.05,1.44,-0.09
-3.06,1.44,3.95
-0.07,1.44,0.07
-0.07,1.44,0.05
-0.07,1.44,0.04
-0.08,1.44,0.03
-0.08,1.44,0.02
-0.04,1.44,0.0
-0.02,1.42,-0.0
-0.01,1.42,-0.0
-0.01,1.42,-0.0
-0.01,1.42,-0.0
-0.01,1.42,-0.0
-0.01,1.42,-0.01
-0.01,1.42,-0.01
-0.01,1.42,-0.01
-0.0,1.42,-0.01
-0.0,1.42,-0.01
-0.0,1.42,-0.01
-0.0,1.42,-0.01
0.0,1.42,-0.01
0.0,1.42,-0.01
0.0,1.42,-0.01
0.01,1.42,-0.01
-0.06,1.42,0.11
-0.1,1.42,0.13
-0.14,1.42,0.14
-0.18,1.42,0.14
-0.21,1.42,0.12
-0.23,1.42,0.09
-0.24,1.42,0.06
-0.24,1.42,0.03
-0.23,1.42,-0.0
-0.19,1.42,-0.03
-0.21,1.42,-0.06
-0.23,1.42,-0.1
-0.23,1.42,-0.14
-0.23,1.42,-0.18
-0.21,1.42,-0.21
-0.18,1.42,-0.24
-0.15,1.42,-0.26
-0.11,1.42,-0.28
-0.07,1.42,-0.28
-0.03,1.42,-0.27
0.0,1.42,-0.25
0.03,1.42,-0.22
0.05,1.42,-0.19
0.06,1.42,-0.15
0.06,1.42,-0.1
0.04,1.42,-0.05
-0.04,1.42,0.04
-0.04,1.42,0.03
-0.04,1.42,0.02
-0.04,1.42,0.02
-0.05,1.42,0.01
-0.02,1.42,0.0
-0.01,1.41,-0.0
-0.01,1.41,-0.0
-0.01,1.41,-0.0
-0.01,1.41,-0.0
-0.01,1.41,-0.0
-0.01,1.41,-0.0
-0.0,1.41,-0.0
-0.0,1.41,-0.0
-0.0,1.41,-0.01
-0.0,1.41,-0.01
-0.0,1.41,-0.01
-0.0,1.41,-0.01
0.0,1.41,-0.01
0.0,1.41,-0.01
0.0,1.41,-0.01
-0.05,1.41,0.12
-0.08,1.41,0.14
-0.12,1.41,0.15
-0.16,1.41,0.16
-0.2,1.41,0.15
-0.23,1.41,0.13
-0.25,1.41,0.1
-0.26,1.41,0.07
-0.27,1.41,0.04
-0.27,1.41,-0.0
-0.26,1.41,-0.03
-0.22,1.41,-0.06
-0.23,1.41,-0.1
-0.24,1.41,-0.14
-0.23,1.41,-0.18
-0.21,1.41,-0.21
-0.19,1.41,-0.24
-0.15,1.41,-0.27
-0.11,1.41,-0.28
-0.07,1.41,-0.28
-0.03,1.41,-0.27
0.0,1.41,-0.25
0.03,1.41,-0.23
0.05,1.41,-0.19
0.06,1.41,-0.15
0.06,1.41,-0.11
0.05,1.41,-0.06
-0.01,1.41,0.01
-0.02,1.41,0.01
-0.02,1.41,0.01
-0.02,1.41,0.01
-0.02,1.41,0.0
-0.02,1.41,0.0
0.01,1.39,-0.0
0.01,1.39,0.0
0.01,1.39,0.0
0.01,1.39,0.0
0.01,1.39,0.01
0.01,1.39,0.01
0.01,1.39,0.01
0.01,1.39,0.02
0.01,1.39,0.02
0.01,1.39,0.03
0.01,1.39,0.04
0.01,1.39,0.05
-0.0,1.39,0.07
-0.01,1.39,0.09
-0.03,1.39,0.12
-0.06,1.39,0.14
-0.09,1.39,0.16
-0.13,1.39,0.17
-0.17,1.39,0.17
-0.21,1.39,0.16
-0.24,1.39,0.14
-0.26,1.39,0.11
-0.28,1.39,0.07
-0.29,1.39,0.04
-0.31,1.39,-0.0
-0.3,1.39,-0.04
-0.27,1.39,-0.07
-0.23,1.39,-0.1
-0.24,1.39,-0.14
-0.23,1.39,-0.18
-0.21,1.39,-0.21
-0.19,1.39,-0.24
-0.15,1.39,-0.27
-0.11,1.39,-0.28
-0.07,1.39,-0.28
-0.03,1.39,-0.27
0.0,1.39,-0.25
0.03,1.39,-0.23
0.05,1.39,-0.19
0.06,1.39,-0.15
0.06,1.39,-0.11
0.05,1.39,-0.06
0.01,1.39,-0.01
0.01,1.39,-0.01
0.01,1.39,-0.01
0.01,1.39,-0.0
0.01,1.39,-0.0
0.01,1.39,-0.0
0.04,1.37,-0.0
0.04,1.37,0.0
0.04,1.37,0.01
0.04,1.37,0.02
0.04,1.37,0.02
0.03,1.37,0.03
0.03,1.37,0.03
0.03,1.37,0.04
0.03,1.37,0.05
0.02,1.37,0.06
0.02,1.37,0.07
0.01,1.37,0.08
-0.0,1.37,0.09
-0.02,1.37,0.11
-0.04,1.37,0.14
-0.06,1.37,0.16
-0.1,1.37,0.16
-0.14,1.37,0.18
-0.18,1.37,0.18
-0.21,1.37,0.16
-0.24,1.37,0.14
-0.27,1.37,0.11
-0.4,1.37,0.11
-0.46,1.37,0.06
-0.45,1.37,-0.0
-0.33,1.37,-0.04
-0.3,1.37,-0.08
-0.25,1.37,-0.1
-0.24,1.37,-0.14
-0.23,1.37,-0.18
-0.21,1.37,-0.21
-0.18,1.37,-0.24
-0.15,1.37,-0.26
-0.11,1.37,-0.28
-0.07,1.37,-0.28
-0.03,1.37,-0.27
0.0,1.37,-0.25
0.03,1.37,-0.22
0.05,1.37,-0.19
0.06,1.37,-0.15
0.06,1.37,-0.1
0.05,1.37,-0.06
0.03,1.37,-0.03
0.03,1.37,-0.03
0.04,1.37,-0.02
0.04,1.37,-0.01
0.04,1.37,-0.01
0.04,1.37,-0.0
0.06,1.35,0.0
0.06,1.35,0.01
0.06,1.35,0.02
0.05,1.35,0.02
0.05,1.35,0.03
0.05,1.35,0.04
0.04,1.35,0.04
0.04,1.35,0.05
0.04,1.35,0.06
0.03,1.35,0.07
0.02,1.35,0.08
0.01,1.35,0.09
-0.0,1.35,0.11
-0.02,1.35,0.12
-0.04,1.35,0.14
-0.07,1.35,0.16
-0.1,1.35,0.17
-0.14,1.35,0.18
-0.18,1.35,0.18
-0.22,1.35,0.17
-0.25,1.35,0.14
-0.27,1.35,0.11
-0.44,1.35,0.12
-0.48,1.35,0.06
-0.48,1.35,-0.0
-0.42,1.35,-0.06
-0.31,1.35,-0.09
-0.29,1.35,-0.12
-0.24,1.35,-0.14
-0.23,1.35,-0.18
-0.21,1.35,-0.21
-0.18,1.35,-0.24
-0.15,1.35,-0.26
-0.11,1.35,-0.27
-0.07,1.35,-0.27
-0.03,1.35,-0.26
0.0,1.35,-0.25
0.03,1.35,-0.22
0.05,1.35,-0.18
0.06,1.35,-0.14
0.06,1.35,-0.1
0.05,1.35,-0.06
0.05,1.35,-0.05
0.05,1.35,-0.04
0.06,1.35,-0.03
0.06,1.35,-0.02
0.06,1.35,-0.02
0.06,1.35,-0.01
0.08,1.33,-0.0
0.07,1.33,0.01
0.09,1.33,0.02
0.1,1.33,0.04
0.11,1.33,0.06
0.1,1.33,0.08
0.1,1.33,0.1
0.08,1.33,0.11
0.07,1.33,0.11
0.05,1.33,0.12
0.03,1.33,0.11
0.01,1.33,0.1
-0.0,1.33,0.12
-0.02,1.33,0.13
-0.04,1.33,0.15
-0.07,1.33,0.16
-0.1,1.33,0.17
-0.14,1.33,0.18
-0.18,1.33,0.18
-0.22,1.33,0.17
-0.25,1.33,0.14
-0.38,1.33,0.15
-0.46,1.33,0.12
-0.5,1.33,0.06
-0.5,1.33,-0.0
-0.45,1.33,-0.06
-0.33,1.33,-0.09
-0.3,1.33,-0.13
-0.26,1.33,-0.15
-0.23,1.33,-0.18
-0.21,1.33,-0.21
-0.18,1.33,-0.24
-0.15,1.33,-0.26
-0.11,1.33,-0.27
-0.07,1.33,-0.27
-0.03,1.33,-0.26
0.0,1.33,-0.24
0.03,1.33,-0.21
0.05,1.33,-0.18
0.06,1.33,-0.14
0.06,1.33,-0.1
0.05,1.33,-0.07
0.06,1.33,-0.06
0.07,1.33,-0.05
0.07,1.33,-0.04
0.07,1.33,-0.03
0.08,1.33,-0.02
0.08,1.33,-0.01
0.14,1.32,-0.0
0.15,1.32,0.02
0.16,1.32,0.04
0.16,1.32,0.07
0.16,1.32,0.09
0.15,1.32,0.11
0.13,1.32,0.13
0.12,1.32,0.15
0.09,1.32,0.16
0.07,1.32,0.17
0.05,1.32,0.17
0.02,1.32,0.17
-0.0,1.32,0.16
-0.02,1.32,0.14
-0.04,1.32,0.15
-0.07,1.32,0.16
-0.1,1.32,0.17
-0.14,1.32,0.18
-0.18,1.32,0.18
-0.22,1.32,0.16
-0.32,1.32,0.18
-0.4,1.32,0.17
-0.48,1.32,0.13
-0.51,1.32,0.07
-0.51,1.32,-0.0
-0.47,1.32,-0.06
-0.34,1.32,-0.09
-0.32,1.32,-0.13
-0.27,1.32,-0.16
-0.23,1.32,-0.18
-0.21,1.32,-0.21
-0.18,1.32,-0.24
-0.15,1.32,-0.26
-0.11,1.32,-0.27
-0.07,1.32,-0.27
-0.03,1.32,-0.26
0.0,1.32,-0.24
0.03,1.32,-0.21
0.05,1.32,-0.17
0.06,1.32,-0.14
0.06,1.32,-0.1
0.06,1.32,-0.08
0.07,1.32,-0.07
0.08,1.32,-0.06
0.08,1.32,-0.05
0.09,1.32,-0.04
0.11,1.32,-0.03
0.12,1.32,-0.02
0.18,1.3,-0.0
0.19,1.3,0.02
0.19,1.3,0.05
0.19,1.3,0.08
0.19,1.3,0.11
0.17,1.3,0.13
0.16,1.3,0.16
0.13,1.3,0.18
0.11,1.3,0.19
0.08,1.3,0.2
0.05,1.3,0.2
0.03,1.3,0.2
-0.0,1.3,0.19
-0.02,1.3,0.18
-0.04,1.3,0.16
-0.07,1.3,0.16
-0.1,1.3,0.17
-0.13,1.3,0.17
-0.2,1.3,0.2
-0.27,1.3,0.21
-0.34,1.3,0.2
-0.42,1.3,0.17
-0.49,1.3,0.13
-0.52,1.3,0.07
-0.52,1.3,-0.0
-0.48,1.3,-0.06
-0.35,1.3,-0.09
-0.32,1.3,-0.13
-0.28,1.3,-0.16
-0.23,1.3,-0.18
-0.21,1.3,-0.21
-0.18,1.3,-0.24
-0.15,1.3,-0.25
-0.11,1.3,-0.26
-0.07,1.3,-0.26
-0.03,1.3,-0.25
0.0,1.3,-0.23
0.03,1.3,-0.2
0.05,1.3,-0.17
0.06,1.3,-0.13
0.06,1.3,-0.1
0.07,1.3,-0.08
0.07,1.3,-0.07
0.09,1.3,-0.07
0.11,1.3,-0.06
0.13,1.3,-0.05
0.15,1.3,-0.04
0.16,1.3,-0.02
0.2,1.28,-0.0
0.21,1.28,0.03
0.22,1.28,0.06
0.21,1.28,0.09
0.21,1.28,0.12
0.19,1.28,0.15
0.17,1.28,0.17
0.15,1.28,0.2
0.12,1.28,0.21
0.09,1.28,0.22
0.06,1.28,0.23
0.03,1.28,0.22
-0.0,1.28,0.22
-0.03,1.28,0.2
-0.05,1.28,0.19
-0.07,1.28,0.17
-0.09,1.28,0.16
-0.18,1.28,0.23
-0.24,1.28,0.24
-0.3,1.28,0.23
-0.36,1.28,0.21
-0.43,1.28,0.18
-0.5,1.28,0.13
-0.53,1.28,0.07
-0.53,1.28,-0.0
-0.49,1.28,-0.07
-0.39,1.28,-0.11
-0.33,1.28,-0.14
-0.29,1.28,-0.17
-0.24,1.28,-0.19
-0.21,1.28,-0.21
-0.18,1.28,-0.23
-0.14,1.28,-0.25
-0.11,1.28,-0.26
-0.07,1.28,-0.26
-0.03,1.28,-0.25
0.0,1.28,-0.23
0.03,1.28,-0.2
0.05,1.28,-0.17
0.05,1.28,-0.13
0.06,1.28,-0.1
0.08,1.28,-0.1
0.09,1.28,-0.09
0.11,1.28,-0.09
0.14,1.28,-0.08
0.16,1.28,-0.06
0.17,1.28,-0.05
0.19,1.28,-0.02
0.22,1.26,-0.0
0.23,1.26,0.03
0.24,1.26,0.06
0.23,1.26,0.1
0.22,1.26,0.13
0.21,1.26,0.16
0.19,1.26,0.19
0.16,1.26,0.21
0.13,1.26,0.23
0.1,1.26,0.24
0.07,1.26,0.25
0.03,1.26,0.24
-0.0,1.26,0.24
-0.03,1.26,0.23
-0.06,1.26,0.21
-0.08,1.26,0.19
-0.15,1.26,0.26
-0.2,1.26,0.26
-0.25,1.26,0.25
-0.31,1.26,0.24
-0.37,1.26,0.21
-0.43,1.26,0.18
-0.5,1.26,0.13
-0.53,1.26,0.07
-0.53,1.26,-0.0
-0.49,1.26,-0.07
-0.4,1.26,-0.11
-0.33,1.26,-0.14
-0.29,1.26,-0.17
-0.25,1.26,-0.19
-0.21,1.26,-0.21
-0.18,1.26,-0.23
-0.14,1.26,-0.25
-0.11,1.26,-0.26
-0.07,1.26,-0.25
-0.03,1.26,-0.24
0.0,1.26,-0.22
0.03,1.26,-0.19
0.04,1.26,-0.16
0.05,1.26,-0.13
0.07,1.26,-0.12
0.09,1.26,-0.12
0.11,1.26,-0.11
0.13,1.26,-0.1
0.15,1.26,-0.09
0.18,1.26,-0.07
0.19,1.26,-0.05
0.21,1.26,-0.03
0.24,1.24,-0.0
0.25,1.24,0.03
0.25,1.24,0.07
0.25,1.24,0.1
0.24,1.24,0.14
0.22,1.24,0.17
0.2,1.24,0.2
0.17,1.24,0.22
0.14,1.24,0.24
0.11,1.24,0.25
0.07,1.24,0.26
0.03,1.24,0.26
-0.0,1.24,0.25
-0.03,1.24,0.24
-0.07,1.24,0.27
-0.12,1.24,0.29
-0.17,1.24,0.29
-0.21,1.24,0.28
-0.26,1.24,0.26
-0.32,1.24,0.24
-0.37,1.24,0.22
-0.44,1.24,0.18
-0.5,1.24,0.13
-0.53,1.24,0.07
-0.53,1.24,-0.0
-0.5,1.24,-0.07
-0.41,1.24,-0.11
-0.33,1.24,-0.14
-0.29,1.24,-0.17
-0.25,1.24,-0.19
-0.21,1.24,-0.21
-0.17,1.24,-0.23
-0.14,1.24,-0.24
-0.1,1.24,-0.25
-0.07,1.24,-0.25
-0.03,1.24,-0.23
0.0,1.24,-0.21
0.02,1.24,-0.18
0.04,1.24,-0.15
0.06,1.24,-0.14
0.08,1.24,-0.14
0.1,1.24,-0.13
0.12,1.24,-0.12
0.15,1.24,-0.11
0.17,1.24,-0.1
0.19,1.24,-0.08
0.21,1.24,-0.06
0.23,1.24,-0.03
0.25,1.23,-0.0
0.26,1.23,0.03
0.29,1.23,0.08
0.27,1.23,0.11
0.25,1.23,0.14
0.23,1.23,0.18
0.21,1.23,0.21
0.18,1.23,0.23
0.15,1.23,0.25
0.11,1.23,0.27
0.07,1.23,0.27
0.04,1.23,0.27
-0.0,1.23,0.27
-0.04,1.23,0.3
-0.08,1.23,0.31
-0.13,1.23,0.31
-0.18,1.23,0.3
-0.22,1.23,0.29
-0.27,1.23,0.27
-0.32,1.23,0.25
-0.38,1.23,0.22
-0.44,1.23,0.18
-0.5,1.23,0.13
-0.53,1.23,0.07
-0.53,1.23,-0.0
-0.5,1.23,-0.07
-0.4,1.23,-0.11
-0.32,1.23,-0.13
-0.29,1.23,-0.17
-0.25,1.23,-0.19
-0.21,1.23,-0.22
-0.18,1.23,-0.23
-0.13,1.23,-0.24
-0.1,1.23,-0.24
-0.06,1.23,-0.24
-0.03,1.23,-0.22
0.0,1.23,-0.2
0.02,1.23,-0.17
0.05,1.23,-0.17
0.07,1.23,-0.16
0.09,1.23,-0.15
0.11,1.23,-0.14
0.13,1.23,-0.13
0.16,1.23,-0.12
0.18,1.23,-0.1
0.2,1.23,-0.08
0.22,1.23,-0.06
0.24,1.23,-0.03
0.27,1.21,-0.0
0.3,1.21,0.04
0.32,1.21,0.08
0.3,1.21,0.12
0.26,1.21,0.15
0.24,1.21,0.18
0.21,1.21,0.22
0.19,1.21,0.24
0.15,1.21,0.26
0.11,1.21,0.28
0.08,1.21,0.28
0.04,1.21,0.28
-0.0,1.21,0.32
-0.05,1.21,0.34
-0.09,1.21,0.34
-0.14,1.21,0.33
-0.18,1.21,0.32
-0.23,1.21,0.3
-0.28,1.21,0.28
-0.33,1.21,0.25
-0.38,1.21,0.22
-0.44,1.21,0.18
-0.5,1.21,0.13
-0.53,1.21,0.07
-0.53,1.21,-0.0
-0.49,1.21,-0.07
-0.39,1.21,-0.11
-0.32,1.21,-0.13
-0.28,1.21,-0.17
-0.25,1.21,-0.19
-0.22,1.21,-0.22
-0.18,1.21,-0.23
-0.14,1.21,-0.24
-0.09,1.21,-0.23
-0.06,1.21,-0.22
-0.03,1.21,-0.21
0.0,1.21,-0.2
0.03,1.21,-0.19
0.05,1.21,-0.18
0.07,1.21,-0.17
0.1,1.21,-0.16
0.12,1.21,-0.15
0.14,1.21,-0.14
0.17,1.21,-0.13
0.19,1.21,-0.11
0.22,1.21,-0.09
0.24,1.21,-0.06
0.25,1.21,-0.03
0.27,1.19,-0.0
0.53,1.19,0.07
0.43,1.19,0.12
0.31,1.19,0.13
0.27,1.19,0.15
0.25,1.19,0.19
0.22,1.19,0.22
0.19,1.19,0.25
0.16,1.19,0.27
0.12,1.19,0.28
0.08,1.19,0.29
0.04,1.19,0.32
-0.0,1.19,0.36
-0.05,1.19,0.36
-0.1,1.19,0.36
-0.14,1.19,0.34
-0.19,1.19,0.33
-0.24,1.19,0.31
-0.28,1.19,0.28
-0.33,1.19,0.25
-0.38,1.19,0.22
-0.43,1.19,0.18
-0.49,1.19,0.13
-0.52,1.19,0.07
-0.52,1.19,-0.0
-0.48,1.19,-0.07
-0.33,1.19,-0.09
-0.31,1.19,-0.13
-0.28,1.19,-0.16
-0.25,1.19,-0.19
-0.22,1.19,-0.22
-0.18,1.19,-0.24
-0.14,1.19,-0.24
-0.1,1.19,-0.24
-0.06,1.19,-0.24
-0.03,1.19,-0.23
0.0,1.19,-0.22
0.03,1.19,-0.21
0.05,1.19,-0.2
0.08,1.19,-0.19
0.1,1.19,-0.17
0.12,1.19,-0.16
0.15,1.19,-0.15
0.17,1.19,-0.13
0.2,1.19,-0.11
0.22,1.19,-0.09
0.24,1.19,-0.06
0.26,1.19,-0.03
0.28,1.17,-0.0
0.61,1.17,0.08
0.51,1.17,0.14
0.33,1.17,0.14
0.27,1.17,0.16
0.25,1.17,0.19
0.23,1.17,0.23
0.19,1.17,0.25
0.16,1.17,0.28
0.12,1.17,0.29
0.08,1.17,0.3
0.05,1.17,0.35
-0.0,1.17,0.38
-0.05,1.17,0.38
-0.1,1.17,0.37
-0.15,1.17,0.35
-0.19,1.17,0.33
-0.24,1.17,0.31
-0.28,1.17,0.28
-0.33,1.17,0.25
-0.38,1.17,0.22
-0.43,1.17,0.18
-0.48,1.17,0.13
-0.52,1.17,0.07
-0.51,1.17,-0.0
-0.47,1.17,-0.06
-0.31,1.17,-0.08
-0.3,1.17,-0.12
-0.28,1.17,-0.16
-0.26,1.17,-0.2
-0.23,1.17,-0.23
-0.19,1.17,-0.25
-0.15,1.17,-0.26
-0.11,1.17,-0.27
-0.07,1.17,-0.26
-0.03,1.17,-0.25
0.0,1.17,-0.23
0.03,1.17,-0.22
0.06,1.17,-0.21
0.08,1.17,-0.2
0.11,1.17,-0.18
0.13,1.17,-0.17
0.15,1.17,-0.15
0.18,1.17,-0.14
0.21,1.17,-0.12
0.23,1.17,-0.09
0.25,1.17,-0.07
0.27,1.17,-0.03
0.29,1.15,-0.0
0.62,1.15,0.08
0.52,1.15,0.14
0.36,1.15,0.15
0.28,1.15,0.16
0.26,1.15,0.2
0.23,1.15,0.23
0.2,1.15,0.26
0.16,1.15,0.28
0.12,1.15,0.3
0.08,1.15,0.31
0.05,1.15,0.37
-0.0,1.15,0.39
-0.05,1.15,0.4
-0.1,1.15,0.38
-0.15,1.15,0.36
-0.2,1.15,0.34
-0.24,1.15,0.31
-0.29,1.15,0.28
-0.33,1.15,0.25
-0.38,1.15,0.22
-0.42,1.15,0.17
-0.47,1.15,0.12
-0.5,1.15,0.07
-0.5,1.15,-0.0
-0.46,1.15,-0.06
-0.31,1.15,-0.08
-0.31,1.15,-0.13
-0.29,1.15,-0.17
-0.27,1.15,-0.21
-0.24,1.15,-0.24
-0.2,1.15,-0.26
-0.16,1.15,-0.28
-0.12,1.15,-0.28
-0.07,1.15,-0.28
-0.03,1.15,-0.26
0.0,1.15,-0.25
0.03,1.15,-0.23
0.06,1.15,-0.22
0.09,1.15,-0.2
0.11,1.15,-0.19
0.13,1.15,-0.17
0.16,1.15,-0.16
0.19,1.15,-0.14
0.21,1.15,-0.12
0.24,1.15,-0.1
0.26,1.15,-0.07
0.28,1.15,-0.03
0.29,1.14,-0.0
0.62,1.14,0.08
0.52,1.14,0.14
0.36,1.14,0.15
0.28,1.14,0.16
0.26,1.14,0.2
0.23,1.14,0.23
0.2,1.14,0.26
0.16,1.14,0.28
0.12,1.14,0.3
0.09,1.14,0.33
0.05,1.14,0.38
-0.0,1.14,0.4
-0.05,1.14,0.41
-0.11,1.14,0.39
-0.15,1.14,0.37
-0.2,1.14,0.34
-0.24,1.14,0.31
-0.28,1.14,0.28
-0.33,1.14,0.25
-0.37,1.14,0.21
-0.41,1.14,0.17
-0.46,1.14,0.12
-0.49,1.14,0.06
-0.49,1.14,-0.0
-0.43,1.14,-0.06
-0.33,1.14,-0.09
-0.32,1.14,-0.13
-0.31,1.14,-0.18
-0.28,1.14,-0.22
-0.25,1.14,-0.25
-0.21,1.14,-0.28
-0.17,1.14,-0.29
-0.12,1.14,-0.3
-0.08,1.14,-0.29
-0.04,1.14,-0.28
0.0,1.14,-0.26
0.03,1.14,-0.24
0.06,1.14,-0.23
0.09,1.14,-0.21
0.11,1.14,-0.2
0.14,1.14,-0.18
0.16,1.14,-0.16
0.19,1.14,-0.14
0.22,1.14,-0.12
0.24,1.14,-0.1
0.26,1.14,-0.07
0.28,1.14,-0.04
0.3,1.12,-0.0
0.62,1.12,0.08
0.47,1.12,0.13
0.35,1.12,0.14
0.28,1.12,0.16
0.26,1.12,0.2
0.24,1.12,0.24
0.2,1.12,0.26
0.17,1.12,0.29
0.13,1.12,0.3
0.09,1.12,0.34
0.05,1.12,0.39
-0.0,1.12,0.41
-0.06,1.12,0.42
-0.11,1.12,0.4
-0.15,1.12,0.37
-0.2,1.12,0.34
-0.24,1.12,0.31
-0.28,1.12,0.28
-0.32,1.12,0.25
-0.36,1.12,0.21
-0.4,1.12,0.17
-0.44,1.12,0.12
-0.46,1.12,0.06
-0.46,1.12,-0.0
-0.33,1.12,-0.04
-0.34,1.12,-0.09
-0.33,1.12,-0.14
-0.32,1.12,-0.18
-0.29,1.12,-0.22
-0.26,1.12,-0.26
-0.22,1.12,-0.28
-0.17,1.12,-0.3
-0.13,1.12,-0.31
-0.08,1.12,-0.3
-0.04,1.12,-0.29
0.0,1.12,-0.27
0.03,1.12,-0.25
0.06,1.12,-0.24
0.09,1.12,-0.22
0.12,1.12,-0.2
0.14,1.12,-0.18
0.17,1.12,-0.17
0.19,1.12,-0.15
0.22,1.12,-0.12
0.24,1.12,-0.1
0.27,1.12,-0.07
0.28,1.12,-0.04
0.3,1.1,-0.0
0.61,1.1,0.08
0.45,1.1,0.12
0.3,1.1,0.12
0.28,1.1,0.16
0.26,1.1,0.2
0.24,1.1,0.24
0.2,1.1,0.27
0.17,1.1,0.29
0.13,1.1,0.3
0.09,1.1,0.34
0.05,1.1,0.39
-0.0,1.1,0.42
-0.06,1.1,0.42
-0.11,1.1,0.4
-0.15,1.1,0.37
-0.2,1.1,0.34
-0.24,1.1,0.31
-0.28,1.1,0.28
-0.32,1.1,0.24
-0.35,1.1,0.2
-0.39,1.1,0.16
-0.42,1.1,0.11
-0.43,1.1,0.06
-0.41,1.1,-0.0
-0.34,1.1,-0.05
-0.35,1.1,-0.09
-0.34,1.1,-0.14
-0.32,1.1,-0.19
-0.3,1.1,-0.23
-0.26,1.1,-0.27
-0.22,1.1,-0.29
-0.18,1.1,-0.31
-0.13,1.1,-0.32
-0.08,1.1,-0.31
-0.04,1.1,-0.3
0.0,1.1,-0.28
0.04,1.1,-0.26
0.07,1.1,-0.24
0.09,1.1,-0.22
0.12,1.1,-0.2
0.14,1.1,-0.19
0.17,1.1,-0.17
0.19,1.1,-0.15
0.22,1.1,-0.13
0.24,1.1,-0.1
0.27,1.1,-0.07
0.28,1.1,-0.04
0.3,1.08,-0.0
0.3,1.08,0.04
0.3,1.08,0.08
0.3,1.08,0.12
0.28,1.08,0.16
0.26,1.08,0.2
0.24,1.08,0.24
0.2,1.08,0.27
0.17,1.08,0.29
0.13,1.08,0.3
0.09,1.08,0.35
0.05,1.08,0.39
-0.0,1.08,0.42
-0.06,1.08,0.42
-0.11,1.08,0.4
-0.15,1.08,0.37
-0.2,1.08,0.34
-0.24,1.08,0.31
-0.27,1.08,0.27
-0.31,1.08,0.24
-0.34,1.08,0.2
-0.37,1.08,0.15
-0.39,1.08,0.1
-0.39,1.08,0.05
-0.34,1.08,-0.0
-0.35,1.08,-0.05
-0.35,1.08,-0.1
-0.35,1.08,-0.15
-0.33,1.08,-0.19
-0.3,1.08,-0.24
-0.27,1.08,-0.27
-0.23,1.08,-0.3
-0.18,1.08,-0.32
-0.13,1.08,-0.32
-0.09,1.08,-0.32
-0.04,1.08,-0.31
0.0,1.08,-0.29
0.04,1.08,-0.27
0.07,1.08,-0.25
0.1,1.08,-0.23
0.12,1.08,-0.21
0.15,1.08,-0.19
0.17,1.08,-0.17
0.19,1.08,-0.15
0.22,1.08,-0.13
0.24,1.08,-0.1
0.27,1.08,-0.07
0.28,1.08,-0.04
0.3,1.06,-0.0
0.3,1.06,0.04
0.3,1.06,0.08
0.3,1.06,0.12
0.28,1.06,0.16
0.26,1.06,0.2
0.24,1.06,0.24
0.2,1.06,0.27
0.17,1.06,0.29
0.13,1.06,0.3
0.09,1.06,0.35
0.05,1.06,0.39
-0.0,1.06,0.42
-0.06,1.06,0.42
-0.11,1.06,0.4
-0.15,1.06,0.37
-0.2,1.06,0.34
-0.23,1.06,0.3
-0.27,1.06,0.27
-0.3,1.06,0.23
-0.33,1.06,0.19
-0.35,1.06,0.14
-0.36,1.06,0.09
-0.32,1.06,0.04
-0.34,1.06,-0.0
-0.36,1.06,-0.05
-0.36,1.06,-0.1
-0.35,1.06,-0.15
-0.34,1.06,-0.2
-0.31,1.06,-0.24
-0.27,1.06,-0.28
-0.23,1.06,-0.3
-0.18,1.06,-0.32
-0.14,1.06,-0.33
-0.09,1.06,-0.33
-0.04,1.06,-0.32
0.0,1.06,-0.3
0.04,1.06,-0.27
0.07,1.06,-0.25
0.1,1.06,-0.23
0.12,1.06,-0.21
0.15,1.06,-0.19
0.17,1.06,-0.17
0.19,1.06,-0.15
0.22,1.06,-0.13
0.24,1.06,-0.1
0.27,1.06,-0.07
0.28,1.06,-0.04
0.29,1.05,-0.0
0.3,1.05,0.04
0.3,1.05,0.08
0.3,1.05,0.12
0.28,1.05,0.16
0.26,1.05,0.2
0.23,1.05,0.23
0.2,1.05,0.26
0.16,1.05,0.29
0.12,1.05,0.3
0.09,1.05,0.34
0.05,1.05,0.39
-0.0,1.05,0.42
-0.06,1.05,0.42
-0.11,1.05,0.4
-0.15,1.05,0.37
-0.19,1.05,0.33
-0.23,1.05,0.29
-0.26,1.05,0.26
-0.29,1.05,0.22
-0.31,1.05,0.18
-0.32,1.05,0.13
-0.3,1.05,0.08
-0.33,1.05,0.04
-0.35,1.05,-0.0
-0.36,1.05,-0.05
-0.37,1.05,-0.1
-0.36,1.05,-0.15
-0.34,1.05,-0.2
-0.31,1.05,-0.24
-0.28,1.05,-0.28
-0.23,1.05,-0.31
-0.19,1.05,-0.33
-0.14,1.05,-0.34
-0.09,1.05,-0.33
-0.04,1.05,-0.32
0.0,1.05,-0.3
0.04,1.05,-0.28
0.07,1.05,-0.26
0.1,1.05,-0.23
0.12,1.05,-0.21
0.15,1.05,-0.19
0.17,1.05,-0.17
0.19,1.05,-0.15
0.22,1.05,-0.12
0.24,1.05,-0.1
0.26,1.05,-0.07
0.28,1.05,-0.04
0.29,1.03,-0.0
0.3,1.03,0.04
0.3,1.03,0.08
0.29,1.03,0.12
0.28,1.03,0.16
0.26,1.03,0.2
0.23,1.03,0.23
0.2,1.03,0.26
0.16,1.03,0.28
0.12,1.03,0.3
0.09,1.03,0.34
0.05,1.03,0.39
-0.0,1.03,0.41
-0.06,1.03,0.41
-0.11,1.03,0.4
-0.15,1.03,0.36
-0.19,1.03,0.32
-0.22,1.03,0.28
-0.25,1.03,0.25
-0.27,1.03,0.21
-0.28,1.03,0.16
-0.27,1.03,0.11
-0.3,1.03,0.08
-0.33,1.03,0.04
-0.35,1.03,-0.0
-0.37,1.03,-0.05
-0.37,1.03,-0.1
-0.36,1.03,-0.15
-0.34,1.03,-0.2
-0.32,1.03,-0.24
-0.28,1.03,-0.28
-0.24,1.03,-0.31
-0.19,1.03,-0.33
-0.14,1.03,-0.34
-0.09,1.03,-0.34
-0.04,1.03,-0.33
0.0,1.03,-0.31
0.04,1.03,-0.28
0.07,1.03,-0.26
0.1,1.03,-0.23
0.12,1.03,-0.21
0.15,1.03,-0.19
0.17,1.03,-0.17
0.19,1.03,-0.15
0.21,1.03,-0.12
0.24,1.03,-0.1
0.26,1.03,-0.07
0.28,1.03,-0.04
0.28,1.01,-0.0
0.29,1.01,0.04
0.29,1.01,0.08
0.29,1.01,0.12
0.27,1.01,0.16
0.25,1.01,0.2
0.23,1.01,0.23
0.2,1.01,0.26
0.16,1.01,0.28
0.12,1.01,0.29
0.09,1.01,0.33
0.05,1.01,0.38
-0.0,1.01,0.4
-0.05,1.01,0.41
-0.1,1.01,0.39
-0.15,1.01,0.35
-0.18,1.01,0.31
-0.21,1.01,0.27
-0.23,1.01,0.23
-0.24,1.01,0.19
-0.24,1.01,0.14
-0.27,1.01,0.11
-0.3,1.01,0.08
-0.33,1.01,0.04
-0.35,1.01,-0.0
-0.37,1.01,-0.05
-0.37,1.01,-0.1
-0.36,1.01,-0.15
-0.34,1.01,-0.2
-0.32,1.01,-0.24
-0.28,1.01,-0.28
-0.24,1.01,-0.31
-0.19,1.01,-0.33
-0.14,1.01,-0.34
-0.09,1.01,-0.34
-0.04,1.01,-0.33
0.0,1.01,-0.31
0.04,1.01,-0.29
0.07,1.01,-0.26
0.1,1.01,-0.23
0.12,1.01,-0.21
0.15,1.01,-0.19
0.17,1.01,-0.17
0.19,1.01,-0.14
0.21,1.01,-0.12
0.23,1.01,-0.1
0.25,1.01,-0.07
0.27,1.01,-0.03
0.28,0.99,-0.0
0.29,0.99,0.04
0.29,0.99,0.08
0.28,0.99,0.12
0.27,0.99,0.15
0.25,0.99,0.19
0.22,0.99,0.22
0.19,0.99,0.25
0.16,0.99,0.27
0.12,0.99,0.29
0.08,0.99,0.31
0.05,0.99,0.37
-0.0,0.99,0.39
-0.05,0.99,0.4
-0.1,0.99,0.38
-0.14,0.99,0.34
-0.17,0.99,0.3
-0.19,0.99,0.25
-0.2,0.99,0.2
-0.21,0.99,0.16
-0.24,0.99,0.14
-0.27,0.99,0.11
-0.3,0.99,0.08
-0.33,0.99,0.04
-0.36,0.99,-0.0
-0.37,0.99,-0.05
-0.37,0.99,-0.1
-0.36,0.99,-0.15
-0.35,0.99,-0.2
-0.32,0.99,-0.25
-0.28,0.99,-0.28
-0.24,0.99,-0.31
-0.19,0.99,-0.33
-0.14,0.99,-0.34
-0.09,0.99,-0.34
-0.04,0.99,-0.33
0.0,0.99,-0.31
0.04,0.99,-0.29
0.07,0.99,-0.26
0.1,0.99,-0.23
0.12,0.99,-0.21
0.14,0.99,-0.19
0.17,0.99,-0.16
0.19,0.99,-0.14
0.21,0.99,-0.12
0.23,0.99,-0.09
0.25,0.99,-0.07
0.27,0.99,-0.03
0.27,0.97,-0.0
0.28,0.97,0.04
0.28,0.97,0.07
0.27,0.97,0.11
0.26,0.97,0.15
0.24,0.97,0.19
0.22,0.97,0.22
0.19,0.97,0.24
0.15,0.97,0.27
0.12,0.97,0.28
0.08,0.97,0.29
0.05,0.97,0.35
-0.0,0.97,0.38
-0.05,0.97,0.38
-0.1,0.97,0.36
-0.13,0.97,0.32
-0.16,0.97,0.27
-0.16,0.97,0.21
-0.18,0.97,0.18
-0.21,0.97,0.16
-0.24,0.97,0.14
-0.27,0.97,0.11
-0.3,0.97,0.08
-0.33,0.97,0.04
-0.35,0.97,-0.0
-0.37,0.97,-0.05
-0.37,0.97,-0.1
-0.36,0.97,-0.15
-0.34,0.97,-0.2
-0.32,0.97,-0.24
-0.28,0.97,-0.28
-0.24,0.97,-0.31
-0.19,0.97,-0.33
-0.14,0.97,-0.34
-0.09,0.97,-0.34
-0.04,0.97,-0.33
0.0,0.97,-0.31
0.04,0.97,-0.29
0.07,0.97,-0.26
0.1,0.97,-0.23
0.12,0.97,-0.2
0.14,0.97,-0.18
0.16,0.97,-0.16
0.18,0.97,-0.14
0.2,0.97,-0.11
0.21,0.97,-0.09
0.24,0.97,-0.06
0.26,0.97,-0.03
0.26,0.96,-0.0
0.27,0.96,0.04
0.27,0.96,0.07
0.27,0.96,0.11
0.26,0.96,0.15
0.24,0.96,0.18
0.21,0.96,0.21
0.18,0.96,0.24
0.15,0.96,0.26
0.11,0.96,0.27
0.08,0.96,0.29
0.04,0.96,0.32
-0.0,0.96,0.36
-0.05,0.96,0.36
-0.09,0.96,0.34
-0.12,0.96,0.29
-0.12,0.96,0.21
-0.15,0.96,0.19
-0.18,0.96,0.18
-0.21,0.96,0.16
-0.24,0.96,0.14
-0.27,0.96,0.11
-0.3,0.96,0.08
-0.33,0.96,0.04
-0.35,0.96,-0.0
-0.37,0.96,-0.05
-0.37,0.96,-0.1
-0.36,0.96,-0.15
-0.34,0.96,-0.2
-0.32,0.96,-0.24
-0.28,0.96,-0.28
-0.24,0.96,-0.31
-0.19,0.96,-0.33
-0.14,0.96,-0.34
-0.09,0.96,-0.34
-0.04,0.96,-0.33
0.0,0.96,-0.3
0.04,0.96,-0.29
0.07,0.96,-0.25
0.09,0.96,-0.23
0.12,0.96,-0.2
0.14,0.96,-0.18
0.16,0.96,-0.16
0.18,0.96,-0.13
0.19,0.96,-0.11
0.21,0.96,-0.09
0.23,0.96,-0.06
0.25,0.96,-0.03
0.25,0.94,-0.0
0.25,0.94,0.03
0.26,0.94,0.07
0.25,0.94,0.1
0.24,0.94,0.14
0.22,0.94,0.17
0.2,0.94,0.2
0.17,0.94,0.23
0.14,0.94,0.25
0.11,0.94,0.26
0.07,0.94,0.27
0.03,0.94,0.27
-0.0,0.94,0.32
-0.04,0.94,0.33
-0.08,0.94,0.3
-0.09,0.94,0.22
-0.12,0.94,0.2
-0.15,0.94,0.19
-0.17,0.94,0.17
-0.2,0.94,0.15
-0.23,0.94,0.13
-0.26,0.94,0.11
-0.3,0.94,0.08
-0.33,0.94,0.04
-0.35,0.94,-0.0
-0.37,0.94,-0.05
-0.37,0.94,-0.1
-0.36,0.94,-0.15
-0.34,0.94,-0.2
-0.31,0.94,-0.24
-0.28,0.94,-0.28
-0.23,0.94,-0.31
-0.19,0.94,-0.33
-0.14,0.94,-0.34
-0.09,0.94,-0.34
-0.04,0.94,-0.32
0.0,0.94,-0.3
0.04,0.94,-0.28
0.07,0.94,-0.25
0.09,0.94,-0.22
0.11,0.94,-0.2
0.13,0.94,-0.17
0.15,0.94,-0.15
0.17,0.94,-0.13
0.18,0.94,-0.11
0.2,0.94,-0.08
0.22,0.94,-0.06
0.23,0.94,-0.03
0.23,0.92,-0.0
0.24,0.92,0.03
0.24,0.92,0.06
0.24,0.92,0.1
0.23,0.92,0.13
0.21,0.92,0.16
0.19,0.92,0.19
0.17,0.92,0.22
0.14,0.92,0.24
0.1,0.92,0.25
0.07,0.92,0.26
0.03,0.92,0.26
-0.0,0.92,0.26
-0.03,0.92,0.25
-0.06,0.92,0.23
-0.09,0.92,0.21
-0.11,0.92,0.2
-0.14,0.92,0.18
-0.17,0.92,0.17
-0.19,0.92,0.15
-0.23,0.92,0.13
-0.26,0.92,0.11
-0.29,0.92,0.08
-0.32,0.92,0.04
-0.34,0.92,-0.0
-0.37,0.92,-0.05
-0.38,0.92,-0.1
-0.35,0.92,-0.15
-0.34,0.92,-0.2
-0.31,0.92,-0.24
-0.28,0.92,-0.28
-0.23,0.92,-0.3
-0.18,0.92,-0.32
-0.14,0.92,-0.33
-0.09,0.92,-0.33
-0.04,0.92,-0.32
0.0,0.92,-0.3
0.04,0.92,-0.27
0.07,0.92,-0.24
0.09,0.92,-0.22
0.11,0.92,-0.19
0.13,0.92,-0.17
0.15,0.92,-0.14
0.16,0.92,-0.12
0.18,0.92,-0.1
0.19,0.92,-0.08
0.2,0.92,-0.05
0.22,0.92,-0.03
0.23,0.9,-0.0
0.24,0.9,0.03
0.24,0.9,0.06
0.24,0.9,0.1
0.23,0.9,0.13
0.21,0.9,0.16
0.19,0.9,0.19
0.17,0.9,0.22
0.14,0.9,0.24
0.1,0.9,0.25
0.07,0.9,0.26
0.03,0.9,0.26
-0.0,0.9,0.26
-0.03,0.9,0.25
-0.06,0.9,0.23
-0.09,0.9,0.22
-0.11,0.9,0.19
-0.13,0.9,0.17
-0.16,0.9,0.16
-0.19,0.9,0.14
-0.22,0.9,0.13
-0.25,0.9,0.1
-0.29,0.9,0.08
-0.32,0.9,0.04
-0.34,0.9,-0.0
-0.37,0.9,-0.05
-0.37,0.9,-0.1
-0.35,0.9,-0.15
-0.33,0.9,-0.19
-0.3,0.9,-0.23
-0.27,0.9,-0.27
-0.23,0.9,-0.3
-0.18,0.9,-0.32
-0.13,0.9,-0.32
-0.09,0.9,-0.32
-0.04,0.9,-0.31
0.0,0.9,-0.29
0.04,0.9,-0.27
0.06,0.9,-0.24
0.09,0.9,-0.21
0.11,0.9,-0.18
0.12,0.9,-0.16
0.14,0.9,-0.14
0.15,0.9,-0.12
0.17,0.9,-0.1
0.19,0.9,-0.08
0.21,0.9,-0.05
0.22,0.9,-0.03
0.23,0.88,-0.0
0.24,0.88,0.03
0.24,0.88,0.06
0.24,0.88,0.1
0.23,0.88,0.13
0.21,0.88,0.16
0.19,0.88,0.19
0.17,0.88,0.22
0.14,0.88,0.24
0.1,0.88,0.25
0.07,0.88,0.26
0.03,0.88,0.26
-0.0,0.88,0.26
-0.03,0.88,0.25
-0.06,0.88,0.23
-0.09,0.88,0.22
-0.11,0.88,0.19
-0.13,0.88,0.17
-0.15,0.88,0.15
-0.18,0.88,0.14
-0.21,0.88,0.12
-0.24,0.88,0.1
-0.28,0.88,0.07
-0.31,0.88,0.04
-0.33,0.88,-0.0
-0.38,0.88,-0.05
-0.37,0.88,-0.1
-0.34,0.88,-0.14
-0.32,0.88,-0.19
-0.3,0.88,-0.23
-0.26,0.88,-0.27
-0.22,0.88,-0.29
-0.18,0.88,-0.31
-0.13,0.88,-0.32
-0.08,0.88,-0.31
-0.04,0.88,-0.3
0.0,0.88,-0.28
0.03,0.88,-0.26
0.06,0.88,-0.23
0.08,0.88,-0.2
0.1,0.88,-0.17
0.12,0.88,-0.15
0.13,0.88,-0.13
0.15,0.88,-0.11
0.17,0.88,-0.1
0.19,0.88,-0.08
0.21,0.88,-0.05
0.22,0.88,-0.03
0.23,0.86,-0.0
0.24,0.86,0.03
0.24,0.86,0.06
0.24,0.86,0.1
0.23,0.86,0.13
0.21,0.86,0.16
0.19,0.86,0.19
0.17,0.86,0.22
0.14,0.86,0.24
0.1,0.86,0.25
0.07,0.86,0.26
0.03,0.86,0.26
-0.0,0.86,0.26
-0.03,0.86,0.25
-0.06,0.86,0.23
-0.09,0.86,0.21
-0.11,0.86,0.19
-0.13,0.86,0.17
-0.15,0.86,0.15
-0.17,0.86,0.13
-0.2,0.86,0.11
-0.23,0.86,0.1
-0.27,0.86,0.07
-0.3,0.86,0.04
-0.32,0.86,-0.0
-0.39,0.86,-0.05
-0.37,0.86,-0.1
-0.33,0.86,-0.14
-0.32,0.86,-0.18
-0.29,0.86,-0.22
-0.26,0.86,-0.26
-0.22,0.86,-0.28
-0.17,0.86,-0.3
-0.13,0.86,-0.31
-0.08,0.86,-0.3
-0.04,0.86,-0.29
0.0,0.86,-0.27
0.03,0.86,-0.25
0.06,0.86,-0.22
0.08,0.86,-0.19
0.1,0.86,-0.16
0.11,0.86,-0.15
0.13,0.86,-0.13
0.15,0.86,-0.11
0.17,0.86,-0.1
0.19,0.86,-0.08
0.2,0.86,-0.05
0.22,0.86,-0.03
0.23,0.85,-0.0
0.24,0.85,0.03
0.24,0.85,0.06
0.23,0.85,0.1
0.23,0.85,0.13
0.21,0.85,0.16
0.19,0.85,0.19
0.16,0.85,0.21
0.13,0.85,0.23
0.1,0.85,0.25
0.07,0.85,0.26
0.03,0.85,0.26
-0.0,0.85,0.25
-0.03,0.85,0.24
-0.06,0.85,0.23
-0.09,0.85,0.21
-0.11,0.85,0.19
-0.13,0.85,0.17
-0.15,0.85,0.15
-0.17,0.85,0.13
-0.19,0.85,0.11
-0.22,0.85,0.09
-0.25,0.85,0.07
-0.28,0.85,0.04
-0.31,0.85,-0.0
-0.39,0.85,-0.05
-0.38,0.85,-0.1
-0.32,0.85,-0.13
-0.31,0.85,-0.18
-0.28,0.85,-0.22
-0.25,0.85,-0.25
-0.21,0.85,-0.28
-0.17,0.85,-0.29
-0.12,0.85,-0.3
-0.08,0.85,-0.29
-0.04,0.85,-0.28
0.0,0.85,-0.26
0.03,0.85,-0.23
0.05,0.85,-0.2
0.07,0.85,-0.18
0.09,0.85,-0.16
0.11,0.85,-0.14
0.13,0.85,-0.13
0.15,0.85,-0.11
0.16,0.85,-0.09
0.18,0.85,-0.07
0.2,0.85,-0.05
0.22,0.85,-0.03
0.22,0.83,0.0
0.23,0.83,0.03
0.23,0.83,0.06
0.23,0.83,0.1
0.22,0.83,0.13
0.21,0.83,0.16
0.19,0.83,0.19
0.16,0.83,0.21
0.13,0.83,0.23
0.1,0.83,0.24
0.07,0.83,0.25
0.03,0.83,0.25
-0.0,0.83,0.25
-0.03,0.83,0.24
-0.06,0.83,0.22
-0.09,0.83,0.21
-0.11,0.83,0.18
-0.13,0.83,0.16
-0.14,0.83,0.14
-0.16,0.83,0.12
-0.18,0.83,0.1
-0.2,0.83,0.08
-0.24,0.83,0.06
-0.27,0.83,0.03
-0.29,0.83,-0.0
-0.4,0.83,-0.05
-0.39,0.83,-0.1
-0.31,0.83,-0.13
-0.29,0.83,-0.17
-0.27,0.83,-0.21
-0.24,0.83,-0.24
-0.2,0.83,-0.26
-0.16,0.83,-0.28
-0.12,0.83,-0.28
-0.07,0.83,-0.28
-0.03,0.83,-0.26
0.0,0.83,-0.24
0.03,0.83,-0.21
0.05,0.83,-0.19
0.07,0.83,-0.17
0.09,0.83,-0.15
0.11,0.83,-0.14
0.12,0.83,-0.12
0.14,0.83,-0.11
0.16,0.83,-0.09
0.18,0.83,-0.07
0.2,0.83,-0.05
0.21,0.83,-0.03
0.22,0.81,0.0
0.22,0.81,0.03
0.23,0.81,0.06
0.22,0.81,0.09
0.21,0.81,0.12
0.2,0.81,0.15
0.18,0.81,0.18
0.16,0.81,0.21
0.13,0.81,0.22
0.1,0.81,0.24
0.07,0.81,0.24
0.03,0.81,0.25
-0.0,0.81,0.24
-0.03,0.81,0.23
-0.06,0.81,0.22
-0.08,0.81,0.2
-0.1,0.81,0.18
-0.12,0.81,0.16
-0.14,0.81,0.14
-0.16,0.81,0.12
-0.17,0.81,0.1
-0.2,0.81,0.08
-0.23,0.81,0.06
-0.25,0.81,0.03
-0.27,0.81,-0.0
-0.41,0.81,-0.05
-0.39,0.81,-0.11
-0.29,0.81,-0.12
-0.28,0.81,-0.16
-0.26,0.81,-0.2
-0.23,0.81,-0.23
-0.19,0.81,-0.25
-0.15,0.81,-0.26
-0.11,0.81,-0.27
-0.07,0.81,-0.26
-0.03,0.81,-0.24
0.0,0.81,-0.22
0.03,0.81,-0.2
0.05,0.81,-0.18
0.07,0.81,-0.16
0.09,0.81,-0.15
0.1,0.81,-0.13
0.12,0.81,-0.12
0.14,0.81,-0.1
0.15,0.81,-0.09
0.17,0.81,-0.07
0.19,0.81,-0.05
0.2,0.81,-0.03
0.21,0.79,-0.0
0.21,0.79,0.03
0.22,0.79,0.06
0.21,0.79,0.09
0.21,0.79,0.12
0.19,0.79,0.15
0.18,0.79,0.18
0.15,0.79,0.2
0.12,0.79,0.22
0.09,0.79,0.23
0.06,0.79,0.24
0.03,0.79,0.24
-0.0,0.79,0.23
-0.03,0.79,0.23
-0.06,0.79,0.22
-0.08,0.79,0.2
-0.11,0.79,0.18
-0.13,0.79,0.16
-0.14,0.79,0.14
-0.15,0.79,0.11
-0.17,0.79,0.1
-0.21,0.79,0.08
-0.24,0.79,0.06
-0.26,0.79,0.03
-0.28,0.79,-0.0
-0.41,0.79,-0.06
-0.4,0.79,-0.11
-0.27,0.79,-0.11
-0.26,0.79,-0.15
-0.24,0.79,-0.19
-0.21,0.79,-0.21
-0.18,0.79,-0.23
-0.14,0.79,-0.24
-0.1,0.79,-0.24
-0.06,0.79,-0.23
-0.03,0.79,-0.22
0.0,0.79,-0.2
0.02,0.79,-0.18
0.05,0.79,-0.17
0.06,0.79,-0.15
0.08,0.79,-0.14
0.1,0.79,-0.12
0.11,0.79,-0.11
0.13,0.79,-0.1
0.14,0.79,-0.08
0.16,0.79,-0.07
0.18,0.79,-0.05
0.2,0.79,-0.02
0.19,0.77,0.0
0.2,0.77,0.03
0.21,0.77,0.06
0.2,0.77,0.08
0.2,0.77,0.11
0.18,0.77,0.14
0.17,0.77,0.17
0.15,0.77,0.19
0.12,0.77,0.21
0.09,0.77,0.22
0.06,0.77,0.23
0.03,0.77,0.23
-0.0,0.77,0.24
-0.03,0.77,0.23
-0.06,0.77,0.23
-0.09,0.77,0.21
-0.11,0.77,0.19
-0.13,0.77,0.17
-0.15,0.77,0.15
-0.16,0.77,0.12
-0.18,0.77,0.1
-0.21,0.77,0.09
-0.24,0.77,0.06
-0.26,0.77,0.03
-0.28,0.77,-0.0
-0.42,0.77,-0.06
-0.41,0.77,-0.11
-0.28,0.77,-0.12
-0.26,0.77,-0.15
-0.23,0.77,-0.18
-0.2,0.77,-0.2
-0.17,0.77,-0.22
-0.13,0.77,-0.22
-0.09,0.77,-0.22
-0.06,0.77,-0.21
-0.03,0.77,-0.2
0.0,0.77,-0.18
0.02,0.77,-0.17
0.04,0.77,-0.15
0.06,0.77,-0.14
0.07,0.77,-0.13
0.09,0.77,-0.11
0.1,0.77,-0.1
0.12,0.77,-0.09
0.13,0.77,-0.08
0.15,0.77,-0.06
0.17,0.77,-0.04
0.18,0.77,-0.02
0.18,0.76,-0.0
0.19,0.76,0.02
0.19,0.76,0.05
0.19,0.76,0.08
0.18,0.76,0.11
0.17,0.76,0.13
0.16,0.76,0.16
0.14,0.76,0.18
0.11,0.76,0.2
0.09,0.76,0.22
0.06,0.76,0.23
0.03,0.76,0.24
-0.0,0.76,0.24
-0.03,0.76,0.24
-0.06,0.76,0.23
-0.09,0.76,0.22
-0.12,0.76,0.2
-0.14,0.76,0.18
-0.15,0.76,0.15
-0.16,0.76,0.12
-0.18,0.76,0.11
-0.22,0.76,0.09
-0.24,0.76,0.06
-0.27,0.76,0.03
-0.28,0.76,-0.0
-0.42,0.76,-0.06
-0.46,0.76,-0.12
-0.28,0.76,-0.12
-0.26,0.76,-0.15
-0.24,0.76,-0.18
-0.2,0.76,-0.2
-0.17,0.76,-0.22
-0.13,0.76,-0.23
-0.09,0.76,-0.22
-0.06,0.76,-0.22
-0.03,0.76,-0.2
0.0,0.76,-0.18
0.02,0.76,-0.15
0.04,0.76,-0.13
0.05,0.76,-0.12
0.07,0.76,-0.11
0.08,0.76,-0.1
0.09,0.76,-0.09
0.11,0.76,-0.08
0.12,0.76,-0.07
0.14,0.76,-0.06
0.15,0.76,-0.04
0.17,0.76,-0.02
0.16,0.74,0.0
0.17,0.74,0.02
0.17,0.74,0.05
0.17,0.74,0.07
0.17,0.74,0.1
0.16,0.74,0.12
0.15,0.74,0.15
0.14,0.74,0.18
0.12,0.74,0.2
0.09,0.74,0.22
0.06,0.74,0.24
0.03,0.74,0.24
-0.0,0.74,0.25
-0.03,0.74,0.25
-0.06,0.74,0.24
-0.09,0.74,0.22
-0.12,0.74,0.2
-0.14,0.74,0.18
-0.15,0.74,0.15
-0.16,0.74,0.13
-0.18,0.74,0.11
-0.22,0.74,0.09
-0.25,0.74,0.07
-0.27,0.74,0.03
-0.29,0.74,-0.0
-0.5,0.74,-0.07
-0.49,0.74,-0.13
-0.28,0.74,-0.12
-0.26,0.74,-0.15
-0.24,0.74,-0.18
-0.21,0.74,-0.21
-0.17,0.74,-0.22
-0.13,0.74,-0.23
-0.09,0.74,-0.23
-0.06,0.74,-0.22
-0.03,0.74,-0.21
0.0,0.74,-0.18
0.02,0.74,-0.16
0.04,0.74,-0.13
0.05,0.74,-0.11
0.05,0.74,-0.09
0.07,0.74,-0.09
0.08,0.74,-0.08
0.09,0.74,-0.07
0.1,0.74,-0.06
0.12,0.74,-0.05
0.13,0.74,-0.04
0.15,0.74,-0.02
0.15,0.72,0.0
0.16,0.72,0.02
0.17,0.72,0.04
0.17,0.72,0.07
0.17,0.72,0.1
0.16,0.72,0.13
0.15,0.72,0.15
0.14,0.72,0.18
0.12,0.72,0.2
0.09,0.72,0.22
0.06,0.72,0.24
0.03,0.72,0.25
-0.0,0.72,0.25
-0.03,0.72,0.25
-0.06,0.72,0.24
-0.09,0.72,0.22
-0.12,0.72,0.2
-0.14,0.72,0.18
-0.16,0.72,0.16
-0.17,0.72,0.13
-0.18,0.72,0.11
-0.22,0.72,0.09
-0.24,0.72,0.07
-0.27,0.72,0.03
-0.28,0.72,-0.0
-0.53,0.72,-0.07
-0.51,0.72,-0.14
-0.28,0.72,-0.12
-0.26,0.72,-0.15
-0.24,0.72,-0.18
-0.21,0.72,-0.21
-0.17,0.72,-0.22
-0.13,0.72,-0.23
-0.1,0.72,-0.23
-0.06,0.72,-0.23
-0.03,0.72,-0.21
0.0,0.72,-0.19
0.02,0.72,-0.17
0.04,0.72,-0.14
0.05,0.72,-0.12
0.05,0.72,-0.09
0.06,0.72,-0.08
0.08,0.72,-0.08
0.09,0.72,-0.07
0.1,0.72,-0.06
0.12,0.72,-0.05
0.13,0.72,-0.03
0.14,0.72,-0.02
0.16,0.7,-0.0
0.16,0.7,0.02
0.17,0.7,0.05
0.17,0.7,0.07
0.17,0.7,0.1
0.16,0.7,0.13
0.15,0.7,0.15
0.14,0.7,0.18
0.12,0.7,0.2
0.09,0.7,0.22
0.06,0.7,0.24
0.03,0.7,0.25
-0.0,0.7,0.25
-0.03,0.7,0.25
-0.06,0.7,0.24
-0.09,0.7,0.22
-0.12,0.7,0.21
-0.14,0.7,0.18
-0.16,0.7,0.16
-0.17,0.7,0.13
-0.18,0.7,0.1
-0.21,0.7,0.09
-0.24,0.7,0.06
-0.27,0.7,0.03
-0.28,0.7,-0.0
-0.54,0.7,-0.07
-0.52,0.7,-0.14
-0.28,0.7,-0.12
-0.26,0.7,-0.15
-0.24,0.7,-0.18
-0.21,0.7,-0.21
-0.17,0.7,-0.23
-0.14,0.7,-0.24
-0.1,0.7,-0.24
-0.06,0.7,-0.23
-0.03,0.7,-0.22
0.0,0.7,-0.2
0.02,0.7,-0.18
0.04,0.7,-0.15
0.05,0.7,-0.12
0.06,0.7,-0.1
0.07,0.7,-0.09
0.08,0.7,-0.08
0.09,0.7,-0.07
0.11,0.7,-0.06
0.12,0.7,-0.05
0.13,0.7,-0.04
0.15,0.7,-0.02
0.16,0.68,0.0
0.17,0.68,0.02
0.17,0.68,0.05
0.17,0.68,0.07
0.17,0.68,0.1
0.17,0.68,0.13
0.15,0.68,0.15
0.14,0.68,0.18
0.12,0.68,0.2
0.09,0.68,0.22
0.06,0.68,0.24
0.03,0.68,0.25
-0.0,0.68,0.25
-0.03,0.68,0.25
-0.06,0.68,0.24
-0.09,0.68,0.22
-0.12,0.68,0.2
-0.14,0.68,0.18
-0.15,0.68,0.15
-0.17,0.68,0.13
-0.18,0.68,0.1
-0.21,0.68,0.09
-0.24,0.68,0.06
-0.26,0.68,0.03
-0.28,0.68,-0.0
-0.53,0.68,-0.07
-0.52,0.68,-0.14
-0.28,0.68,-0.12
-0.26,0.68,-0.15
-0.24,0.68,-0.18
-0.21,0.68,-0.21
-0.17,0.68,-0.23
-0.14,0.68,-0.24
-0.1,0.68,-0.24
-0.06,0.68,-0.24
-0.03,0.68,-0.23
0.0,0.68,-0.21
0.02,0.68,-0.18
0.04,0.68,-0.16
0.05,0.68,-0.13
0.06,0.68,-0.1
0.07,0.68,-0.09
0.08,0.68,-0.08
0.1,0.68,-0.07
0.11,0.68,-0.06
0.13,0.68,-0.05
0.14,0.68,-0.04
0.15,0.68,-0.02
0.16,0.67,0.0
0.17,0.67,0.02
0.18,0.67,0.05
0.18,0.67,0.07
0.17,0.67,0.1
0.17,0.67,0.13
0.15,0.67,0.15
0.14,0.67,0.18
0.12,0.67,0.2
0.09,0.67,0.22
0.06,0.67,0.23
0.03,0.67,0.24
-0.0,0.67,0.25
-0.03,0.67,0.24
-0.06,0.67,0.23
-0.09,0.67,0.22
-0.12,0.67,0.2
-0.14,0.67,0.18
-0.15,0.67,0.15
-0.16,0.67,0.12
-0.17,0.67,0.1
-0.2,0.67,0.08
-0.23,0.67,0.06
-0.25,0.67,0.03
-0.27,0.67,-0.0
-0.52,0.67,-0.07
-0.5,0.67,-0.14
-0.28,0.67,-0.12
-0.26,0.67,-0.15
-0.24,0.67,-0.18
-0.21,0.67,-0.21
-0.18,0.67,-0.23
-0.14,0.67,-0.24
-0.1,0.67,-0.25
-0.06,0.67,-0.24
-0.03,0.67,-0.23
0.0,0.67,-0.21
0.03,0.67,-0.19
0.04,0.67,-0.16
0.06,0.67,-0.14
0.06,0.67,-0.11
0.07,0.67,-0.09
0.09,0.67,-0.09
0.1,0.67,-0.08
0.12,0.67,-0.07
0.13,0.67,-0.05
0.14,0.67,-0.04
0.16,0.67,-0.02
0.17,0.65,0.0
0.18,0.65,0.02
0.18,0.65,0.05
0.18,0.65,0.07
0.18,0.65,0.1
0.17,0.65,0.13
0.15,0.65,0.15
0.14,0.65,0.18
0.12,0.65,0.2
0.09,0.65,0.22
0.06,0.65,0.23
0.03,0.65,0.24
-0.0,0.65,0.24
-0.03,0.65,0.24
-0.06,0.65,0.23
-0.09,0.65,0.22
-0.11,0.65,0.2
-0.13,0.65,0.17
-0.15,0.65,0.15
-0.16,0.65,0.12
-0.17,0.65,0.1
-0.19,0.65,0.08
-0.22,0.65,0.06
-0.25,0.65,0.03
-0.27,0.65,-0.0
-0.28,0.65,-0.04
-0.28,0.65,-0.08
-0.27,0.65,-0.11
-0.26,0.65,-0.15
-0.24,0.65,-0.18
-0.21,0.65,-0.21
-0.18,0.65,-0.23
-0.14,0.65,-0.25
-0.1,0.65,-0.25
-0.07,0.65,-0.25
-0.03,0.65,-0.24
0.0,0.65,-0.22
0.03,0.65,-0.2
0.05,0.65,-0.17
0.06,0.65,-0.14
0.07,0.65,-0.11
0.07,0.65,-0.1
0.09,0.65,-0.09
0.11,0.65,-0.08
0.12,0.65,-0.07
0.13,0.65,-0.06
0.15,0.65,-0.04
0.16,0.65,-0.02
0.17,0.63,0.0
0.18,0.63,0.02
0.18,0.63,0.05
0.18,0.63,0.08
0.18,0.63,0.1
0.17,0.63,0.13
0.15,0.63,0.15
0.14,0.63,0.18
0.11,0.63,0.2
0.09,0.63,0.22
0.06,0.63,0.23
0.03,0.63,0.24
-0.0,0.63,0.24
-0.03,0.63,0.24
-0.06,0.63,0.23
-0.09,0.63,0.21
-0.11,0.63,0.19
-0.13,0.63,0.17
-0.15,0.63,0.15
-0.16,0.63,0.12
-0.16,0.63,0.09
-0.19,0.63,0.08
-0.22,0.63,0.06
-0.24,0.63,0.03
-0.26,0.63,-0.0
-0.27,0.63,-0.04
-0.28,0.63,-0.08
-0.27,0.63,-0.11
-0.26,0.63,-0.15
-0.24,0.63,-0.18
-0.21,0.63,-0.21
-0.18,0.63,-0.24
-0.14,0.63,-0.25
-0.11,0.63,-0.26
-0.07,0.63,-0.25
-0.03,0.63,-0.24
0.0,0.63,-0.23
0.03,0.63,-0.2
0.05,0.63,-0.18
0.06,0.63,-0.15
0.07,0.63,-0.12
0.08,0.63,-0.1
0.09,0.63,-0.09
0.11,0.63,-0.08
0.12,0.63,-0.07
0.14,0.63,-0.06
0.15,0.63,-0.04
0.16,0.63,-0.02
0.18,0.61,0.0
0.18,0.61,0.02
0.19,0.61,0.05
0.18,0.61,0.08
0.18,0.61,0.1
0.17,0.61,0.13
0.15,0.61,0.15
0.14,0.61,0.18
0.11,0.61,0.2
0.09,0.61,0.21
0.06,0.61,0.23
0.03,0.61,0.23
-0.0,0.61,0.24
-0.03,0.61,0.23
-0.06,0.61,0.22
-0.09,0.61,0.21
-0.11,0.61,0.19
-0.13,0.61,0.17
-0.14,0.61,0.14
-0.15,0.61,0.12
-0.16,0.61,0.09
-0.18,0.61,0.07
-0.21,0.61,0.06
-0.24,0.61,0.03
-0.26,0.61,-0.0
-0.27,0.61,-0.04
-0.27,0.61,-0.07
-0.27,0.61,-0.11
-0.26,0.61,-0.15
-0.24,0.61,-0.18
-0.21,0.61,-0.21
-0.18,0.61,-0.24
-0.14,0.61,-0.25
-0.11,0.61,-0.26
-0.07,0.61,-0.26
-0.03,0.61,-0.25
0.0,0.61,-0.23
0.03,0.61,-0.21
0.05,0.61,-0.18
0.06,0.61,-0.15
0.07,0.61,-0.13
0.08,0.61,-0.1
0.1,0.61,-0.1
0.11,0.61,-0.09
0.13,0.61,-0.07
0.14,0.61,-0.06
0.16,0.61,-0.04
0.17,0.61,-0.02
0.18,0.59,0.0
0.19,0.59,0.02
0.19,0.59,0.05
0.19,0.59,0.08
0.18,0.59,0.1
0.17,0.59,0.13
0.15,0.59,0.15
0.14,0.59,0.18
0.11,0.59,0.2
0.09,0.59,0.21
0.06,0.59,0.22
0.03,0.59,0.23
-0.0,0.59,0.23
-0.03,0.59,0.23
-0.06,0.59,0.22
-0.08,0.59,0.2
-0.11,0.59,0.19
-0.13,0.59,0.16
-0.14,0.59,0.14
-0.15,0.59,0.12
-0.16,0.59,0.09
-0.18,0.59,0.07
-0.2,0.59,0.05
-0.23,0.59,0.03
-0.25,0.59,-0.0
-0.26,0.59,-0.04
-0.27,0.59,-0.07
-0.27,0.59,-0.11
-0.26,0.59,-0.15
-0.24,0.59,-0.18
-0.21,0.59,-0.21
-0.18,0.59,-0.24
-0.15,0.59,-0.26
-0.11,0.59,-0.26
-0.07,0.59,-0.26
-0.03,0.59,-0.26
0.0,0.59,-0.24
0.03,0.59,-0.22
0.05,0.59,-0.19
0.07,0.59,-0.16
0.08,0.59,-0.13
0.08,0.59,-0.11
0.1,0.59,-0.1
0.12,0.59,-0.09
0.13,0.59,-0.08
0.15,0.59,-0.06
0.16,0.59,-0.04
0.17,0.59,-0.02
0.18,0.58,0.0
0.19,0.58,0.02
0.19,0.58,0.05
0.19,0.58,0.08
0.18,0.58,0.1
0.17,0.58,0.13
0.15,0.58,0.15
0.14,0.58,0.18
0.11,0.58,0.2
0.09,0.58,0.21
0.06,0.58,0.22
0.03,0.58,0.23
-0.0,0.58,0.23
-0.03,0.58,0.22
-0.06,0.58,0.21
-0.08,0.58,0.2
-0.1,0.58,0.18
-0.12,0.58,0.16
-0.14,0.58,0.14
-0.15,0.58,0.11
-0.15,0.58,0.09
-0.17,0.58,0.07
-0.2,0.58,0.05
-0.22,0.58,0.03
-0.25,0.58,-0.0
-0.26,0.58,-0.03
-0.27,0.58,-0.07
-0.27,0.58,-0.11
-0.26,0.58,-0.15
-0.24,0.58,-0.18
-0.21,0.58,-0.21
-0.18,0.58,-0.24
-0.15,0.58,-0.26
-0.11,0.58,-0.27
-0.07,0.58,-0.27
-0.03,0.58,-0.26
0.0,0.58,-0.25
0.03,0.58,-0.22
0.05,0.58,-0.2
0.07,0.58,-0.17
0.08,0.58,-0.14
0.09,0.58,-0.11
0.1,0.58,-0.1
0.12,0.58,-0.09
0.14,0.58,-0.08
0.15,0.58,-0.06
0.16,0.58,-0.04
0.18,0.58,-0.02
0.19,0.56,0.0
0.19,0.56,0.03
0.19,0.56,0.05
0.19,0.56,0.08
0.18,0.56,0.11
0.17,0.56,0.13
0.15,0.56,0.15
0.13,0.56,0.18
0.11,0.56,0.19
0.09,0.56,0.21
0.06,0.56,0.22
0.03,0.56,0.22
-0.0,0.56,0.22
-0.03,0.56,0.22
-0.06,0.56,0.21
-0.08,0.56,0.19
-0.1,0.56,0.18
-0.12,0.56,0.16
-0.13,0.56,0.13
-0.14,0.56,0.11
-0.15,0.56,0.09
-0.16,0.56,0.07
-0.19,0.56,0.05
-0.22,0.56,0.03
-0.24,0.56,-0.0
-0.25,0.56,-0.03
-0.26,0.56,-0.07
-0.26,0.56,-0.11
-0.25,0.56,-0.15
-0.24,0.56,-0.18
-0.21,0.56,-0.21
-0.18,0.56,-0.24
-0.15,0.56,-0.26
-0.11,0.56,-0.27
-0.07,0.56,-0.27
-0.03,0.56,-0.27
0.0,0.56,-0.25
0.03,0.56,-0.23
0.06,0.56,-0.2
0.07,0.56,-0.17
0.08,0.56,-0.14
0.09,0.56,-0.11
0.11,0.56,-0.11
0.12,0.56,-0.09
0.14,0.56,-0.08
0.16,0.56,-0.06
0.17,0.56,-0.04
0.18,0.56,-0.02
0.19,0.54,0.0
0.19,0.54,0.03
0.19,0.54,0.05
0.19,0.54,0.08
0.18,0.54,0.11
0.17,0.54,0.13
0.15,0.54,0.15
0.13,0.54,0.18
0.11,0.54,0.19
0.09,0.54,0.21
0.06,0.54,0.22
0.03,0.54,0.22
-0.0,0.54,0.22
-0.03,0.54,0.21
-0.06,0.54,0.2
-0.08,0.54,0.19
-0.1,0.54,0.17
-0.12,0.54,0.15
-0.13,0.54,0.13
-0.14,0.54,0.11
-0.15,0.54,0.09
-0.16,0.54,0.06
-0.18,0.54,0.05
-0.21,0.54,0.03
-0.23,0.54,-0.0
-0.25,0.54,-0.03
-0.26,0.54,-0.07
-0.26,0.54,-0.11
-0.25,0.54,-0.15
-0.24,0.54,-0.18
-0.21,0.54,-0.22
-0.18,0.54,-0.24
-0.15,0.54,-0.26
-0.11,0.54,-0.27
-0.07,0.54,-0.28
-0.03,0.54,-0.27
0.0,0.54,-0.26
0.03,0.54,-0.24
0.06,0.54,-0.21
0.08,0.54,-0.18
0.09,0.54,-0.15
0.09,0.54,-0.12
0.11,0.54,-0.11
0.13,0.54,-0.1
0.14,0.54,-0.08
0.16,0.54,-0.07
0.17,0.54,-0.05
0.18,0.54,-0.02
0.19,0.52,0.0
0.2,0.52,0.03
0.2,0.52,0.05
0.19,0.52,0.08
0.18,0.52,0.11
0.17,0.52,0.13
0.15,0.52,0.15
0.13,0.52,0.17
0.11,0.52,0.19
0.09,0.52,0.21
0.06,0.52,0.21
0.03,0.52,0.22
-0.0,0.52,0.22
-0.03,0.52,0.21
-0.05,0.52,0.2
-0.08,0.52,0.19
-0.1,0.52,0.17
-0.12,0.52,0.15
-0.13,0.52,0.13
-0.14,0.52,0.11
-0.15,0.52,0.08
-0.15,0.52,0.06
-0.18,0.52,0.05
-0.2,0.52,0.03
-0.23,0.52,-0.0
-0.24,0.52,-0.03
-0.25,0.52,-0.07
-0.26,0.52,-0.11
-0.25,0.52,-0.15
-0.24,0.52,-0.18
-0.21,0.52,-0.22
-0.19,0.52,-0.24
-0.15,0.52,-0.26
-0.11,0.52,-0.28
-0.07,0.52,-0.28
-0.04,0.52,-0.28
0.0,0.52,-0.26
0.03,0.52,-0.24
0.06,0.52,-0.22
0.08,0.52,-0.19
0.09,0.52,-0.15
0.09,0.52,-0.12
0.11,0.52,-0.11
0.13,0.52,-0.1
0.15,0.52,-0.08
0.16,0.52,-0.07
0.18,0.52,-0.05
0.19,0.52,-0.02
0.2,0.5,-0.0
0.2,0.5,0.03
0.2,0.5,0.05
0.19,0.5,0.08
0.18,0.5,0.11
0.17,0.5,0.13
0.16,0.5,0.16
0.14,0.5,0.18
0.12,0.5,0.2
0.09,0.5,0.22
0.06,0.5,0.23
0.03,0.5,0.23
-0.0,0.5,0.23
-0.03,0.5,0.22
-0.05,0.5,0.2
-0.08,0.5,0.18
-0.1,0.5,0.17
-0.11,0.5,0.15
-0.13,0.5,0.13
-0.14,0.5,0.1
-0.14,0.5,0.08
-0.15,0.5,0.06
-0.17,0.5,0.05
-0.2,0.5,0.03
-0.22,0.5,-0.0
-0.24,0.5,-0.03
-0.25,0.5,-0.07
-0.25,0.5,-0.11
-0.25,0.5,-0.15
-0.24,0.5,-0.18
-0.22,0.5,-0.22
-0.19,0.5,-0.25
-0.15,0.5,-0.27
-0.12,0.5,-0.28
-0.08,0.5,-0.29
-0.04,0.5,-0.28
0.0,0.5,-0.27
0.03,0.5,-0.25
0.06,0.5,-0.22
0.08,0.5,-0.19
0.09,0.5,-0.16
0.1,0.5,-0.13
0.12,0.5,-0.12
0.14,0.5,-0.1
0.15,0.5,-0.09
0.17,0.5,-0.07
0.18,0.5,-0.05
0.19,0.5,-0.02
0.2,0.49,0.0
0.2,0.49,0.03
0.2,0.49,0.05
0.2,0.49,0.08
0.19,0.49,0.11
0.18,0.49,0.14
0.16,0.49,0.17
0.15,0.49,0.19
0.12,0.49,0.22
0.1,0.49,0.23
0.07,0.49,0.25
0.03,0.49,0.25
-0.0,0.49,0.25
-0.03,0.49,0.24
-0.06,0.49,0.22
-0.08,0.49,0.19
-0.1,0.49,0.17
-0.11,0.49,0.14
-0.12,0.49,0.12
-0.13,0.49,0.1
-0.14,0.49,0.08
-0.14,0.49,0.06
-0.16,0.49,0.04
-0.19,0.49,0.02
-0.22,0.49,-0.0
-0.24,0.49,-0.03
-0.25,0.49,-0.07
-0.26,0.49,-0.11
-0.25,0.49,-0.15
-0.24,0.49,-0.19
-0.22,0.49,-0.22
-0.19,0.49,-0.25
-0.15,0.49,-0.27
-0.12,0.49,-0.28
-0.08,0.49,-0.29
-0.04,0.49,-0.29
0.0,0.49,-0.27
0.03,0.49,-0.25
0.06,0.49,-0.23
0.08,0.49,-0.19
0.09,0.49,-0.16
0.1,0.49,-0.13
0.12,0.49,-0.12
0.14,0.49,-0.11
0.16,0.49,-0.09
0.17,0.49,-0.07
0.18,0.49,-0.05
0.19,0.49,-0.02
0.2,0.47,0.0
0.21,0.47,0.03
0.2,0.47,0.05
0.2,0.47,0.08
0.19,0.47,0.11
0.18,0.47,0.14
0.17,0.47,0.17
0.15,0.47,0.2
0.13,0.47,0.23
0.1,0.47,0.25
0.07,0.47,0.26
0.04,0.47,0.27
-0.0,0.47,0.27
-0.03,0.47,0.25
-0.06,0.47,0.23
-0.09,0.47,0.21
-0.1,0.47,0.18
-0.12,0.47,0.15
-0.13,0.47,0.13
-0.13,0.47,0.1
-0.14,0.47,0.08
-0.14,0.47,0.06
-0.17,0.47,0.04
-0.2,0.47,0.03
-0.23,0.47,-0.0
-0.25,0.47,-0.03
-0.26,0.47,-0.07
-0.26,0.47,-0.11
-0.26,0.47,-0.15
-0.24,0.47,-0.19
-0.22,0.47,-0.22
-0.19,0.47,-0.25
-0.15,0.47,-0.27
-0.12,0.47,-0.28
-0.08,0.47,-0.29
-0.04,0.47,-0.29
0.0,0.47,-0.27
0.03,0.47,-0.25
0.06,0.47,-0.23
0.08,0.47,-0.2
0.09,0.47,-0.16
0.1,0.47,-0.13
0.12,0.47,-0.12
0.14,0.47,-0.11
0.16,0.47,-0.09
0.18,0.47,-0.07
0.19,0.47,-0.05
0.2,0.47,-0.03
0.21,0.45,0.0
0.21,0.45,0.03
0.2,0.45,0.05
0.2,0.45,0.08
0.2,0.45,0.11
0.19,0.45,0.15
0.18,0.45,0.18
0.16,0.45,0.21
0.14,0.45,0.24
0.11,0.45,0.26
0.07,0.45,0.28
0.04,0.45,0.29
-0.0,0.45,0.28
-0.04,0.45,0.27
-0.07,0.45,0.24
-0.09,0.45,0.22
-0.11,0.45,0.19
-0.12,0.45,0.16
-0.13,0.45,0.13
-0.14,0.45,0.1
-0.14,0.45,0.08
-0.14,0.45,0.06
-0.17,0.45,0.05
-0.2,0.45,0.03
-0.23,0.45,-0.0
-0.25,0.45,-0.03
-0.26,0.45,-0.07
-0.27,0.45,-0.11
-0.26,0.45,-0.15
-0.25,0.45,-0.19
-0.22,0.45,-0.22
-0.19,0.45,-0.25
-0.15,0.45,-0.27
-0.12,0.45,-0.28
-0.08,0.45,-0.29
-0.04,0.45,-0.29
0.0,0.45,-0.27
0.03,0.45,-0.25
0.06,0.45,-0.23
0.08,0.45,-0.19
0.09,0.45,-0.16
0.1,0.45,-0.13
0.12,0.45,-0.12
0.14,0.45,-0.11
0.16,0.45,-0.09
0.18,0.45,-0.07
0.19,0.45,-0.05
0.2,0.45,-0.03
0.21,0.43,0.0
0.21,0.43,0.03
0.21,0.43,0.06
0.2,0.43,0.08
0.2,0.43,0.12
0.19,0.43,0.15
0.18,0.43,0.18
0.17,0.43,0.22
0.14,0.43,0.25
0.11,0.43,0.28
0.08,0.43,0.3
0.04,0.43,0.3
-0.0,0.43,0.3
-0.04,0.43,0.28
-0.07,0.43,0.26
-0.09,0.43,0.23
-0.11,0.43,0.19
-0.13,0.43,0.16
-0.13,0.43,0.13
-0.14,0.43,0.11
-0.14,0.43,0.08
-0.14,0.43,0.06
-0.18,0.43,0.05
-0.21,0.43,0.03
-0.24,0.43,-0.0
-0.26,0.43,-0.03
-0.27,0.43,-0.07
-0.27,0.43,-0.11
-0.27,0.43,-0.15
-0.25,0.43,-0.19
-0.22,0.43,-0.22
-0.19,0.43,-0.25
-0.15,0.43,-0.27
-0.12,0.43,-0.28
-0.08,0.43,-0.29
-0.04,0.43,-0.28
0.0,0.43,-0.27
0.03,0.43,-0.25
0.06,0.43,-0.22
0.08,0.43,-0.19
0.09,0.43,-0.16
0.1,0.43,-0.13
0.13,0.43,-0.12
0.15,0.43,-0.11
0.16,0.43,-0.09
0.18,0.43,-0.07
0.19,0.43,-0.05
0.2,0.43,-0.03
0.21,0.41,-0.0
0.21,0.41,0.03
0.2,0.41,0.05
0.2,0.41,0.08
0.2,0.41,0.12
0.2,0.41,0.15
0.19,0.41,0.19
0.17,0.41,0.22
0.15,0.41,0.26
0.12,0.41,0.29
0.08,0.41,0.31
0.04,0.41,0.32
-0.0,0.41,0.32
-0.04,0.41,0.3
-0.07,0.41,0.27
-0.1,0.41,0.24
-0.12,0.41,0.2
-0.13,0.41,0.17
-0.14,0.41,0.14
-0.14,0.41,0.11
-0.14,0.41,0.08
-0.15,0.41,0.06
-0.18,0.41,0.05
-0.21,0.41,0.03
-0.24,0.41,-0.0
-0.26,0.41,-0.04
-0.27,0.41,-0.07
-0.28,0.41,-0.12
-0.27,0.41,-0.16
-0.25,0.41,-0.19
-0.23,0.41,-0.23
-0.19,0.41,-0.25
-0.15,0.41,-0.27
-0.11,0.41,-0.28
-0.07,0.41,-0.28
-0.04,0.41,-0.28
0.0,0.41,-0.26
0.03,0.41,-0.24
0.06,0.41,-0.22
0.08,0.41,-0.18
0.09,0.41,-0.15
0.1,0.41,-0.13
0.12,0.41,-0.12
0.14,0.41,-0.11
0.16,0.41,-0.09
0.18,0.41,-0.07
0.19,0.41,-0.05
0.2,0.41,-0.03
0.2,0.4,0.0
0.2,0.4,0.03
0.2,0.4,0.05
0.2,0.4,0.08
0.2,0.4,0.12
0.2,0.4,0.15
0.19,0.4,0.19
0.18,0.4,0.23
0.15,0.4,0.27
0.12,0.4,0.3
0.09,0.4,0.33
0.04,0.4,0.34
-0.0,0.4,0.34
-0.04,0.4,0.32
-0.08,0.4,0.29
-0.1,0.4,0.25
-0.12,0.4,0.21
-0.13,0.4,0.17
-0.14,0.4,0.14
-0.14,0.4,0.11
-0.14,0.4,0.08
-0.15,0.4,0.06
-0.19,0.4,0.05
-0.22,0.4,0.03
-0.25,0.4,-0.0
-0.27,0.4,-0.04
-0.28,0.4,-0.08
-0.28,0.4,-0.12
-0.27,0.4,-0.16
-0.25,0.4,-0.2
-0.23,0.4,-0.23
-0.19,0.4,-0.25
-0.15,0.4,-0.27
-0.11,0.4,-0.28
-0.07,0.4,-0.28
-0.03,0.4,-0.27
0.0,0.4,-0.26
0.03,0.4,-0.24
0.06,0.4,-0.21
0.07,0.4,-0.18
0.08,0.4,-0.14
0.1,0.4,-0.13
0.12,0.4,-0.12
0.14,0.4,-0.11
0.16,0.4,-0.09
0.17,0.4,-0.07
0.19,0.4,-0.05
0.2,0.4,-0.02
0.2,0.38,0.0
0.2,0.38,0.03
0.2,0.38,0.05
0.2,0.38,0.08
0.2,0.38,0.12
0.2,0.38,0.16
0.19,0.38,0.2
0.18,0.38,0.24
0.16,0.38,0.28
0.13,0.38,0.31
0.09,0.38,0.34
0.05,0.38,0.36
-0.0,0.38,0.35
-0.04,0.38,0.33
-0.08,0.38,0.3
-0.11,0.38,0.26
-0.12,0.38,0.22
-0.13,0.38,0.18
-0.14,0.38,0.14
-0.14,0.38,0.11
-0.14,0.38,0.08
-0.15,0.38,0.06
-0.19,0.38,0.05
-0.22,0.38,0.03
-0.25,0.38,-0.0
-0.27,0.38,-0.04
-0.28,0.38,-0.08
-0.29,0.38,-0.12
-0.28,0.38,-0.16
-0.26,0.38,-0.2
-0.23,0.38,-0.23
-0.19,0.38,-0.25
-0.15,0.38,-0.27
-0.11,0.38,-0.28
-0.07,0.38,-0.27
-0.03,0.38,-0.26
0.0,0.38,-0.25
0.03,0.38,-0.22
0.05,0.38,-0.19
0.07,0.38,-0.16
0.08,0.38,-0.13
0.1,0.38,-0.13
0.12,0.38,-0.12
0.14,0.38,-0.1
0.15,0.38,-0.09
0.17,0.38,-0.07
0.18,0.38,-0.05
0.19,0.38,-0.02
0.19,0.36,0.0
0.19,0.36,0.03
0.19,0.36,0.05
0.2,0.36,0.08
0.2,0.36,0.12
0.2,0.36,0.16
0.2,0.36,0.2
0.19,0.36,0.24
0.17,0.36,0.29
0.14,0.36,0.33
0.1,0.36,0.36
0.05,0.36,0.37
-0.0,0.36,0.37
-0.05,0.36,0.35
-0.08,0.36,0.31
-0.11,0.36,0.27
-0.13,0.36,0.22
-0.14,0.36,0.18
-0.14,0.36,0.14
-0.14,0.36,0.11
-0.13,0.36,0.08
-0.16,0.36,0.07
-0.2,0.36,0.05
-0.23,0.36,0.03
-0.26,0.36,-0.0
-0.28,0.36,-0.04
-0.29,0.36,-0.08
-0.29,0.36,-0.12
-0.28,0.36,-0.16
-0.26,0.36,-0.2
-0.23,0.36,-0.23
-0.19,0.36,-0.25
-0.15,0.36,-0.27
-0.11,0.36,-0.27
-0.07,0.36,-0.27
-0.03,0.36,-0.26
0.0,0.36,-0.24
0.03,0.36,-0.21
0.05,0.36,-0.18
0.06,0.36,-0.14
0.07,0.36,-0.13
0.09,0.36,-0.12
0.11,0.36,-0.11
0.13,0.36,-0.1
0.15,0.36,-0.08
0.16,0.36,-0.07
0.17,0.36,-0.05
0.18,0.36,-0.02
0.18,0.34,-0.0
0.18,0.34,0.02
0.19,0.34,0.05
0.2,0.34,0.08
0.2,0.34,0.12
0.2,0.34,0.16
0.2,0.34,0.2
0.19,0.34,0.25
0.17,0.34,0.3
0.14,0.34,0.34
0.1,0.34,0.37
0.05,0.34,0.39
-0.0,0.34,0.39
-0.05,0.34,0.36
-0.09,0.34,0.32
-0.12,0.34,0.28
-0.13,0.34,0.23
-0.14,0.34,0.18
-0.14,0.34,0.14
-0.14,0.34,0.1
-0.13,0.34,0.08
-0.16,0.34,0.07
-0.2,0.34,0.05
-0.24,0.34,0.03
-0.26,0.34,-0.0
-0.28,0.34,-0.04
-0.29,0.34,-0.08
-0.29,0.34,-0.12
-0.28,0.34,-0.16
-0.26,0.34,-0.2
-0.23,0.34,-0.23
-0.19,0.34,-0.26
-0.15,0.34,-0.27
-0.11,0.34,-0.27
-0.07,0.34,-0.27
-0.03,0.34,-0.25
0.0,0.34,-0.23
0.03,0.34,-0.2
0.05,0.34,-0.17
0.06,0.34,-0.13
0.07,0.34,-0.12
0.09,0.34,-0.11
0.11,0.34,-0.1
0.12,0.34,-0.09
0.14,0.34,-0.08
0.15,0.34,-0.06
0.16,0.34,-0.04
0.17,0.34,-0.02
0.17,0.32,0.0
0.17,0.32,0.02
0.18,0.32,0.05
0.19,0.32,0.08
0.2,0.32,0.12
0.2,0.32,0.16
0.2,0.32,0.2
0.19,0.32,0.25
0.17,0.32,0.3
0.14,0.32,0.35
0.1,0.32,0.39
0.05,0.32,0.41
-0.0,0.32,0.41
-0.05,0.32,0.38
-0.09,0.32,0.34
-0.12,0.32,0.29
-0.13,0.32,0.23
-0.14,0.32,0.18
-0.14,0.32,0.14
-0.13,0.32,0.1
-0.13,0.32,0.07
-0.17,0.32,0.07
-0.21,0.32,0.05
-0.24,0.32,0.03
-0.27,0.32,-0.0
-0.29,0.32,-0.04
-0.3,0.32,-0.08
-0.3,0.32,-0.12
-0.28,0.32,-0.17
-0.26,0.32,-0.2
-0.23,0.32,-0.23
-0.19,0.32,-0.26
-0.15,0.32,-0.27
-0.11,0.32,-0.27
-0.07,0.32,-0.27
-0.03,0.32,-0.25
0.0,0.32,-0.23
0.03,0.32,-0.2
0.04,0.32,-0.16
0.05,0.32,-0.13
0.06,0.32,-0.11
0.08,0.32,-0.1
0.1,0.32,-0.09
0.11,0.32,-0.08
0.13,0.32,-0.07
0.14,0.32,-0.06
0.15,0.32,-0.04
0.16,0.32,-0.02
0.15,0.31,0.0
0.16,0.31,0.02
0.17,0.31,0.05
0.18,0.31,0.08
0.2,0.31,0.11
0.2,0.31,0.16
0.2,0.31,0.2
0.2,0.31,0.26
0.18,0.31,0.31
0.15,0.31,0.36
0.11,0.31,0.4
0.06,0.31,0.42
-0.0,0.31,0.42
-0.05,0.31,0.4
-0.09,0.31,0.35
-0.12,0.31,0.29
-0.14,0.31,0.24
-0.14,0.31,0.18
-0.14,0.31,0.14
-0.13,0.31,0.1
-0.13,0.31,0.07
-0.17,0.31,0.07
-0.21,0.31,0.06
-0.25,0.31,0.03
-0.27,0.31,-0.0
-0.29,0.31,-0.04
-0.3,0.31,-0.08
-0.3,0.31,-0.13
-0.29,0.31,-0.17
-0.26,0.31,-0.2
-0.23,0.31,-0.23
-0.2,0.31,-0.26
-0.15,0.31,-0.27
-0.11,0.31,-0.27
-0.07,0.31,-0.26
-0.03,0.31,-0.25
0.0,0.31,-0.22
0.03,0.31,-0.19
0.04,0.31,-0.15
0.05,0.31,-0.12
0.05,0.31,-0.09
0.07,0.31,-0.09
0.08,0.31,-0.08
0.1,0.31,-0.07
0.11,0.31,-0.06
0.12,0.31,-0.05
0.13,0.31,-0.04
0.14,0.31,-0.02
0.12,0.29,0.0
0.14,0.29,0.02
0.16,0.29,0.04
0.18,0.29,0.07
0.19,0.29,0.11
0.2,0.29,0.15
0.2,0.29,0.2
0.2,0.29,0.26
0.18,0.29,0.32
0.15,0.29,0.37
0.11,0.29,0.41
0.06,0.29,0.43
-0.0,0.29,0.43
-0.05,0.29,0.41
-0.1,0.29,0.36
-0.13,0.29,0.3
-0.14,0.29,0.24
-0.14,0.29,0.18
-0.13,0.29,0.13
-0.12,0.29,0.09
-0.13,0.29,0.08
-0.17,0.29,0.07
-0.21,0.29,0.06
-0.25,0.29,0.03
-0.28,0.29,-0.0
-0.3,0.29,-0.04
-0.31,0.29,-0.08
-0.31,0.29,-0.13
-0.29,0.29,-0.17
-0.27,0.29,-0.21
-0.23,0.29,-0.24
-0.2,0.29,-0.26
-0.15,0.29,-0.27
-0.11,0.29,-0.27
-0.07,0.29,-0.26
-0.03,0.29,-0.24
0.0,0.29,-0.21
0.02,0.29,-0.18
0.04,0.29,-0.15
0.05,0.29,-0.11
0.04,0.29,-0.08
0.05,0.29,-0.06
0.06,0.29,-0.06
0.08,0.29,-0.06
0.09,0.29,-0.05
0.1,0.29,-0.04
0.11,0.29,-0.03
0.12,0.29,-0.01
0.1,0.27,-0.0
0.12,0.27,0.02
0.14,0.27,0.04
0.16,0.27,0.07
0.18,0.27,0.11
0.2,0.27,0.15
0.2,0.27,0.2
0.2,0.27,0.26
0.19,0.27,0.33
0.16,0.27,0.38
0.11,0.27,0.42
0.06,0.27,0.44
-0.0,0.27,0.44
-0.06,0.27,0.42
-0.1,0.27,0.37
-0.13,0.27,0.31
-0.14,0.27,0.24
-0.14,0.27,0.18
-0.12,0.27,0.12
-0.11,0.27,0.08
-0.13,0.27,0.08
-0.18,0.27,0.07
-0.22,0.27,0.06
-0.26,0.27,0.03
-0.29,0.27,-0.0
-0.31,0.27,-0.04
-0.31,0.27,-0.08
-0.31,0.27,-0.13
-0.29,0.27,-0.17
-0.27,0.27,-0.21
-0.24,0.27,-0.24
-0.2,0.27,-0.26
-0.15,0.27,-0.27
-0.11,0.27,-0.27
-0.07,0.27,-0.26
-0.03,0.27,-0.24
0.0,0.27,-0.21
0.02,0.27,-0.17
0.04,0.27,-0.14
0.04,0.27,-0.1
0.04,0.27,-0.07
0.03,0.27,-0.04
0.02,0.27,-0.02
0.03,0.27,-0.02
0.04,0.27,-0.02
0.05,0.27,-0.02
0.06,0.27,-0.02
0.08,0.27,-0.01
0.01,0.25,-0.0
0.08,0.25,0.01
0.12,0.25,0.03
0.15,0.25,0.06
0.17,0.25,0.1
0.19,0.25,0.15
0.2,0.25,0.2
0.2,0.25,0.26
0.19,0.25,0.33
0.16,0.25,0.39
0.11,0.25,0.43
0.06,0.25,0.45
-0.0,0.25,0.45
-0.06,0.25,0.42
-0.1,0.25,0.38
-0.13,0.25,0.32
-0.14,0.25,0.24
-0.13,0.25,0.17
-0.11,0.25,0.11
-0.09,0.25,0.07
-0.14,0.25,0.08
-0.18,0.25,0.07
-0.22,0.25,0.06
-0.26,0.25,0.03
-0.29,0.25,-0.0
-0.31,0.25,-0.04
-0.32,0.25,-0.09
-0.31,0.25,-0.13
-0.3,0.25,-0.17
-0.27,0.25,-0.21
-0.24,0.25,-0.24
-0.2,0.25,-0.26
-0.15,0.25,-0.27
-0.11,0.25,-0.26
-0.07,0.25,-0.25
-0.03,0.25,-0.23
0.0,0.25,-0.2
0.02,0.25,-0.17
0.03,0.25,-0.13
0.04,0.25,-0.09
0.03,0.25,-0.05
0.02,0.25,-0.03
0.02,0.25,-0.02
0.01,0.25,-0.01
0.01,0.25,-0.01
0.01,0.25,-0.0
0.01,0.25,-0.0
0.01,0.25,-0.0
0.0,0.23,-0.0
0.0,0.23,0.0
0.0,0.23,0.0
0.12,0.23,0.05
0.15,0.23,0.09
0.18,0.23,0.14
0.2,0.23,0.2
0.2,0.23,0.27
0.19,0.23,0.34
0.16,0.23,0.39
0.12,0.23,0.43
0.06,0.23,0.45
-0.0,0.23,0.45
-0.06,0.23,0.43
-0.1,0.23,0.39
-0.13,0.23,0.32
-0.14,0.23,0.24
-0.13,0.23,0.16
-0.09,0.23,0.09
-0.09,0.23,0.07
-0.14,0.23,0.08
-0.18,0.23,0.08
-0.23,0.23,0.06
-0.27,0.23,0.03
-0.3,0.23,-0.0
-0.32,0.23,-0.04
-0.32,0.23,-0.09
-0.32,0.23,-0.13
-0.3,0.23,-0.17
-0.27,0.23,-0.21
-0.24,0.23,-0.24
-0.2,0.23,-0.26
-0.15,0.23,-0.26
-0.11,0.23,-0.26
-0.07,0.23,-0.25
-0.03,0.23,-0.23
0.0,0.23,-0.19
0.02,0.23,-0.16
0.03,0.23,-0.11
0.03,0.23,-0.07
0.02,0.23,-0.04
0.01,0.23,-0.02
0.01,0.23,-0.01
0.01,0.23,-0.0
0.0,0.23,-0.0
0.0,0.23,-0.0
0.0,0.23,-0.0
0.0,0.23,-0.0
-0.0,0.22,0.0
-0.0,0.22,-0.0
-0.0,0.22,-0.0
-0.0,0.22,-0.0
0.12,0.22,0.07
0.17,0.22,0.13
0.19,0.22,0.19
0.2,0.22,0.27
0.19,0.22,0.34
0.16,0.22,0.39
0.12,0.22,0.43
0.06,0.22,0.45
-0.0,0.22,0.45
-0.06,0.22,0.43
-0.1,0.22,0.39
-0.13,0.22,0.32
-0.14,0.22,0.24
-0.11,0.22,0.15
-0.05,0.22,0.05
-0.09,0.22,0.07
-0.14,0.22,0.08
-0.19,0.22,0.08
-0.23,0.22,0.06
-0.27,0.22,0.04
-0.3,0.22,-0.0
-0.32,0.22,-0.04
-0.33,0.22,-0.09
-0.32,0.22,-0.13
-0.3,0.22,-0.18
-0.27,0.22,-0.21
-0.24,0.22,-0.24
-0.2,0.22,-0.26
-0.15,0.22,-0.26
-0.11,0.22,-0.26
-0.06,0.22,-0.24
-0.03,0.22,-0.22
0.0,0.22,-0.19
0.02,0.22,-0.15
0.03,0.22,-0.1
0.02,0.22,-0.06
-0.03,0.22,0.05
-0.05,0.22,0.06
-0.0,0.22,0.0
-0.0,0.22,0.0
-0.0,0.22,0.0
-0.0,0.22,0.0
-0.0,0.22,0.0
-0.0,0.22,0.0
-0.0,0.2,-0.0
-0.0,0.2,-0.0
-0.0,0.2,-0.0
-0.0,0.2,-0.0
-0.0,0.2,-0.0
0.14,0.2,0.11
0.19,0.2,0.19
0.2,0.2,0.26
0.19,0.2,0.34
0.16,0.2,0.39
0.12,0.2,0.43
0.06,0.2,0.45
-0.0,0.2,0.45
-0.06,0.2,0.43
-0.1,0.2,0.39
-0.13,0.2,0.32
-0.13,0.2,0.23
3.05,0.2,-3.96
-0.04,0.2,0.04
-0.09,0.2,0.07
-0.14,0.2,0.08
-0.19,0.2,0.08
-0.24,0.2,0.06
-0.28,0.2,0.04
-0.31,0.2,-0.0
-0.33,0.2,-0.04
-0.33,0.2,-0.09
-0.32,0.2,-0.14
-0.31,0.2,-0.18
-0.28,0.2,-0.21
-0.24,0.2,-0.24
-0.2,0.2,-0.26
-0.15,0.2,-0.26
-0.11,0.2,-0.26
-0.06,0.2,-0.24
-0.03,0.2,-0.21
0.0,0.2,-0.18
0.02,0.2,-0.13
0.02,0.2,-0.09
-0.03,0.2,0.07
-0.05,0.2,0.08
-3.06,0.2,3.95
-0.02,0.2,0.02
-0.01,0.2,0.01
-0.01,0.2,0.0
-0.01,0.2,0.0
-0.01,0.2,0.0
-0.0,0.2,0.0
-0.01,0.18,-0.0
-0.01,0.18,-0.0
-0.01,0.18,-0.0
-0.01,0.18,-0.0
-0.01,0.18,-0.0
-0.01,0.18,-0.0
0.17,0.18,0.17
0.2,0.18,0.26
0.19,0.18,0.34
0.16,0.18,0.39
0.12,0.18,0.43
0.06,0.18,0.45
-0.0,0.18,0.45
-0.06,0.18,0.43
-0.1,0.18,0.39
-0.13,0.18,0.32
-0.13,0.18,0.22
3.05,0.18,-3.96
3.54,0.18,-3.53
-0.09,0.18,0.07
-0.14,0.18,0.08
-0.2,0.18,0.08
-0.24,0.18,0.06
-0.28,0.18,0.04
-0.31,0.18,-0.0
-0.33,0.18,-0.04
-0.34,0.18,-0.09
-0.33,0.18,-0.14
-0.31,0.18,-0.18
-0.28,0.18,-0.21
-0.24,0.18,-0.24
-0.2,0.18,-0.26
-0.15,0.18,-0.26
-0.1,0.18,-0.25
-0.06,0.18,-0.24
-0.03,0.18,-0.21
0.0,0.18,-0.17
0.02,0.18,-0.12
0.01,0.18,-0.05
-0.04,0.18,0.09
-0.07,0.18,0.11
-3.06,0.18,3.95
-3.55,0.18,3.52
-0.02,0.18,0.01
-0.01,0.18,0.01
-0.01,0.18,0.0
-0.01,0.18,0.0
-0.01,0.18,0.0
-0.01,0.16,0.0
-0.01,0.16,-0.0
-0.01,0.16,-0.0
-0.01,0.16,-0.0
-0.01,0.16,-0.0
-0.01,0.16,-0.01
0.13,0.16,0.13
0.2,0.16,0.26
0.19,0.16,0.33
0.16,0.16,0.39
0.11,0.16,0.43
0.06,0.16,0.45
-0.0,0.16,0.45
-0.06,0.16,0.42
-0.1,0.16,0.38
-0.13,0.16,0.32
2.51,0.16,-4.33
3.05,0.16,-3.96
3.54,0.16,-3.53
-0.09,0.16,0.07
-0.15,0.16,0.08
-0.2,0.16,0.08
-0.25,0.16,0.07
-0.29,0.16,0.04
-0.32,0.16,-0.0
-0.33,0.16,-0.04
-0.34,0.16,-0.09
-0.33,0.16,-0.14
-0.31,0.16,-0.18
-0.28,0.16,-0.22
-0.24,0.16,-0.24
-0.2,0.16,-0.26
-0.15,0.16,-0.26
-0.1,0.16,-0.25
-0.06,0.16,-0.23
-0.03,0.16,-0.2
0.0,0.16,-0.16
0.01,0.16,-0.1
-0.03,0.16,0.1
-0.05,0.16,0.12
-2.52,0.16,4.32
-3.06,0.16,3.95
-3.55,0.16,3.52
-0.03,0.16,0.02
-0.02,0.16,0.01
-0.02,0.16,0.01
-0.01,0.16,0.0
-0.01,0.16,0.0
-0.02,0.14,0.0
-0.01,0.14,-0.0
-0.01,0.14,-0.0
-0.01,0.14,-0.01
-0.01,0.14,-0.01
-0.01,0.14,-0.01
-0.01,0.14,-0.01
0.19,0.14,0.24
0.19,0.14,0.32
0.16,0.14,0.38
0.11,0.14,0.42
0.06,0.14,0.44
-0.0,0.14,0.44
-0.06,0.14,0.42
-0.1,0.14,0.37
-0.13,0.14,0.31
2.51,0.14,-4.33
3.05,0.14,-3.96
3.54,0.14,-3.53
-0.09,0.14,0.07
-0.15,0.14,0.09
-0.2,0.14,0.08
-0.25,0.14,0.07
-0.29,0.14,0.04
-0.32,0.14,-0.0
-0.34,0.14,-0.05
-0.34,0.14,-0.09
-0.33,0.14,-0.14
-0.31,0.14,-0.18
-0.28,0.14,-0.22
-0.24,0.14,-0.24
-0.19,0.14,-0.26
-0.15,0.14,-0.26
-0.1,0.14,-0.25
-0.06,0.14,-0.22
-0.02,0.14,-0.19
0.0,0.14,-0.14
-0.02,0.14,0.11
-0.03,0.14,0.12
-0.06,0.14,0.14
-2.52,0.14,4.32
-3.06,0.14,3.95
-3.55,0.14,3.52
-0.04,0.14,0.03
-0.02,0.14,0.01
-0.02,0.14,0.01
-0.02,0.14,0.0
-0.02,0.14,0.0
-0.02,0.13,-0.0
-0.02,0.13,-0.0
-0.02,0.13,-0.0
-0.02,0.13,-0.01
-0.01,0.13,-0.01
-0.01,0.13,-0.01
-0.01,0.13,-0.01
0.17,0.13,0.22
0.18,0.13,0.31
0.15,0.13,0.37
0.11,0.13,0.41
0.06,0.13,0.43
-0.0,0.13,0.43
-0.05,0.13,0.41
-0.1,0.13,0.36
-0.12,0.13,0.29
2.51,0.13,-4.33
3.05,0.13,-3.96
3.54,0.13,-3.53
-0.08,0.13,0.06
-0.15,0.13,0.08
-0.2,0.13,0.08
-0.25,0.13,0.07
-0.29,0.13,0.04
-0.32,0.13,-0.0
-0.34,0.13,-0.05
-0.34,0.13,-0.09
-0.33,0.13,-0.14
-0.31,0.13,-0.18
-0.28,0.13,-0.22
-0.24,0.13,-0.24
-0.19,0.13,-0.26
-0.15,0.13,-0.26
-0.1,0.13,-0.24
-0.06,0.13,-0.22
-0.02,0.13,-0.18
0.0,0.13,-0.13
-0.02,0.13,0.13
-0.04,0.13,0.14
-0.07,0.13,0.17
-2.52,0.13,4.32
-3.06,0.13,3.95
-3.55,0.13,3.52
-0.05,0.13,0.04
-0.03,0.13,0.02
-0.03,0.13,0.01
-0.02,0.13,0.01
-0.02,0.13,0.0
-0.02,0.11,0.0
-0.02,0.11,-0.0
-0.02,0.11,-0.01
-0.02,0.11,-0.01
-0.02,0.11,-0.01
-0.02,0.11,-0.01
-0.01,0.11,-0.01
-0.01,0.11,-0.02
0.17,0.11,0.3
0.15,0.11,0.36
0.11,0.11,0.4
0.06,0.11,0.42
-0.0,0.11,0.42
-0.05,0.11,0.4
-0.09,0.11,0.35
-0.11,0.11,0.25
2.51,0.11,-4.33
3.05,0.11,-3.96
3.54,0.11,-3.53
3.97,0.11,-3.04
-0.14,0.11,0.08
-0.2,0.11,0.08
-0.25,0.11,0.07
-0.29,0.11,0.04
-0.32,0.11,-0.0
-0.33,0.11,-0.04
-0.34,0.11,-0.09
-0.33,0.11,-0.14
-0.31,0.11,-0.18
-0.28,0.11,-0.21
-0.24,0.11,-0.24
-0.19,0.11,-0.25
-0.15,0.11,-0.25
-0.1,0.11,-0.24
-0.06,0.11,-0.21
-0.02,0.11,-0.17
0.0,0.11,-0.1
-0.02,0.11,0.15
-0.04,0.11,0.17
-0.09,0.11,0.21
-2.52,0.11,4.32
-3.06,0.11,3.95
-3.55,0.11,3.52
-3.98,0.11,3.03
-0.04,0.11,0.02
-0.03,0.11,0.01
-0.03,0.11,0.01
-0.02,0.11,0.0
-0.03,0.09,-0.0
-0.03,0.09,-0.0
-0.02,0.09,-0.01
-0.02,0.09,-0.01
-0.02,0.09,-0.01
-0.02,0.09,-0.01
-0.02,0.09,-0.02
-0.02,0.09,-0.02
0.16,0.09,0.27
0.14,0.09,0.35
0.1,0.09,0.39
0.05,0.09,0.41
-0.0,0.09,0.41
-0.05,0.09,0.38
-0.09,0.09,0.33
1.92,0.09,-4.62
2.51,0.09,-4.33
3.05,0.09,-3.96
3.54,0.09,-3.53
3.97,0.09,-3.04
-0.13,0.09,0.08
-0.19,0.09,0.08
-0.24,0.09,0.06
-0.28,0.09,0.04
-0.31,0.09,-0.0
-0.33,0.09,-0.04
-0.33,0.09,-0.09
-0.33,0.09,-0.14
-0.31,0.09,-0.18
-0.27,0.09,-0.21
-0.24,0.09,-0.24
-0.19,0.09,-0.25
-0.14,0.09,-0.25
-0.1,0.09,-0.23
-0.05,0.09,-0.2
-0.02,0.09,-0.16
-0.0,0.09,0.16
-0.02,0.09,0.17
-0.05,0.09,0.19
-1.93,0.09,4.61
-2.52,0.09,4.32
-3.06,0.09,3.95
-3.55,0.09,3.52
-3.98,0.09,3.03
-0.05,0.09,0.03
-0.04,0.09,0.02
-0.03,0.09,0.01
-0.03,0.09,0.0
-0.03,0.07,-0.0
-0.03,0.07,-0.0
-0.03,0.07,-0.01
-0.03,0.07,-0.01
-0.03,0.07,-0.02
-0.02,0.07,-0.02
-0.02,0.07,-0.02
-0.02,0.07,-0.03
-0.02,0.07,-0.03
0.13,0.07,0.32
0.1,0.07,0.37
0.05,0.07,0.39
-0.0,0.07,0.39
-0.05,0.07,0.36
-0.08,0.07,0.28
1.92,0.07,-4.62
2.51,0.07,-4.33
3.05,0.07,-3.96
3.54,0.07,-3.53
3.97,0.07,-3.04
-0.1,0.07,0.06
-0.18,0.07,0.07
-0.23,0.07,0.06
-0.27,0.07,0.04
-0.3,0.07,-0.0
-0.32,0.07,-0.04
-0.33,0.07,-0.09
-0.32,0.07,-0.13
-0.3,0.07,-0.17
-0.27,0.07,-0.21
-0.23,0.07,-0.23
-0.19,0.07,-0.24
-0.14,0.07,-0.24
-0.09,0.07,-0.22
-0.05,0.07,-0.19
-0.02,0.07,-0.13
-0.0,0.07,0.18
-0.03,0.07,0.19
-0.06,0.07,0.24
-1.93,0.07,4.61
-2.52,0.07,4.32
-3.06,0.07,3.95
-3.55,0.07,3.52
-3.98,0.07,3.03
-0.07,0.07,0.04
-0.05,0.07,0.02
-0.04,0.07,0.01
-0.04,0.07,0.0
-0.05,0.05,-0.0
-0.04,0.05,-0.01
-0.04,0.05,-0.01
-0.04,0.05,-0.01
-0.03,0.05,-0.02
-0.03,0.05,-0.02
-0.03,0.05,-0.03
-0.03,0.05,-0.04
-0.02,0.05,-0.04
0.11,0.05,0.26
0.09,0.05,0.34
0.05,0.05,0.36
-0.0,0.05,0.36
-0.04,0.05,0.31
1.3,0.05,-4.83
1.92,0.05,-4.62
2.51,0.05,-4.33
3.05,0.05,-3.96
3.54,0.05,-3.53
3.97,0.05,-3.04
4.34,0.05,-2.49
-0.16,0.05,0.06
-0.22,0.05,0.06
-0.26,0.05,0.03
-0.29,0.05,-0.0
-0.31,0.05,-0.04
-0.32,0.05,-0.09
-0.31,0.05,-0.13
-0.29,0.05,-0.17
-0.26,0.05,-0.2
-0.22,0.05,-0.23
-0.18,0.05,-0.24
-0.13,0.05,-0.23
-0.09,0.05,-0.21
-0.05,0.05,-0.17
0.03,0.05,0.2
-0.0,0.05,0.21
-0.03,0.05,0.24
-1.31,0.05,4.82
-1.93,0.05,4.61
-2.52,0.05,4.32
-3.06,0.05,3.95
-3.55,0.05,3.52
-3.98,0.05,3.03
-4.34,0.05,2.48
-0.07,0.05,0.03
-0.06,0.05,0.01
-0.05,0.05,0.01
-0.06,0.04,-0.0
-0.05,0.04,-0.01
-0.05,0.04,-0.01
-0.05,0.04,-0.02
-0.04,0.04,-0.03
-0.04,0.04,-0.03
-0.04,0.04,-0.04
-0.04,0.04,-0.05
-0.03,0.04,-0.06
-0.03,0.04,-0.07
-1.29,0.04,-4.83
0.04,0.04,0.3
0.01,0.04,-5.0
0.66,0.04,-4.96
1.3,0.04,-4.83
1.92,0.04,-4.62
2.51,0.04,-4.33
3.05,0.04,-3.96
3.54,0.04,-3.53
3.97,0.04,-3.04
4.34,0.04,-2.49
4.62,0.04,-1.9
-0.19,0.04,0.05
-0.24,0.04,0.03
-0.28,0.04,-0.0
-0.3,0.04,-0.04
-0.31,0.04,-0.08
-0.3,0.04,-0.13
-0.28,0.04,-0.16
-0.25,0.04,-0.2
-0.22,0.04,-0.22
-0.17,0.04,-0.22
-0.12,0.04,-0.22
-0.08,0.04,-0.19
1.28,0.04,4.83
0.03,0.04,0.26
-0.02,0.04,5.0
-0.67,0.04,4.95
-1.31,0.04,4.82
-1.93,0.04,4.61
-2.52,0.04,4.32
-3.06,0.04,3.95
-3.55,0.04,3.52
-3.98,0.04,3.03
-4.34,0.04,2.48
-4.63,0.04,1.89
-0.08,0.04,0.02
-0.07,0.04,0.01
-0.08,0.02,-0.0
-0.07,0.02,-0.01
-0.07,0.02,-0.02
-0.06,0.02,-0.03
-0.06,0.02,-0.03
-0.05,0.02,-0.04
-0.05,0.02,-0.05
-0.05,0.02,-0.06
-0.05,0.02,-0.08
-0.05,0.02,-0.13
-1.29,0.02,-4.83
-0.65,0.02,-4.96
0.01,0.02,-5.0
0.66,0.02,-4.96
1.3,0.02,-4.83
1.92,0.02,-4.62
2.51,0.02,-4.33
3.05,0.02,-3.96
3.54,0.02,-3.53
3.97,0.02,-3.04
4.34,0.02,-2.49
4.62,0.02,-1.9
4.83,0.02,-1.28
-0.22,0.02,0.03
-0.26,0.02,-0.0
-0.28,0.02,-0.04
-0.29,0.02,-0.08
-0.29,0.02,-0.12
-0.27,0.02,-0.16
-0.24,0.02,-0.19
-0.2,0.02,-0.2
-0.16,0.02,-0.21
-0.11,0.02,-0.2
1.9,0.02,4.63
1.28,0.02,4.83
0.64,0.02,4.96
-0.02,0.02,5.0
-0.67,0.02,4.95
-1.31,0.02,4.82
-1.93,0.02,4.61
-2.52,0.02,4.32
-3.06,0.02,3.95
-3.55,0.02,3.52
-3.98,0.02,3.03
-4.34,0.02,2.48
-4.63,0.02,1.89
