-4.96,2.3,-0.65
-4.83,2.3,-1.3
-4.62,2.3,-1.91
-4.33,2.3,-2.5
-3.97,2.3,-3.05
-3.53,2.3,-3.54
-3.04,2.3,-3.97
-2.5,2.3,-4.33
-1.91,2.3,-4.62
-1.29,2.3,-4.83
-0.65,2.3,-4.96
0.01,2.3,-5.0
0.66,2.3,-4.96
1.3,2.3,-4.83
1.92,2.3,-4.62
2.51,2.3,-4.33
3.05,2.3,-3.96
3.54,2.3,-3.53
3.97,2.3,-3.04
4.34,2.3,-2.49
4.62,2.3,-1.9
4.83,2.3,-1.28
4.96,2.3,-0.64
5.0,2.3,0.01
4.96,2.3,0.67
4.83,2.3,1.31
4.61,2.3,1.93
4.32,2.3,2.51
3.96,2.3,3.06
3.52,2.3,3.55
3.03,2.3,3.98
2.49,2.3,4.34
1.9,2.3,4.63
1.28,2.3,4.83
0.64,2.3,4.96
-0.02,2.3,5.0
-0.67,2.3,4.95
-1.31,2.3,4.82
-1.93,2.3,4.61
-2.52,2.3,4.32
-3.06,2.3,3.95
-3.55,2.3,3.52
-3.98,2.3,3.03
-4.34,2.3,2.48
-4.63,2.3,1.89
-4.84,2.3,1.27
-4.96,2.3,0.63
-5.0,2.28,0.0
-4.96,2.28,-0.65
-4.83,2.28,-1.3
-4.62,2.28,-1.91
-4.33,2.28,-2.5
-3.97,2.28,-3.05
-3.53,2.28,-3.54
-3.04,2.28,-3.97
-2.5,2.28,-4.33
-1.91,2.28,-4.62
-1.29,2.28,-4.83
-0.65,2.28,-4.96
0.01,2.28,-5.0
0.66,2.28,-4.96
1.3,2.28,-4.83
1.92,2.28,-4.62
2.51,2.28,-4.33
3.05,2.28,-3.96
3.54,2.28,-3.53
3.97,2.28,-3.04
4.34,2.28,-2.49
4.62,2.28,-1.9
4.83,2.28,-1.28
4.96,2.28,-0.64
5.0,2.28,0.01
4.96,2.28,0.67
4.83,2.28,1.31
4.61,2.28,1.93
4.32,2.28,2.51
3.96,2.28,3.06
3.52,2.28,3.55
3.03,2.28,3.98
2.49,2.28,4.34
1.9,2.28,4.63
1.28,2.28,4.83
0.64,2.28,4.96
-0.02,2.28,5.0
-0.67,2.28,4.95
-1.31,2.28,4.82
-1.93,2.28,4.61
-2.52,2.28,4.32
-3.06,2.28,3.95
-3.55,2.28,3.52
-3.98,2.28,3.03
-4.34,2.28,2.48
-4.63,2.28,1.89
-4.84,2.28,1.27
-4.96,2.28,0.63
-5.0,2.25,0.0
-4.96,2.25,-0.65
-4.83,2.25,-1.3
-4.62,2.25,-1.91
-4.33,2.25,-2.5
-3.97,2.25,-3.05
-3.53,2.25,-3.54
-3.04,2.25,-3.97
-2.5,2.25,-4.33
-1.91,2.25,-4.62
-1.29,2.25,-4.83
-0.65,2.25,-4.96
0.01,2.25,-5.0
0.66,2.25,-4.96
1.3,2.25,-4.83
1.92,2.25,-4.62
2.51,2.25,-4.33
3.05,2.25,-3.96
3.54,2.25,-3.53
3.97,2.25,-3.04
4.34,2.25,-2.49
4.62,2.25,-1.9
4.83,2.25,-1.28
4.96,2.25,-0.64
5.0,2.25,0.01
4.96,2.25,0.67
4.83,2.25,1.31
4.61,2.25,1.93
4.32,2.25,2.51
3.96,2.25,3.06
3.52,2.25,3.55
3.03,2.25,3.98
2.49,2.25,4.34
1.9,2.25,4.63
1.28,2.25,4.83
0.64,2.25,4.96
-0.02,2.25,5.0
-0.67,2.25,4.95
-1.31,2.25,4.82
-1.93,2.25,4.61
-2.52,2.25,4.32
-3.06,2.25,3.95
-3.55,2.25,3.52
-3.98,2.25,3.03
-4.34,2.25,2.48
-4.63,2.25,1.89
-4.84,2.25,1.27
-4.96,2.25,0.63
-5.0,2.23,0.0
-4.96,2.23,-0.65
-4.83,2.23,-1.3
-4.62,2.23,-1.91
-4.33,2.23,-2.5
-3.97,2.23,-3.05
-3.53,2.23,-3.54
-3.04,2.23,-3.97
-2.5,2.23,-4.33
-1.91,2.23,-4.62
-1.29,2.23,-4.83
-0.65,2.23,-4.96
0.01,2.23,-5.0
0.66,2.23,-4.96
1.3,2.23,-4.83
1.92,2.23,-4.62
2.51,2.23,-4.33
3.05,2.23,-3.96
3.54,2.23,-3.53
3.97,2.23,-3.04
4.34,2.23,-2.49
4.62,2.23,-1.9
4.83,2.23,-1.28
4.96,2.23,-0.64
5.0,2.23,0.01
4.96,2.23,0.67
4.83,2.23,1.31
4.61,2.23,1.93
4.32,2.23,2.51
3.96,2.23,3.06
3.52,2.23,3.55
3.03,2.23,3.98
2.49,2.23,4.34
1.9,2.23,4.63
1.28,2.23,4.83
0.64,2.23,4.96
-0.02,2.23,5.0
-0.67,2.23,4.95
-1.31,2.23,4.82
-1.93,2.23,4.61
-2.52,2.23,4.32
-3.06,2.23,3.95
-3.55,2.23,3.52
-3.98,2.23,3.03
-4.34,2.23,2.48
-4.63,2.23,1.89
-4.84,2.23,1.27
-4.96,2.23,0.63
-5.0,2.21,0.0
-4.96,2.21,-0.65
-4.83,2.21,-1.3
-4.62,2.21,-1.91
-4.33,2.21,-2.5
-3.97,2.21,-3.05
-3.53,2.21,-3.54
-3.04,2.21,-3.97
-2.5,2.21,-4.33
-1.91,2.21,-4.62
-1.29,2.21,-4.83
-0.65,2.21,-4.96
0.01,2.21,-5.0
0.66,2.21,-4.96
1.3,2.21,-4.83
1.92,2.21,-4.62
2.51,2.21,-4.33
3.05,2.21,-3.96
3.54,2.21,-3.53
3.97,2.21,-3.04
4.34,2.21,-2.49
4.62,2.21,-1.9
4.83,2.21,-1.28
4.96,2.21,-0.64
5.0,2.21,0.01
4.96,2.21,0.67
4.83,2.21,1.31
4.61,2.21,1.93
4.32,2.21,2.51
3.96,2.21,3.06
3.52,2.21,3.55
3.03,2.21,3.98
2.49,2.21,4.34
1.9,2.21,4.63
1.28,2.21,4.83
0.64,2.21,4.96
-0.02,2.21,5.0
-0.67,2.21,4.95
-1.31,2.21,4.82
-1.93,2.21,4.61
-2.52,2.21,4.32
-3.06,2.21,3.95
-3.55,2.21,3.52
-3.98,2.21,3.03
-4.34,2.21,2.48
-4.63,2.21,1.89
-4.84,2.21,1.27
-4.96,2.21,0.63
-5.0,2.19,0.0
-4.96,2.19,-0.65
-4.83,2.19,-1.3
-4.62,2.19,-1.91
-4.33,2.19,-2.5
-3.97,2.19,-3.05
-3.53,2.19,-3.54
-3.04,2.19,-3.97
-2.5,2.19,-4.33
-1.91,2.19,-4.62
-1.29,2.19,-4.83
-0.65,2.19,-4.96
0.01,2.19,-5.0
0.66,2.19,-4.96
1.3,2.19,-4.83
1.92,2.19,-4.62
2.51,2.19,-4.33
3.05,2.19,-3.96
3.54,2.19,-3.53
3.97,2.19,-3.04
4.34,2.19,-2.49
4.62,2.19,-1.9
4.83,2.19,-1.28
4.96,2.19,-0.64
5.0,2.19,0.01
4.96,2.19,0.67
4.83,2.19,1.31
4.61,2.19,1.93
4.32,2.19,2.51
3.96,2.19,3.06
3.52,2.19,3.55
3.03,2.19,3.98
2.49,2.19,4.34
1.9,2.19,4.63
1.28,2.19,4.83
0.64,2.19,4.96
-0.02,2.19,5.0
-0.67,2.19,4.95
-1.31,2.19,4.82
-1.93,2.19,4.61
-2.52,2.19,4.32
-3.06,2.19,3.95
-3.55,2.19,3.52
-3.98,2.19,3.03
-4.34,2.19,2.48
-4.63,2.19,1.89
-4.84,2.19,1.27
-4.96,2.19,0.63
-5.0,2.16,0.0
-4.96,2.16,-0.65
-4.83,2.16,-1.3
-4.62,2.16,-1.91
-4.33,2.16,-2.5
-3.97,2.16,-3.05
-3.53,2.16,-3.54
-3.04,2.16,-3.97
-2.5,2.16,-4.33
-1.91,2.16,-4.62
-1.29,2.16,-4.83
-0.65,2.16,-4.96
0.01,2.16,-5.0
0.66,2.16,-4.96
1.3,2.16,-4.83
1.92,2.16,-4.62
2.51,2.16,-4.33
3.05,2.16,-3.96
3.54,2.16,-3.53
3.97,2.16,-3.04
4.34,2.16,-2.49
4.62,2.16,-1.9
4.83,2.16,-1.28
4.96,2.16,-0.64
5.0,2.16,0.01
4.96,2.16,0.67
4.83,2.16,1.31
4.61,2.16,1.93
4.32,2.16,2.51
3.96,2.16,3.06
3.52,2.16,3.55
3.03,2.16,3.98
2.49,2.16,4.34
1.9,2.16,4.63
1.28,2.16,4.83
0.64,2.16,4.96
-0.02,2.16,5.0
-0.67,2.16,4.95
-1.31,2.16,4.82
-1.93,2.16,4.61
-2.52,2.16,4.32
-3.06,2.16,3.95
-3.55,2.16,3.52
-3.98,2.16,3.03
-4.34,2.16,2.48
-4.63,2.16,1.89
-4.84,2.16,1.27
-4.96,2.16,0.63
-5.0,2.14,0.0
-4.96,2.14,-0.65
-4.83,2.14,-1.3
-4.62,2.14,-1.91
-4.33,2.14,-2.5
-3.97,2.14,-3.05
-3.53,2.14,-3.54
-3.04,2.14,-3.97
-2.5,2.14,-4.33
-1.91,2.14,-4.62
-1.29,2.14,-4.83
-0.65,2.14,-4.96
0.01,2.14,-5.0
0.66,2.14,-4.96
1.3,2.14,-4.83
1.92,2.14,-4.62
2.51,2.14,-4.33
3.05,2.14,-3.96
3.54,2.14,-3.53
3.97,2.14,-3.04
4.34,2.14,-2.49
4.62,2.14,-1.9
4.83,2.14,-1.28
4.96,2.14,-0.64
5.0,2.14,0.01
4.96,2.14,0.67
4.83,2.14,1.31
4.61,2.14,1.93
4.32,2.14,2.51
3.96,2.14,3.06
3.52,2.14,3.55
3.03,2.14,3.98
2.49,2.14,4.34
1.9,2.14,4.63
1.28,2.14,4.83
0.64,2.14,4.96
-0.02,2.14,5.0
-0.67,2.14,4.95
-1.31,2.14,4.82
-1.93,2.14,4.61
-2.52,2.14,4.32
-3.06,2.14,3.95
-3.55,2.14,3.52
-3.98,2.14,3.03
-4.34,2.14,2.48
-4.63,2.14,1.89
-4.84,2.14,1.27
-4.96,2.14,0.63
-5.0,2.12,0.0
-4.96,2.12,-0.65
-4.83,2.12,-1.3
-4.62,2.12,-1.91
-4.33,2.12,-2.5
-3.97,2.12,-3.05
-3.53,2.12,-3.54
-3.04,2.12,-3.97
-2.5,2.12,-4.33
-1.91,2.12,-4.62
-1.29,2.12,-4.83
-0.65,2.12,-4.96
0.01,2.12,-5.0
0.66,2.12,-4.96
1.3,2.12,-4.83
1.92,2.12,-4.62
2.51,2.12,-4.33
3.05,2.12,-3.96
3.54,2.12,-3.53
3.97,2.12,-3.04
4.34,2.12,-2.49
4.62,2.12,-1.9
4.83,2.12,-1.28
4.96,2.12,-0.64
5.0,2.12,0.01
4.96,2.12,0.67
4.83,2.12,1.31
4.61,2.12,1.93
4.32,2.12,2.51
3.96,2.12,3.06
3.52,2.12,3.55
3.03,2.12,3.98
2.49,2.12,4.34
1.9,2.12,4.63
1.28,2.12,4.83
0.64,2.12,4.96
-0.02,2.12,5.0
-0.67,2.12,4.95
-1.31,2.12,4.82
-1.93,2.12,4.61
-2.52,2.12,4.32
-3.06,2.12,3.95
-3.55,2.12,3.52
-3.98,2.12,3.03
-4.34,2.12,2.48
-4.63,2.12,1.89
-4.84,2.12,1.27
-4.96,2.12,0.63
-5.0,2.09,0.0
-4.96,2.09,-0.65
-4.83,2.09,-1.3
-4.62,2.09,-1.91
-4.33,2.09,-2.5
-3.97,2.09,-3.05
-3.53,2.09,-3.54
-3.04,2.09,-3.97
-2.5,2.09,-4.33
-1.91,2.09,-4.62
-1.29,2.09,-4.83
-0.65,2.09,-4.96
0.01,2.09,-5.0
0.66,2.09,-4.96
1.3,2.09,-4.83
1.92,2.09,-4.62
2.51,2.09,-4.33
3.05,2.09,-3.96
3.54,2.09,-3.53
3.97,2.09,-3.04
4.34,2.09,-2.49
4.62,2.09,-1.9
4.83,2.09,-1.28
4.96,2.09,-0.64
5.0,2.09,0.01
4.96,2.09,0.67
4.83,2.09,1.31
4.61,2.09,1.93
4.32,2.09,2.51
3.96,2.09,3.06
3.52,2.09,3.55
3.03,2.09,3.98
2.49,2.09,4.34
1.9,2.09,4.63
1.28,2.09,4.83
0.64,2.09,4.96
-0.02,2.09,5.0
-0.67,2.09,4.95
-1.31,2.09,4.82
-1.93,2.09,4.61
-2.52,2.09,4.32
-3.06,2.09,3.95
-3.55,2.09,3.52
-3.98,2.09,3.03
-4.34,2.09,2.48
-4.63,2.09,1.89
-4.84,2.09,1.27
-4.96,2.09,0.63
-5.0,2.07,0.0
-4.96,2.07,-0.65
-4.83,2.07,-1.3
-4.62,2.07,-1.91
-4.33,2.07,-2.5
-3.97,2.07,-3.05
-3.53,2.07,-3.54
-3.04,2.07,-3.97
-2.5,2.07,-4.33
-1.91,2.07,-4.62
-1.29,2.07,-4.83
-0.65,2.07,-4.96
0.01,2.07,-5.0
0.66,2.07,-4.96
1.3,2.07,-4.83
1.92,2.07,-4.62
2.51,2.07,-4.33
3.05,2.07,-3.96
3.54,2.07,-3.53
3.97,2.07,-3.04
4.34,2.07,-2.49
4.62,2.07,-1.9
4.83,2.07,-1.28
4.96,2.07,-0.64
5.0,2.07,0.01
4.96,2.07,0.67
4.83,2.07,1.31
4.61,2.07,1.93
4.32,2.07,2.51
3.96,2.07,3.06
3.52,2.07,3.55
3.03,2.07,3.98
2.49,2.07,4.34
1.9,2.07,4.63
1.28,2.07,4.83
0.64,2.07,4.96
-0.02,2.07,5.0
-0.67,2.07,4.95
-1.31,2.07,4.82
-1.93,2.07,4.61
-2.52,2.07,4.32
-3.06,2.07,3.95
-3.55,2.07,3.52
-3.98,2.07,3.03
-4.34,2.07,2.48
-4.63,2.07,1.89
-4.84,2.07,1.27
-4.96,2.07,0.63
-5.0,2.05,0.0
-4.96,2.05,-0.65
-4.83,2.05,-1.3
-4.62,2.05,-1.91
-4.33,2.05,-2.5
-3.97,2.05,-3.05
-3.53,2.05,-3.54
-3.04,2.05,-3.97
-2.5,2.05,-4.33
-1.91,2.05,-4.62
-1.29,2.05,-4.83
-0.65,2.05,-4.96
0.01,2.05,-5.0
0.66,2.05,-4.96
1.3,2.05,-4.83
1.92,2.05,-4.62
2.51,2.05,-4.33
3.05,2.05,-3.96
3.54,2.05,-3.53
3.97,2.05,-3.04
4.34,2.05,-2.49
4.62,2.05,-1.9
4.83,2.05,-1.28
4.96,2.05,-0.64
5.0,2.05,0.01
4.96,2.05,0.67
4.83,2.05,1.31
4.61,2.05,1.93
4.32,2.05,2.51
3.96,2.05,3.06
3.52,2.05,3.55
3.03,2.05,3.98
2.49,2.05,4.34
1.9,2.05,4.63
1.28,2.05,4.83
0.64,2.05,4.96
-0.02,2.05,5.0
-0.67,2.05,4.95
-1.31,2.05,4.82
-1.93,2.05,4.61
-2.52,2.05,4.32
-3.06,2.05,3.95
-3.55,2.05,3.52
-3.98,2.05,3.03
-4.34,2.05,2.48
-4.63,2.05,1.89
-4.84,2.05,1.27
-4.96,2.05,0.63
-5.0,2.02,0.0
-4.96,2.02,-0.65
-4.83,2.02,-1.3
-4.62,2.02,-1.91
-4.33,2.02,-2.5
-3.97,2.02,-3.05
-3.53,2.02,-3.54
-3.04,2.02,-3.97
-2.5,2.02,-4.33
-1.91,2.02,-4.62
-1.29,2.02,-4.83
-0.65,2.02,-4.96
0.01,2.02,-5.0
0.66,2.02,-4.96
1.3,2.02,-4.83
1.92,2.02,-4.62
2.51,2.02,-4.33
3.05,2.02,-3.96
3.54,2.02,-3.53
3.97,2.02,-3.04
4.34,2.02,-2.49
4.62,2.02,-1.9
4.83,2.02,-1.28
4.96,2.02,-0.64
5.0,2.02,0.01
4.96,2.02,0.67
4.83,2.02,1.31
4.61,2.02,1.93
4.32,2.02,2.51
3.96,2.02,3.06
3.52,2.02,3.55
3.03,2.02,3.98
2.49,2.02,4.34
1.9,2.02,4.63
1.28,2.02,4.83
0.64,2.02,4.96
-0.02,2.02,5.0
-0.67,2.02,4.95
-1.31,2.02,4.82
-1.93,2.02,4.61
-2.52,2.02,4.32
-3.06,2.02,3.95
-3.55,2.02,3.52
-3.98,2.02,3.03
-4.34,2.02,2.48
-4.63,2.02,1.89
-4.84,2.02,1.27
-4.96,2.02,0.63
-5.0,2.0,0.0
-4.96,2.0,-0.65
-4.83,2.0,-1.3
-4.62,2.0,-1.91
-4.33,2.0,-2.5
-3.97,2.0,-3.05
-3.53,2.0,-3.54
-3.04,2.0,-3.97
-2.5,2.0,-4.33
-1.91,2.0,-4.62
-1.29,2.0,-4.83
-0.65,2.0,-4.96
0.01,2.0,-5.0
0.66,2.0,-4.96
1.3,2.0,-4.83
1.92,2.0,-4.62
2.51,2.0,-4.33
3.05,2.0,-3.96
3.54,2.0,-3.53
3.97,2.0,-3.04
4.34,2.0,-2.49
4.62,2.0,-1.9
4.83,2.0,-1.28
4.96,2.0,-0.64
5.0,2.0,0.01
4.96,2.0,0.67
4.83,2.0,1.31
4.61,2.0,1.93
4.32,2.0,2.51
3.96,2.0,3.06
3.52,2.0,3.55
3.03,2.0,3.98
2.49,2.0,4.34
1.9,2.0,4.63
1.28,2.0,4.83
0.64,2.0,4.96
-0.02,2.0,5.0
-0.67,2.0,4.95
-1.31,2.0,4.82
-1.93,2.0,4.61
-2.52,2.0,4.32
-3.06,2.0,3.95
-3.55,2.0,3.52
-3.98,2.0,3.03
-4.34,2.0,2.48
-4.63,2.0,1.89
-4.84,2.0,1.27
-4.96,2.0,0.63
-5.0,1.98,0.0
-4.96,1.98,-0.65
-4.83,1.98,-1.3
-4.62,1.98,-1.91
-4.33,1.98,-2.5
-3.97,1.98,-3.05
-3.53,1.98,-3.54
-3.04,1.98,-3.97
-2.5,1.98,-4.33
-1.91,1.98,-4.62
-1.29,1.98,-4.83
-0.65,1.98,-4.96
0.01,1.98,-5.0
0.66,1.98,-4.96
1.3,1.98,-4.83
1.92,1.98,-4.62
2.51,1.98,-4.33
3.05,1.98,-3.96
3.54,1.98,-3.53
3.97,1.98,-3.04
4.34,1.98,-2.49
4.62,1.98,-1.9
4.83,1.98,-1.28
4.96,1.98,-0.64
5.0,1.98,0.01
4.96,1.98,0.67
4.83,1.98,1.31
4.61,1.98,1.93
4.32,1.98,2.51
3.96,1.98,3.06
3.52,1.98,3.55
3.03,1.98,3.98
2.49,1.98,4.34
1.9,1.98,4.63
1.28,1.98,4.83
0.64,1.98,4.96
-0.02,1.98,5.0
-0.67,1.98,4.95
-1.31,1.98,4.82
-1.93,1.98,4.61
-2.52,1.98,4.32
-3.06,1.98,3.95
-3.55,1.98,3.52
-3.98,1.98,3.03
-4.34,1.98,2.48
-4.63,1.98,1.89
-4.84,1.98,1.27
-4.96,1.98,0.63
-5.0,1.96,0.0
-4.96,1.96,-0.65
-4.83,1.96,-1.3
-4.62,1.96,-1.91
-4.33,1.96,-2.5
-3.97,1.96,-3.05
-3.53,1.96,-3.54
-3.04,1.96,-3.97
-2.5,1.96,-4.33
-1.91,1.96,-4.62
-1.29,1.96,-4.83
-0.65,1.96,-4.96
0.01,1.96,-5.0
0.66,1.96,-4.96
1.3,1.96,-4.83
1.92,1.96,-4.62
2.51,1.96,-4.33
3.05,1.96,-3.96
3.54,1.96,-3.53
3.97,1.96,-3.04
4.34,1.96,-2.49
4.62,1.96,-1.9
4.83,1.96,-1.28
4.96,1.96,-0.64
5.0,1.96,0.01
4.96,1.96,0.67
4.83,1.96,1.31
4.61,1.96,1.93
4.32,1.96,2.51
3.96,1.96,3.06
3.52,1.96,3.55
3.03,1.96,3.98
2.49,1.96,4.34
1.9,1.96,4.63
1.28,1.96,4.83
0.64,1.96,4.96
-0.02,1.96,5.0
-0.67,1.96,4.95
-1.31,1.96,4.82
-1.93,1.96,4.61
-2.52,1.96,4.32
-3.06,1.96,3.95
-3.55,1.96,3.52
-3.98,1.96,3.03
-4.34,1.96,2.48
-4.63,1.96,1.89
-4.84,1.96,1.27
-4.96,1.96,0.63
-5.0,1.93,0.0
-4.96,1.93,-0.65
-4.83,1.93,-1.3
-4.62,1.93,-1.91
-4.33,1.93,-2.5
-3.97,1.93,-3.05
-3.53,1.93,-3.54
-3.04,1.93,-3.97
-2.5,1.93,-4.33
-1.91,1.93,-4.62
-1.29,1.93,-4.83
-0.65,1.93,-4.96
0.01,1.93,-5.0
0.66,1.93,-4.96
1.3,1.93,-4.83
1.92,1.93,-4.62
2.51,1.93,-4.33
3.05,1.93,-3.96
3.54,1.93,-3.53
3.97,1.93,-3.04
4.34,1.93,-2.49
4.62,1.93,-1.9
4.83,1.93,-1.28
4.96,1.93,-0.64
5.0,1.93,0.01
4.96,1.93,0.67
4.83,1.93,1.31
4.61,1.93,1.93
4.32,1.93,2.51
3.96,1.93,3.06
3.52,1.93,3.55
3.03,1.93,3.98
2.49,1.93,4.34
1.9,1.93,4.63
1.28,1.93,4.83
0.64,1.93,4.96
-0.02,1.93,5.0
-0.67,1.93,4.95
-1.31,1.93,4.82
-1.93,1.93,4.61
-2.52,1.93,4.32
-3.06,1.93,3.95
-3.55,1.93,3.52
-3.98,1.93,3.03
-4.34,1.93,2.48
-4.63,1.93,1.89
-4.84,1.93,1.27
-4.96,1.93,0.63
-5.0,1.91,0.0
-4.96,1.91,-0.65
-4.83,1.91,-1.3
-4.62,1.91,-1.91
-4.33,1.91,-2.5
-3.97,1.91,-3.05
-3.53,1.91,-3.54
-3.04,1.91,-3.97
-2.5,1.91,-4.33
-1.91,1.91,-4.62
-1.29,1.91,-4.83
-0.65,1.91,-4.96
0.01,1.91,-5.0
0.66,1.91,-4.96
1.3,1.91,-4.83
1.92,1.91,-4.62
2.51,1.91,-4.33
3.05,1.91,-3.96
3.54,1.91,-3.53
3.97,1.91,-3.04
4.34,1.91,-2.49
4.62,1.91,-1.9
4.83,1.91,-1.28
4.96,1.91,-0.64
5.0,1.91,0.01
4.96,1.91,0.67
4.83,1.91,1.31
4.61,1.91,1.93
4.32,1.91,2.51
3.96,1.91,3.06
3.52,1.91,3.55
3.03,1.91,3.98
2.49,1.91,4.34
1.9,1.91,4.63
1.28,1.91,4.83
0.64,1.91,4.96
-0.02,1.91,5.0
-0.67,1.91,4.95
-1.31,1.91,4.82
-1.93,1.91,4.61
-2.52,1.91,4.32
-3.06,1.91,3.95
-3.55,1.91,3.52
-3.98,1.91,3.03
-4.34,1.91,2.48
-4.63,1.91,1.89
-4.84,1.91,1.27
-4.96,1.91,0.63
-5.0,1.89,0.0
-4.96,1.89,-0.65
-4.83,1.89,-1.3
-4.62,1.89,-1.91
-4.33,1.89,-2.5
-3.97,1.89,-3.05
-3.53,1.89,-3.54
-3.04,1.89,-3.97
-2.5,1.89,-4.33
-1.91,1.89,-4.62
-1.29,1.89,-4.83
-0.65,1.89,-4.96
0.01,1.89,-5.0
0.66,1.89,-4.96
1.3,1.89,-4.83
1.92,1.89,-4.62
2.51,1.89,-4.33
3.05,1.89,-3.96
3.54,1.89,-3.53
3.97,1.89,-3.04
4.34,1.89,-2.49
4.62,1.89,-1.9
4.83,1.89,-1.28
4.96,1.89,-0.64
5.0,1.89,0.01
4.96,1.89,0.67
4.83,1.89,1.31
4.61,1.89,1.93
4.32,1.89,2.51
3.96,1.89,3.06
3.52,1.89,3.55
3.03,1.89,3.98
2.49,1.89,4.34
1.9,1.89,4.63
1.28,1.89,4.83
0.64,1.89,4.96
-0.02,1.89,5.0
-0.67,1.89,4.95
-1.31,1.89,4.82
-1.93,1.89,4.61
-2.52,1.89,4.32
-3.06,1.89,3.95
-3.55,1.89,3.52
-3.98,1.89,3.03
-4.34,1.89,2.48
-4.63,1.89,1.89
-4.84,1.89,1.27
-4.96,1.89,0.63
-5.0,1.86,0.0
-4.96,1.86,-0.65
-4.83,1.86,-1.3
-4.62,1.86,-1.91
-4.33,1.86,-2.5
-3.97,1.86,-3.05
-3.53,1.86,-3.54
-3.04,1.86,-3.97
-2.5,1.86,-4.33
-1.91,1.86,-4.62
-1.29,1.86,-4.83
-0.65,1.86,-4.96
0.01,1.86,-5.0
0.66,1.86,-4.96
1.3,1.86,-4.83
1.92,1.86,-4.62
2.51,1.86,-4.33
3.05,1.86,-3.96
3.54,1.86,-3.53
3.97,1.86,-3.04
4.34,1.86,-2.49
4.62,1.86,-1.9
4.83,1.86,-1.28
4.96,1.86,-0.64
5.0,1.86,0.01
4.96,1.86,0.67
4.83,1.86,1.31
4.61,1.86,1.93
4.32,1.86,2.51
3.96,1.86,3.06
3.52,1.86,3.55
3.03,1.86,3.98
2.49,1.86,4.34
1.9,1.86,4.63
1.28,1.86,4.83
0.64,1.86,4.96
-0.02,1.86,5.0
-0.67,1.86,4.95
-1.31,1.86,4.82
-1.93,1.86,4.61
-2.52,1.86,4.32
-3.06,1.86,3.95
-3.55,1.86,3.52
-3.98,1.86,3.03
-4.34,1.86,2.48
-4.63,1.86,1.89
-4.84,1.86,1.27
-4.96,1.86,0.63
-5.0,1.84,0.0
-4.96,1.84,-0.65
-4.83,1.84,-1.3
-4.62,1.84,-1.91
-4.33,1.84,-2.5
-3.97,1.84,-3.05
-3.53,1.84,-3.54
-3.04,1.84,-3.97
-2.5,1.84,-4.33
-1.91,1.84,-4.62
-1.29,1.84,-4.83
-0.65,1.84,-4.96
0.01,1.84,-5.0
0.66,1.84,-4.96
1.3,1.84,-4.83
1.92,1.84,-4.62
2.51,1.84,-4.33
3.05,1.84,-3.96
3.54,1.84,-3.53
3.97,1.84,-3.04
4.34,1.84,-2.49
4.62,1.84,-1.9
4.83,1.84,-1.28
4.96,1.84,-0.64
5.0,1.84,0.01
4.96,1.84,0.67
4.83,1.84,1.31
4.61,1.84,1.93
4.32,1.84,2.51
3.96,1.84,3.06
3.52,1.84,3.55
3.03,1.84,3.98
2.49,1.84,4.34
1.9,1.84,4.63
1.28,1.84,4.83
0.64,1.84,4.96
-0.02,1.84,5.0
-0.67,1.84,4.95
-1.31,1.84,4.82
-1.93,1.84,4.61
-2.52,1.84,4.32
-3.06,1.84,3.95
-3.55,1.84,3.52
-3.98,1.84,3.03
-4.34,1.84,2.48
-4.63,1.84,1.89
-4.84,1.84,1.27
-4.96,1.84,0.63
-5.0,1.82,0.0
-4.96,1.82,-0.65
-4.83,1.82,-1.3
-4.62,1.82,-1.91
-4.33,1.82,-2.5
-3.97,1.82,-3.05
-3.53,1.82,-3.54
-3.04,1.82,-3.97
-2.5,1.82,-4.33
-1.91,1.82,-4.62
-1.29,1.82,-4.83
-0.65,1.82,-4.96
0.01,1.82,-5.0
0.66,1.82,-4.96
1.3,1.82,-4.83
1.92,1.82,-4.62
2.51,1.82,-4.33
3.05,1.82,-3.96
3.54,1.82,-3.53
3.97,1.82,-3.04
4.34,1.82,-2.49
4.62,1.82,-1.9
4.83,1.82,-1.28
4.96,1.82,-0.64
5.0,1.82,0.01
4.96,1.82,0.67
4.83,1.82,1.31
4.61,1.82,1.93
4.32,1.82,2.51
3.96,1.82,3.06
3.52,1.82,3.55
3.03,1.82,3.98
2.49,1.82,4.34
1.9,1.82,4.63
1.28,1.82,4.83
0.64,1.82,4.96
-0.02,1.82,5.0
-0.67,1.82,4.95
-1.31,1.82,4.82
-1.93,1.82,4.61
-2.52,1.82,4.32
-3.06,1.82,3.95
-3.55,1.82,3.52
-3.98,1.82,3.03
-4.34,1.82,2.48
-4.63,1.82,1.89
-4.84,1.82,1.27
-4.96,1.82,0.63
-5.0,1.79,0.0
-4.96,1.79,-0.65
-4.83,1.79,-1.3
-4.62,1.79,-1.91
-4.33,1.79,-2.5
-3.97,1.79,-3.05
-3.53,1.79,-3.54
-3.04,1.79,-3.97
-2.5,1.79,-4.33
-1.91,1.79,-4.62
-1.29,1.79,-4.83
-0.65,1.79,-4.96
0.01,1.79,-5.0
0.66,1.79,-4.96
1.3,1.79,-4.83
1.92,1.79,-4.62
2.51,1.79,-4.33
3.05,1.79,-3.96
3.54,1.79,-3.53
3.97,1.79,-3.04
4.34,1.79,-2.49
4.62,1.79,-1.9
4.83,1.79,-1.28
4.96,1.79,-0.64
5.0,1.79,0.01
4.96,1.79,0.67
4.83,1.79,1.31
4.61,1.79,1.93
4.32,1.79,2.51
3.96,1.79,3.06
3.52,1.79,3.55
3.03,1.79,3.98
2.49,1.79,4.34
1.9,1.79,4.63
1.28,1.79,4.83
0.64,1.79,4.96
-0.02,1.79,5.0
-0.67,1.79,4.95
-1.31,1.79,4.82
-1.93,1.79,4.61
-2.52,1.79,4.32
-3.06,1.79,3.95
-3.55,1.79,3.52
-3.98,1.79,3.03
-4.34,1.79,2.48
-4.63,1.79,1.89
-4.84,1.79,1.27
-4.96,1.79,0.63
-5.0,1.77,0.0
-4.96,1.77,-0.65
-4.83,1.77,-1.3
-4.62,1.77,-1.91
-4.33,1.77,-2.5
-3.97,1.77,-3.05
-3.53,1.77,-3.54
-3.04,1.77,-3.97
-2.5,1.77,-4.33
-1.91,1.77,-4.62
-1.29,1.77,-4.83
-0.65,1.77,-4.96
0.01,1.77,-5.0
0.66,1.77,-4.96
1.3,1.77,-4.83
1.92,1.77,-4.62
2.51,1.77,-4.33
3.05,1.77,-3.96
3.54,1.77,-3.53
3.97,1.77,-3.04
4.34,1.77,-2.49
4.62,1.77,-1.9
4.83,1.77,-1.28
4.96,1.77,-0.64
5.0,1.77,0.01
4.96,1.77,0.67
4.83,1.77,1.31
4.61,1.77,1.93
4.32,1.77,2.51
3.96,1.77,3.06
3.52,1.77,3.55
3.03,1.77,3.98
2.49,1.77,4.34
1.9,1.77,4.63
1.28,1.77,4.83
0.64,1.77,4.96
-0.02,1.77,5.0
-0.67,1.77,4.95
-1.31,1.77,4.82
-1.93,1.77,4.61
-2.52,1.77,4.32
-3.06,1.77,3.95
-3.55,1.77,3.52
-3.98,1.77,3.03
-4.34,1.77,2.48
-4.63,1.77,1.89
-4.84,1.77,1.27
-4.96,1.77,0.63
-5.0,1.75,0.0
-4.96,1.75,-0.65
-4.83,1.75,-1.3
-4.62,1.75,-1.91
-4.33,1.75,-2.5
-3.97,1.75,-3.05
-3.53,1.75,-3.54
-3.04,1.75,-3.97
-2.5,1.75,-4.33
-1.91,1.75,-4.62
-1.29,1.75,-4.83
-0.65,1.75,-4.96
0.01,1.75,-5.0
0.66,1.75,-4.96
1.3,1.75,-4.83
1.92,1.75,-4.62
2.51,1.75,-4.33
3.05,1.75,-3.96
3.54,1.75,-3.53
3.97,1.75,-3.04
4.34,1.75,-2.49
4.62,1.75,-1.9
4.83,1.75,-1.28
4.96,1.75,-0.64
5.0,1.75,0.01
4.96,1.75,0.67
4.83,1.75,1.31
4.61,1.75,1.93
4.32,1.75,2.51
3.96,1.75,3.06
3.52,1.75,3.55
3.03,1.75,3.98
2.49,1.75,4.34
1.9,1.75,4.63
1.28,1.75,4.83
0.64,1.75,4.96
-0.02,1.75,5.0
-0.67,1.75,4.95
-1.31,1.75,4.82
-1.93,1.75,4.61
-2.52,1.75,4.32
-3.06,1.75,3.95
-3.55,1.75,3.52
-3.98,1.75,3.03
-4.34,1.75,2.48
-4.63,1.75,1.89
-4.84,1.75,1.27
-4.96,1.75,0.63
-5.0,1.73,0.0
-4.96,1.73,-0.65
-4.83,1.73,-1.3
-4.62,1.73,-1.91
-0.03,1.73,-0.02
-0.02,1.73,-0.02
-0.02,1.73,-0.02
-0.02,1.73,-0.02
-0.01,1.73,-0.03
-0.01,1.73,-0.03
-1.29,1.73,-4.83
-0.65,1.73,-4.96
0.01,1.73,-5.0
0.66,1.73,-4.96
1.3,1.73,-4.83
1.92,1.73,-4.62
2.51,1.73,-4.33
3.05,1.73,-3.96
3.54,1.73,-3.53
3.97,1.73,-3.04
4.34,1.73,-2.49
4.62,1.73,-1.9
4.83,1.73,-1.28
4.96,1.73,-0.64
5.0,1.73,0.01
4.96,1.73,0.67
4.83,1.73,1.31
4.61,1.73,1.93
-0.05,1.73,-0.03
-0.05,1.73,-0.04
-0.05,1.73,-0.05
-0.04,1.73,-0.05
-0.03,1.73,-0.06
-0.02,1.73,-0.05
1.28,1.73,4.83
0.64,1.73,4.96
-0.02,1.73,5.0
-0.67,1.73,4.95
-1.31,1.73,4.82
-1.93,1.73,4.61
-2.52,1.73,4.32
-3.06,1.73,3.95
-3.55,1.73,3.52
-3.98,1.73,3.03
-4.34,1.73,2.48
-4.63,1.73,1.89
-4.84,1.73,1.27
-4.96,1.73,0.63
0.04,1.7,-0.0
0.04,1.7,0.0
0.03,1.7,0.01
0.03,1.7,0.01
0.03,1.7,0.02
0.03,1.7,0.02
0.02,1.7,0.02
0.02,1.7,0.03
0.02,1.7,0.03
0.01,1.7,0.03
0.01,1.7,0.03
0.0,1.7,0.03
-0.0,1.7,0.04
-0.01,1.7,0.04
-0.01,1.7,0.04
-0.02,1.7,0.04
-0.02,1.7,0.04
-0.03,1.7,0.04
-0.04,1.7,0.04
-0.05,1.7,0.04
-0.06,1.7,0.04
-0.07,1.7,0.03
-0.09,1.7,0.02
-0.09,1.7,0.01
-0.1,1.7,-0.0
-0.11,1.7,-0.01
-0.11,1.7,-0.03
-0.11,1.7,-0.05
-0.11,1.7,-0.06
-0.1,1.7,-0.08
-0.09,1.7,-0.09
-0.08,1.7,-0.1
-0.06,1.7,-0.11
-0.05,1.7,-0.12
-0.03,1.7,-0.12
-0.01,1.7,-0.12
0.0,1.7,-0.11
0.01,1.7,-0.1
0.03,1.7,-0.09
0.03,1.7,-0.08
0.04,1.7,-0.07
0.05,1.7,-0.06
0.05,1.7,-0.05
0.05,1.7,-0.04
0.05,1.7,-0.03
0.05,1.7,-0.02
0.04,1.7,-0.01
0.04,1.7,-0.01
0.07,1.68,-0.0
0.07,1.68,0.01
0.06,1.68,0.02
0.06,1.68,0.02
0.05,1.68,0.03
0.05,1.68,0.04
0.04,1.68,0.04
0.04,1.68,0.05
0.03,1.68,0.05
0.02,1.68,0.06
0.02,1.68,0.06
0.01,1.68,0.06
-0.0,1.68,0.07
-0.01,1.68,0.07
-0.02,1.68,0.07
-0.03,1.68,0.07
-0.04,1.68,0.07
-0.05,1.68,0.07
-0.06,1.68,0.06
-0.08,1.68,0.06
-0.09,1.68,0.05
-0.1,1.68,0.04
-0.11,1.68,0.03
-0.12,1.68,0.02
-0.13,1.68,-0.0
-0.14,1.68,-0.02
-0.14,1.68,-0.04
-0.14,1.68,-0.06
-0.13,1.68,-0.08
-0.12,1.68,-0.09
-0.11,1.68,-0.11
-0.09,1.68,-0.12
-0.08,1.68,-0.13
-0.06,1.68,-0.14
-0.04,1.68,-0.14
-0.02,1.68,-0.14
0.0,1.68,-0.14
0.02,1.68,-0.13
0.03,1.68,-0.12
0.05,1.68,-0.11
0.06,1.68,-0.1
0.06,1.68,-0.08
0.07,1.68,-0.07
0.07,1.68,-0.06
0.08,1.68,-0.04
0.08,1.68,-0.03
0.07,1.68,-0.02
0.07,1.68,-0.01
0.09,1.66,-0.0
0.08,1.66,0.01
0.08,1.66,0.02
0.07,1.66,0.03
0.07,1.66,0.04
0.06,1.66,0.05
0.05,1.66,0.05
0.05,1.66,0.06
0.04,1.66,0.07
0.03,1.66,0.07
0.02,1.66,0.08
0.01,1.66,0.08
-0.0,1.66,0.08
-0.01,1.66,0.09
-0.02,1.66,0.09
-0.04,1.66,0.09
-0.05,1.66,0.09
-0.06,1.66,0.08
-0.08,1.66,0.08
-0.09,1.66,0.07
-0.11,1.66,0.06
-0.12,1.66,0.05
-0.13,1.66,0.04
-0.14,1.66,0.02
-0.15,1.66,-0.0
-0.15,1.66,-0.02
-0.15,1.66,-0.04
-0.15,1.66,-0.06
-0.15,1.66,-0.08
-0.13,1.66,-0.1
-0.12,1.66,-0.12
-0.1,1.66,-0.14
-0.08,1.66,-0.15
-0.06,1.66,-0.16
-0.04,1.66,-0.16
-0.02,1.66,-0.16
0.0,1.66,-0.16
0.02,1.66,-0.15
0.04,1.66,-0.14
0.05,1.66,-0.13
0.07,1.66,-0.11
0.08,1.66,-0.1
0.08,1.66,-0.08
0.09,1.66,-0.07
0.09,1.66,-0.05
0.09,1.66,-0.04
0.09,1.66,-0.02
0.09,1.66,-0.01
0.1,1.63,0.0
0.09,1.63,0.01
0.09,1.63,0.02
0.08,1.63,0.03
0.08,1.63,0.04
0.07,1.63,0.05
0.06,1.63,0.06
0.05,1.63,0.07
0.04,1.63,0.08
0.03,1.63,0.08
0.02,1.63,0.09
0.01,1.63,0.09
-0.0,1.63,0.09
-0.01,1.63,0.1
-0.03,1.63,0.1
-0.04,1.63,0.1
-0.06,1.63,0.1
-0.07,1.63,0.09
-0.09,1.63,0.09
-0.1,1.63,0.08
-0.12,1.63,0.07
-0.13,1.63,0.05
-0.14,1.63,0.04
-0.15,1.63,0.02
-0.16,1.63,-0.0
-0.17,1.63,-0.02
-0.17,1.63,-0.04
-0.16,1.63,-0.07
-0.16,1.63,-0.09
-0.14,1.63,-0.11
-0.13,1.63,-0.13
-0.11,1.63,-0.15
-0.09,1.63,-0.16
-0.07,1.63,-0.17
-0.05,1.63,-0.17
-0.02,1.63,-0.17
0.0,1.63,-0.17
0.02,1.63,-0.16
0.04,1.63,-0.15
0.06,1.63,-0.14
0.07,1.63,-0.12
0.08,1.63,-0.11
0.09,1.63,-0.09
0.1,1.63,-0.07
0.1,1.63,-0.06
0.1,1.63,-0.04
0.1,1.63,-0.03
0.1,1.63,-0.01
0.11,1.61,-0.0
0.1,1.61,0.01
0.1,1.61,0.03
0.09,1.61,0.04
0.09,1.61,0.05
0.08,1.61,0.06
0.07,1.61,0.07
0.06,1.61,0.08
0.05,1.61,0.08
0.04,1.61,0.09
0.03,1.61,0.1
0.01,1.61,0.1
-0.0,1.61,0.1
-0.01,1.61,0.11
-0.03,1.61,0.11
-0.04,1.61,0.11
-0.06,1.61,0.1
-0.08,1.61,0.1
-0.09,1.61,0.09
-0.11,1.61,0.08
-0.12,1.61,0.07
-0.13,1.61,0.06
-0.15,1.61,0.04
-0.16,1.61,0.02
-0.16,1.61,-0.0
-0.17,1.61,-0.02
-0.17,1.61,-0.05
-0.16,1.61,-0.07
-0.16,1.61,-0.09
-0.15,1.61,-0.11
-0.13,1.61,-0.13
-0.11,1.61,-0.15
-0.09,1.61,-0.16
-0.07,1.61,-0.17
-0.05,1.61,-0.18
-0.02,1.61,-0.18
0.0,1.61,-0.18
0.02,1.61,-0.17
0.04,1.61,-0.16
0.06,1.61,-0.15
0.08,1.61,-0.13
0.09,1.61,-0.12
0.1,1.61,-0.1
0.11,1.61,-0.08
0.11,1.61,-0.07
0.12,1.61,-0.05
0.12,1.61,-0.03
0.11,1.61,-0.01
0.11,1.59,-0.0
0.11,1.59,0.01
0.1,1.59,0.03
0.09,1.59,0.04
0.09,1.59,0.05
0.08,1.59,0.06
0.07,1.59,0.07
0.06,1.59,0.08
0.05,1.59,0.08
0.04,1.59,0.09
0.02,1.59,0.09
0.01,1.59,0.1
-0.0,1.59,0.1
-0.01,1.59,0.1
-0.03,1.59,0.1
-0.04,1.59,0.1
-0.06,1.59,0.1
-0.07,1.59,0.1
-0.09,1.59,0.09
-0.11,1.59,0.08
-0.12,1.59,0.07
-0.14,1.59,0.06
-0.15,1.59,0.04
-0.16,1.59,0.02
-0.17,1.59,-0.0
-0.18,1.59,-0.02
-0.18,1.59,-0.05
-0.18,1.59,-0.07
-0.17,1.59,-0.1
-0.16,1.59,-0.12
-0.14,1.59,-0.14
-0.12,1.59,-0.16
-0.1,1.59,-0.17
-0.07,1.59,-0.18
-0.05,1.59,-0.19
-0.02,1.59,-0.19
0.0,1.59,-0.18
0.02,1.59,-0.18
0.04,1.59,-0.16
0.06,1.59,-0.15
0.08,1.59,-0.13
0.09,1.59,-0.11
0.1,1.59,-0.1
0.1,1.59,-0.08
0.11,1.59,-0.06
0.11,1.59,-0.04
0.11,1.59,-0.03
0.1,1.59,-0.01
0.1,1.56,0.0
0.09,1.56,0.01
0.09,1.56,0.02
0.08,1.56,0.03
0.07,1.56,0.04
0.07,1.56,0.05
0.06,1.56,0.06
0.05,1.56,0.07
0.04,1.56,0.07
0.03,1.56,0.08
0.02,1.56,0.09
0.01,1.56,0.09
-0.0,1.56,0.09
-0.01,1.56,0.1
-0.03,1.56,0.1
-0.04,1.56,0.1
-0.06,1.56,0.1
-0.07,1.56,0.1
-0.09,1.56,0.09
-0.11,1.56,0.08
-0.12,1.56,0.07
-0.14,1.56,0.06
-0.15,1.56,0.04
-0.17,1.56,0.02
-0.17,1.56,-0.0
-0.18,1.56,-0.02
-0.18,1.56,-0.05
-0.4,1.56,-0.17
-0.17,1.56,-0.1
-0.16,1.56,-0.12
-0.14,1.56,-0.14
-0.12,1.56,-0.16
-0.1,1.56,-0.17
-0.14,1.56,-0.34
-0.1,1.56,-0.38
-0.02,1.56,-0.19
0.0,1.56,-0.18
0.02,1.56,-0.18
0.04,1.56,-0.17
0.06,1.56,-0.15
0.08,1.56,-0.13
0.09,1.56,-0.12
0.1,1.56,-0.1
0.11,1.56,-0.08
0.11,1.56,-0.06
0.11,1.56,-0.05
0.11,1.56,-0.03
0.11,1.56,-0.01
0.1,1.54,0.0
0.1,1.54,0.01
0.1,1.54,0.03
0.09,1.54,0.04
0.08,1.54,0.05
0.07,1.54,0.06
0.06,1.54,0.07
0.06,1.54,0.07
0.05,1.54,0.08
0.04,1.54,0.09
0.02,1.54,0.09
0.01,1.54,0.1
-0.0,1.54,0.1
-0.01,1.54,0.1
-0.03,1.54,0.1
-0.04,1.54,0.1
-0.06,1.54,0.1
-0.07,1.54,0.1
-0.09,1.54,0.09
-0.11,1.54,0.08
-0.12,1.54,0.07
-0.13,1.54,0.06
-0.15,1.54,0.04
-0.16,1.54,0.02
-0.17,1.54,-0.0
-0.17,1.54,-0.02
-0.17,1.54,-0.05
-0.44,1.54,-0.19
-0.38,1.54,-0.22
-0.15,1.54,-0.11
-0.13,1.54,-0.13
-0.12,1.54,-0.15
-0.09,1.54,-0.17
-0.14,1.54,-0.34
-0.11,1.54,-0.42
-0.02,1.54,-0.18
0.0,1.54,-0.18
0.02,1.54,-0.18
0.04,1.54,-0.16
0.06,1.54,-0.15
0.08,1.54,-0.14
0.09,1.54,-0.12
0.1,1.54,-0.1
0.11,1.54,-0.09
0.12,1.54,-0.07
0.12,1.54,-0.05
0.12,1.54,-0.03
0.11,1.54,-0.01
0.11,1.52,0.0
0.1,1.52,0.01
0.1,1.52,0.03
0.09,1.52,0.04
0.08,1.52,0.05
0.08,1.52,0.06
0.07,1.52,0.07
0.06,1.52,0.08
0.05,1.52,0.08
0.04,1.52,0.09
0.03,1.52,0.1
0.01,1.52,0.1
-0.0,1.52,0.11
-0.01,1.52,0.11
-0.03,1.52,0.11
-0.05,1.52,0.11
-0.06,1.52,0.11
-0.08,1.52,0.11
-0.1,1.52,0.1
-0.12,1.52,0.09
-0.14,1.52,0.08
-0.15,1.52,0.06
-0.17,1.52,0.04
-0.18,1.52,0.02
-0.19,1.52,-0.0
-0.19,1.52,-0.03
-0.19,1.52,-0.05
-0.47,1.52,-0.2
-0.17,1.52,-0.1
-0.16,1.52,-0.12
-0.14,1.52,-0.14
-0.12,1.52,-0.15
-0.09,1.52,-0.16
-0.17,1.52,-0.42
-0.05,1.52,-0.17
-0.02,1.52,-0.17
0.0,1.52,-0.16
0.02,1.52,-0.15
0.04,1.52,-0.14
0.05,1.52,-0.13
0.07,1.52,-0.11
0.08,1.52,-0.1
0.08,1.52,-0.08
0.09,1.52,-0.07
0.09,1.52,-0.05
0.09,1.52,-0.04
0.09,1.52,-0.02
0.09,1.52,-0.01
0.09,1.5,0.0
0.08,1.5,0.01
0.08,1.5,0.02
0.08,1.5,0.03
0.07,1.5,0.04
0.07,1.5,0.05
0.06,1.5,0.06
0.05,1.5,0.07
0.04,1.5,0.08
0.04,1.5,0.09
0.02,1.5,0.09
0.01,1.5,0.1
-0.0,1.5,0.11
-0.01,1.5,0.11
-0.03,1.5,0.12
-0.05,1.5,0.12
-0.07,1.5,0.12
-0.09,1.5,0.12
-0.11,1.5,0.11
-0.13,1.5,0.1
-0.15,1.5,0.09
-0.17,1.5,0.07
-0.18,1.5,0.05
-0.2,1.5,0.03
-0.2,1.5,-0.0
-0.2,1.5,-0.03
-0.2,1.5,-0.05
-0.51,1.5,-0.21
-0.18,1.5,-0.1
-0.16,1.5,-0.13
-0.14,1.5,-0.14
-0.12,1.5,-0.16
-0.18,1.5,-0.31
-0.19,1.5,-0.45
-0.14,1.5,-0.51
-0.02,1.5,-0.17
0.0,1.5,-0.16
0.02,1.5,-0.15
0.04,1.5,-0.14
0.05,1.5,-0.12
0.06,1.5,-0.11
0.08,1.5,-0.1
0.08,1.5,-0.08
0.09,1.5,-0.07
0.09,1.5,-0.05
0.09,1.5,-0.04
0.09,1.5,-0.02
0.09,1.5,-0.01
0.08,1.47,0.0
0.08,1.47,0.01
0.08,1.47,0.02
0.08,1.47,0.03
0.07,1.47,0.04
0.06,1.47,0.05
0.06,1.47,0.06
0.05,1.47,0.07
0.04,1.47,0.07
0.03,1.47,0.08
0.02,1.47,0.09
0.01,1.47,0.09
-0.0,1.47,0.1
-0.01,1.47,0.1
-0.03,1.47,0.11
-0.04,1.47,0.11
-0.06,1.47,0.11
-0.08,1.47,0.1
-0.1,1.47,0.1
-0.12,1.47,0.09
-0.14,1.47,0.08
-0.15,1.47,0.06
-0.17,1.47,0.05
-0.18,1.47,0.02
-0.19,1.47,-0.0
-0.2,1.47,-0.03
-0.19,1.47,-0.05
-0.56,1.47,-0.23
-0.36,1.47,-0.21
-0.16,1.47,-0.13
-0.15,1.47,-0.15
-0.12,1.47,-0.16
-0.16,1.47,-0.27
-0.15,1.47,-0.37
-0.15,1.47,-0.56
-0.02,1.47,-0.18
0.0,1.47,-0.17
0.02,1.47,-0.16
0.04,1.47,-0.15
0.06,1.47,-0.14
0.07,1.47,-0.12
0.08,1.47,-0.1
0.09,1.47,-0.09
0.09,1.47,-0.07
0.1,1.47,-0.05
0.1,1.47,-0.04
0.1,1.47,-0.03
0.09,1.47,-0.01
0.09,1.45,0.0
0.09,1.45,0.01
0.08,1.45,0.02
0.08,1.45,0.03
0.07,1.45,0.04
0.06,1.45,0.05
0.06,1.45,0.06
0.05,1.45,0.07
0.04,1.45,0.07
0.03,1.45,0.08
0.02,1.45,0.09
0.01,1.45,0.09
-0.0,1.45,0.1
-0.01,1.45,0.1
-0.03,1.45,0.1
-0.04,1.45,0.11
-0.06,1.45,0.11
-0.08,1.45,0.1
-0.1,1.45,0.1
-0.12,1.45,0.09
-0.13,1.45,0.08
-0.15,1.45,0.06
-0.17,1.45,0.04
-0.18,1.45,0.02
-0.19,1.45,-0.0
-0.19,1.45,-0.03
-0.19,1.45,-0.05
-0.57,1.45,-0.24
-0.34,1.45,-0.2
-0.16,1.45,-0.12
-0.14,1.45,-0.14
-0.12,1.45,-0.16
-0.14,1.45,-0.25
-0.15,1.45,-0.36
-0.15,1.45,-0.57
-0.02,1.45,-0.18
0.0,1.45,-0.17
0.02,1.45,-0.16
0.04,1.45,-0.15
0.06,1.45,-0.13
0.07,1.45,-0.12
0.08,1.45,-0.1
0.09,1.45,-0.09
0.09,1.45,-0.07
0.09,1.45,-0.05
0.1,1.45,-0.04
0.09,1.45,-0.02
0.09,1.45,-0.01
0.1,1.43,-0.0
0.1,1.43,0.01
0.09,1.43,0.02
0.08,1.43,0.03
0.08,1.43,0.04
0.07,1.43,0.05
0.06,1.43,0.06
0.05,1.43,0.06
0.04,1.43,0.07
0.03,1.43,0.08
0.02,1.43,0.08
0.01,1.43,0.09
-0.0,1.43,0.1
-0.01,1.43,0.11
-0.03,1.43,0.12
-0.05,1.43,0.13
-0.07,1.43,0.13
-0.1,1.43,0.13
-0.12,1.43,0.12
-0.14,1.43,0.11
-0.16,1.43,0.09
-0.18,1.43,0.07
-0.19,1.43,0.05
-0.2,1.43,0.03
-0.2,1.43,-0.0
-0.19,1.43,-0.03
-0.33,1.43,-0.09
-0.59,1.43,-0.25
-0.32,1.43,-0.18
-0.16,1.43,-0.12
-0.14,1.43,-0.14
-0.12,1.43,-0.16
-0.14,1.43,-0.24
-0.13,1.43,-0.33
-0.16,1.43,-0.61
-0.02,1.43,-0.17
0.0,1.43,-0.17
0.02,1.43,-0.16
0.04,1.43,-0.15
0.06,1.43,-0.14
0.07,1.43,-0.13
0.09,1.43,-0.11
0.1,1.43,-0.1
0.1,1.43,-0.08
0.11,1.43,-0.06
0.11,1.43,-0.04
0.11,1.43,-0.03
0.11,1.43,-0.01
0.13,1.4,-0.0
0.13,1.4,0.02
0.12,1.4,0.03
0.11,1.4,0.05
0.1,1.4,0.06
0.09,1.4,0.07
0.08,1.4,0.08
0.07,1.4,0.09
0.06,1.4,0.1
0.04,1.4,0.11
0.03,1.4,0.11
0.02,1.4,0.12
-0.0,1.4,0.14
-0.02,1.4,0.15
-0.04,1.4,0.15
-0.07,1.4,0.16
-0.09,1.4,0.16
-0.12,1.4,0.15
-0.14,1.4,0.14
-0.17,1.4,0.13
-0.19,1.4,0.11
-0.21,1.4,0.09
-0.22,1.4,0.06
-0.23,1.4,0.03
-0.23,1.4,-0.0
-0.22,1.4,-0.03
-0.32,1.4,-0.09
-0.61,1.4,-0.26
-0.29,1.4,-0.17
-0.16,1.4,-0.12
-0.14,1.4,-0.14
-0.12,1.4,-0.15
-0.13,1.4,-0.23
-0.14,1.4,-0.34
-0.17,1.4,-0.64
-0.02,1.4,-0.19
0.0,1.4,-0.19
0.03,1.4,-0.19
0.05,1.4,-0.18
0.07,1.4,-0.17
0.09,1.4,-0.15
0.11,1.4,-0.14
0.12,1.4,-0.12
0.13,1.4,-0.1
0.13,1.4,-0.08
0.14,1.4,-0.06
0.14,1.4,-0.04
0.14,1.4,-0.02
0.16,1.38,-0.0
0.15,1.38,0.02
0.14,1.38,0.04
0.13,1.38,0.05
0.12,1.38,0.07
0.11,1.38,0.08
0.09,1.38,0.09
0.08,1.38,0.11
0.07,1.38,0.12
0.05,1.38,0.13
0.04,1.38,0.14
0.02,1.38,0.15
-0.0,1.38,0.16
-0.02,1.38,0.17
-0.05,1.38,0.18
-0.07,1.38,0.18
-0.1,1.38,0.18
-0.13,1.38,0.17
-0.16,1.38,0.16
-0.19,1.38,0.14
-0.21,1.38,0.12
-0.23,1.38,0.09
-0.24,1.38,0.06
-0.25,1.38,0.03
-0.25,1.38,-0.0
-0.25,1.38,-0.03
-0.3,1.38,-0.08
-0.62,1.38,-0.26
-0.27,1.38,-0.16
-0.18,1.38,-0.14
-0.15,1.38,-0.15
-0.13,1.38,-0.17
-0.13,1.38,-0.22
-0.14,1.38,-0.34
-0.18,1.38,-0.67
-0.03,1.38,-0.21
0.0,1.38,-0.21
0.03,1.38,-0.21
0.05,1.38,-0.2
0.08,1.38,-0.19
0.1,1.38,-0.17
0.12,1.38,-0.15
0.13,1.38,-0.13
0.15,1.38,-0.11
0.15,1.38,-0.09
0.16,1.38,-0.06
0.16,1.38,-0.04
0.16,1.38,-0.02
0.17,1.36,-0.0
0.17,1.36,0.02
0.16,1.36,0.04
0.15,1.36,0.06
0.13,1.36,0.08
0.12,1.36,0.09
0.11,1.36,0.11
0.09,1.36,0.12
0.07,1.36,0.13
0.06,1.36,0.14
0.04,1.36,0.15
0.02,1.36,0.17
-0.0,1.36,0.18
-0.03,1.36,0.19
-0.05,1.36,0.19
-0.08,1.36,0.2
-0.11,1.36,0.19
-0.14,1.36,0.18
-0.17,1.36,0.17
-0.2,1.36,0.15
-0.22,1.36,0.13
-0.24,1.36,0.1
-0.26,1.36,0.07
-0.27,1.36,0.03
-0.27,1.36,-0.0
-0.26,1.36,-0.04
-0.28,1.36,-0.07
-0.52,1.36,-0.22
-0.24,1.36,-0.14
-0.19,1.36,-0.15
-0.16,1.36,-0.17
-0.14,1.36,-0.18
-0.12,1.36,-0.2
-0.13,1.36,-0.31
-0.18,1.36,-0.7
-0.03,1.36,-0.23
0.0,1.36,-0.23
0.03,1.36,-0.23
0.06,1.36,-0.22
0.09,1.36,-0.2
0.11,1.36,-0.19
0.13,1.36,-0.17
0.15,1.36,-0.14
0.16,1.36,-0.12
0.17,1.36,-0.1
0.17,1.36,-0.07
0.18,1.36,-0.05
0.18,1.36,-0.02
0.18,1.33,-0.0
0.18,1.33,0.02
0.17,1.33,0.05
0.16,1.33,0.07
0.15,1.33,0.08
0.13,1.33,0.1
0.12,1.33,0.12
0.1,1.33,0.13
0.08,1.33,0.14
0.06,1.33,0.15
0.04,1.33,0.17
0.02,1.33,0.18
-0.0,1.33,0.19
-0.03,1.33,0.2
-0.06,1.33,0.21
-0.09,1.33,0.21
-0.12,1.33,0.2
-0.15,1.33,0.2
-0.18,1.33,0.18
-0.21,1.33,0.16
-0.23,1.33,0.13
-0.25,1.33,0.1
-0.27,1.33,0.07
-0.28,1.33,0.04
-0.3,1.33,-0.0
-0.28,1.33,-0.04
-0.26,1.33,-0.07
-0.53,1.33,-0.22
-0.23,1.33,-0.13
-0.2,1.33,-0.15
-0.17,1.33,-0.17
-0.15,1.33,-0.19
-0.12,1.33,-0.21
-0.13,1.33,-0.31
-0.19,1.33,-0.72
-0.03,1.33,-0.24
0.0,1.33,-0.24
0.03,1.33,-0.24
0.06,1.33,-0.23
0.09,1.33,-0.22
0.12,1.33,-0.2
0.14,1.33,-0.18
0.15,1.33,-0.15
0.17,1.33,-0.13
0.18,1.33,-0.1
0.19,1.33,-0.08
0.19,1.33,-0.05
0.19,1.33,-0.02
0.19,1.31,-0.0
0.19,1.31,0.02
0.18,1.31,0.05
0.17,1.31,0.07
0.15,1.31,0.09
0.14,1.31,0.11
0.12,1.31,0.12
0.1,1.31,0.14
0.09,1.31,0.15
0.07,1.31,0.16
0.05,1.31,0.18
0.02,1.31,0.19
-0.0,1.31,0.2
-0.03,1.31,0.21
-0.06,1.31,0.22
-0.09,1.31,0.22
-0.12,1.31,0.21
-0.16,1.31,0.2
-0.19,1.31,0.19
-0.22,1.31,0.17
-0.24,1.31,0.14
-0.26,1.31,0.11
-0.28,1.31,0.07
-0.32,1.31,0.04
-0.34,1.31,-0.0
-0.3,1.31,-0.04
-0.39,1.31,-0.1
-0.53,1.31,-0.22
-0.23,1.31,-0.14
-0.21,1.31,-0.16
-0.18,1.31,-0.18
-0.15,1.31,-0.2
-0.13,1.31,-0.22
-0.13,1.31,-0.32
-0.15,1.31,-0.56
-0.03,1.31,-0.25
0.0,1.31,-0.25
0.03,1.31,-0.25
0.06,1.31,-0.24
0.09,1.31,-0.22
0.12,1.31,-0.21
0.14,1.31,-0.18
0.16,1.31,-0.16
0.18,1.31,-0.13
0.19,1.31,-0.11
0.19,1.31,-0.08
0.2,1.31,-0.05
0.2,1.31,-0.03
0.2,1.29,-0.0
0.19,1.29,0.03
0.19,1.29,0.05
0.17,1.29,0.07
0.16,1.29,0.09
0.15,1.29,0.12
0.14,1.29,0.14
0.12,1.29,0.15
0.09,1.29,0.16
0.07,1.29,0.17
0.05,1.29,0.18
0.03,1.29,0.2
-0.0,1.29,0.21
-0.03,1.29,0.22
-0.06,1.29,0.22
-0.09,1.29,0.22
-0.13,1.29,0.22
-0.16,1.29,0.21
-0.19,1.29,0.19
-0.22,1.29,0.17
-0.25,1.29,0.14
-0.27,1.29,0.11
-0.29,1.29,0.08
-0.36,1.29,0.05
-0.37,1.29,-0.0
-0.3,1.29,-0.04
-0.47,1.29,-0.13
-0.45,1.29,-0.19
-0.24,1.29,-0.14
-0.21,1.29,-0.16
-0.18,1.29,-0.19
-0.16,1.29,-0.21
-0.13,1.29,-0.23
-0.13,1.29,-0.32
-0.15,1.29,-0.59
-0.03,1.29,-0.26
0.0,1.29,-0.26
0.03,1.29,-0.25
0.07,1.29,-0.24
0.1,1.29,-0.23
0.12,1.29,-0.21
0.15,1.29,-0.19
0.17,1.29,-0.16
0.18,1.29,-0.14
0.19,1.29,-0.11
0.2,1.29,-0.08
0.2,1.29,-0.05
0.2,1.29,-0.03
0.21,1.27,-0.0
0.2,1.27,0.03
0.21,1.27,0.06
0.2,1.27,0.08
0.2,1.27,0.11
0.18,1.27,0.14
0.16,1.27,0.16
0.14,1.27,0.18
0.11,1.27,0.19
0.08,1.27,0.2
0.05,1.27,0.2
0.03,1.27,0.2
-0.0,1.27,0.21
-0.03,1.27,0.22
-0.06,1.27,0.23
-0.09,1.27,0.23
-0.13,1.27,0.22
-0.16,1.27,0.21
-0.2,1.27,0.2
-0.23,1.27,0.17
-0.25,1.27,0.14
-0.27,1.27,0.11
-0.29,1.27,0.08
-0.4,1.27,0.05
-0.38,1.27,-0.0
-0.3,1.27,-0.04
-0.84,1.27,-0.23
-0.45,1.27,-0.19
-0.24,1.27,-0.14
-0.22,1.27,-0.17
-0.19,1.27,-0.19
-0.16,1.27,-0.21
-0.13,1.27,-0.23
-0.11,1.27,-0.28
-0.16,1.27,-0.61
-0.03,1.27,-0.26
0.0,1.27,-0.26
0.03,1.27,-0.26
0.07,1.27,-0.25
0.1,1.27,-0.23
0.13,1.27,-0.21
0.15,1.27,-0.19
0.17,1.27,-0.17
0.19,1.27,-0.14
0.2,1.27,-0.11
0.2,1.27,-0.08
0.21,1.27,-0.05
0.21,1.27,-0.03
0.22,1.24,-0.0
0.23,1.24,0.03
0.23,1.24,0.06
0.23,1.24,0.09
0.22,1.24,0.13
0.2,1.24,0.15
0.18,1.24,0.18
0.15,1.24,0.2
0.12,1.24,0.22
0.09,1.24,0.22
0.06,1.24,0.23
0.03,1.24,0.22
-0.0,1.24,0.22
-0.03,1.24,0.23
-0.06,1.24,0.23
-0.1,1.24,0.23
-0.13,1.24,0.22
-0.16,1.24,0.21
-0.2,1.24,0.2
-0.23,1.24,0.17
-0.25,1.24,0.15
-0.27,1.24,0.11
-0.37,1.24,0.1
-0.41,1.24,0.05
-0.39,1.24,-0.0
-0.3,1.24,-0.04
-0.66,1.24,-0.18
-0.39,1.24,-0.16
-0.25,1.24,-0.14
-0.22,1.24,-0.17
-0.19,1.24,-0.19
-0.16,1.24,-0.21
-0.13,1.24,-0.23
-0.12,1.24,-0.28
-0.17,1.24,-0.63
-0.03,1.24,-0.26
0.0,1.24,-0.26
0.04,1.24,-0.26
0.07,1.24,-0.25
0.1,1.24,-0.23
0.13,1.24,-0.22
0.15,1.24,-0.19
0.17,1.24,-0.17
0.19,1.24,-0.14
0.2,1.24,-0.11
0.21,1.24,-0.08
0.21,1.24,-0.06
0.21,1.24,-0.03
0.24,1.22,0.0
0.25,1.22,0.03
0.25,1.22,0.07
0.25,1.22,0.1
0.24,1.22,0.14
0.22,1.22,0.17
0.19,1.22,0.19
0.17,1.22,0.22
0.13,1.22,0.23
0.1,1.22,0.24
0.07,1.22,0.25
0.03,1.22,0.25
-0.0,1.22,0.24
-0.03,1.22,0.22
-0.06,1.22,0.23
-0.1,1.22,0.23
-0.13,1.22,0.22
-0.16,1.22,0.21
-0.2,1.22,0.2
-0.23,1.22,0.17
-0.25,1.22,0.15
-0.27,1.22,0.11
-0.38,1.22,0.1
-0.41,1.22,0.05
-0.38,1.22,-0.0
-0.3,1.22,-0.04
-0.69,1.22,-0.19
-0.34,1.22,-0.14
-0.24,1.22,-0.14
-0.22,1.22,-0.17
-0.19,1.22,-0.19
-0.16,1.22,-0.21
-0.13,1.22,-0.23
-0.12,1.22,-0.29
-0.17,1.22,-0.64
-0.03,1.22,-0.26
0.0,1.22,-0.26
0.04,1.22,-0.26
0.07,1.22,-0.25
0.1,1.22,-0.23
0.13,1.22,-0.22
0.15,1.22,-0.19
0.17,1.22,-0.17
0.19,1.22,-0.14
0.2,1.22,-0.11
0.21,1.22,-0.08
0.22,1.22,-0.06
0.23,1.22,-0.03
0.26,1.2,0.0
0.27,1.2,0.04
0.27,1.2,0.07
0.26,1.2,0.11
0.25,1.2,0.14
0.23,1.2,0.18
0.2,1.2,0.21
0.18,1.2,0.23
0.14,1.2,0.25
0.11,1.2,0.26
0.07,1.2,0.26
0.03,1.2,0.26
-0.0,1.2,0.25
-0.03,1.2,0.24
-0.06,1.2,0.23
-0.09,1.2,0.23
-0.13,1.2,0.22
-0.16,1.2,0.21
-0.19,1.2,0.19
-0.22,1.2,0.17
-0.25,1.2,0.14
-0.27,1.2,0.11
-0.38,1.2,0.1
-0.4,1.2,0.05
-0.3,1.2,-0.0
-0.29,1.2,-0.04
-0.7,1.2,-0.19
-0.34,1.2,-0.14
-0.24,1.2,-0.14
-0.21,1.2,-0.17
-0.19,1.2,-0.19
-0.16,1.2,-0.21
-0.13,1.2,-0.23
-0.12,1.2,-0.29
-0.13,1.2,-0.5
-0.03,1.2,-0.26
0.0,1.2,-0.26
0.03,1.2,-0.26
0.07,1.2,-0.24
0.1,1.2,-0.23
0.12,1.2,-0.21
0.15,1.2,-0.19
0.17,1.2,-0.17
0.18,1.2,-0.14
0.19,1.2,-0.11
0.21,1.2,-0.09
0.23,1.2,-0.06
0.25,1.2,-0.03
0.27,1.17,-0.0
0.28,1.17,0.04
0.28,1.17,0.08
0.27,1.17,0.11
0.26,1.17,0.15
0.24,1.17,0.19
0.22,1.17,0.22
0.18,1.17,0.24
0.15,1.17,0.26
0.11,1.17,0.27
0.07,1.17,0.28
0.04,1.17,0.28
-0.0,1.17,0.27
-0.03,1.17,0.26
-0.07,1.17,0.24
-0.09,1.17,0.23
-0.13,1.17,0.22
-0.16,1.17,0.21
-0.19,1.17,0.19
-0.22,1.17,0.17
-0.25,1.17,0.14
-0.35,1.17,0.14
-0.38,1.17,0.1
-0.37,1.17,0.05
-0.29,1.17,-0.0
-0.28,1.17,-0.04
-0.55,1.17,-0.15
-0.34,1.17,-0.14
-0.23,1.17,-0.13
-0.2,1.17,-0.16
-0.18,1.17,-0.18
-0.15,1.17,-0.2
-0.12,1.17,-0.21
-0.12,1.17,-0.28
-0.13,1.17,-0.49
-0.03,1.17,-0.24
0.0,1.17,-0.24
0.03,1.17,-0.24
0.06,1.17,-0.23
0.09,1.17,-0.22
0.12,1.17,-0.2
0.14,1.17,-0.18
0.16,1.17,-0.16
0.17,1.17,-0.13
0.2,1.17,-0.11
0.22,1.17,-0.09
0.24,1.17,-0.06
0.26,1.17,-0.03
0.28,1.15,0.0
0.29,1.15,0.04
0.29,1.15,0.08
0.28,1.15,0.12
0.27,1.15,0.15
0.25,1.15,0.19
0.22,1.15,0.22
0.19,1.15,0.25
0.15,1.15,0.27
0.12,1.15,0.28
0.08,1.15,0.29
0.04,1.15,0.29
-0.0,1.15,0.28
-0.04,1.15,0.27
-0.07,1.15,0.25
-0.1,1.15,0.24
-0.13,1.15,0.22
-0.16,1.15,0.21
-0.19,1.15,0.19
-0.22,1.15,0.17
-0.24,1.15,0.14
-0.35,1.15,0.14
-0.37,1.15,0.1
-0.37,1.15,0.05
-0.29,1.15,-0.0
-0.28,1.15,-0.04
-0.46,1.15,-0.13
-0.36,1.15,-0.15
-0.23,1.15,-0.14
-0.21,1.15,-0.16
-0.18,1.15,-0.18
-0.15,1.15,-0.2
-0.12,1.15,-0.21
-0.12,1.15,-0.29
-0.11,1.15,-0.4
-0.03,1.15,-0.24
0.0,1.15,-0.24
0.03,1.15,-0.23
0.06,1.15,-0.22
0.09,1.15,-0.21
0.11,1.15,-0.19
0.13,1.15,-0.17
0.15,1.15,-0.15
0.18,1.15,-0.14
0.2,1.15,-0.12
0.23,1.15,-0.09
0.25,1.15,-0.07
0.26,1.15,-0.03
0.28,1.13,0.0
0.29,1.13,0.04
0.29,1.13,0.08
0.28,1.13,0.12
0.27,1.13,0.15
0.25,1.13,0.19
0.22,1.13,0.22
0.19,1.13,0.25
0.15,1.13,0.27
0.12,1.13,0.28
0.08,1.13,0.29
0.04,1.13,0.29
-0.0,1.13,0.28
-0.04,1.13,0.27
-0.07,1.13,0.26
-0.1,1.13,0.24
-0.13,1.13,0.22
-0.16,1.13,0.21
-0.19,1.13,0.19
-0.22,1.13,0.17
-0.24,1.13,0.14
-0.35,1.13,0.14
-0.37,1.13,0.1
-0.29,1.13,0.04
-0.29,1.13,-0.0
-0.28,1.13,-0.04
-0.37,1.13,-0.1
-0.35,1.13,-0.15
-0.24,1.13,-0.14
-0.22,1.13,-0.17
-0.19,1.13,-0.19
-0.16,1.13,-0.21
-0.13,1.13,-0.22
-0.09,1.13,-0.23
-0.08,1.13,-0.32
-0.03,1.13,-0.23
0.0,1.13,-0.23
0.03,1.13,-0.23
0.06,1.13,-0.22
0.09,1.13,-0.2
0.11,1.13,-0.19
0.13,1.13,-0.17
0.16,1.13,-0.16
0.18,1.13,-0.14
0.21,1.13,-0.12
0.23,1.13,-0.1
0.25,1.13,-0.07
0.27,1.13,-0.03
0.29,1.1,-0.0
0.29,1.1,0.04
0.3,1.1,0.08
0.28,1.1,0.12
0.27,1.1,0.16
0.25,1.1,0.19
0.22,1.1,0.22
0.19,1.1,0.25
0.16,1.1,0.27
0.12,1.1,0.29
0.08,1.1,0.29
0.04,1.1,0.29
-0.0,1.1,0.29
-0.04,1.1,0.28
-0.07,1.1,0.26
-0.1,1.1,0.24
-0.13,1.1,0.23
-0.16,1.1,0.21
-0.19,1.1,0.19
-0.22,1.1,0.17
-0.31,1.1,0.18
-0.34,1.1,0.14
-0.34,1.1,0.09
-0.29,1.1,0.04
-0.29,1.1,-0.0
-0.28,1.1,-0.04
-0.27,1.1,-0.07
-0.26,1.1,-0.11
-0.24,1.1,-0.14
-0.21,1.1,-0.17
-0.19,1.1,-0.19
-0.16,1.1,-0.21
-0.13,1.1,-0.22
-0.09,1.1,-0.23
-0.06,1.1,-0.23
-0.03,1.1,-0.23
0.0,1.1,-0.23
0.03,1.1,-0.22
0.06,1.1,-0.21
0.08,1.1,-0.2
0.11,1.1,-0.18
0.13,1.1,-0.17
0.16,1.1,-0.16
0.19,1.1,-0.14
0.21,1.1,-0.12
0.24,1.1,-0.1
0.26,1.1,-0.07
0.28,1.1,-0.04
0.29,1.08,-0.0
0.32,1.08,0.04
0.34,1.08,0.09
0.3,1.08,0.13
0.28,1.08,0.16
0.26,1.08,0.2
0.23,1.08,0.23
0.2,1.08,0.26
0.16,1.08,0.28
0.12,1.08,0.29
0.08,1.08,0.3
0.04,1.08,0.3
-0.0,1.08,0.29
-0.04,1.08,0.28
-0.07,1.08,0.26
-0.1,1.08,0.25
-0.13,1.08,0.23
-0.17,1.08,0.22
-0.2,1.08,0.2
-0.28,1.08,0.22
-0.31,1.08,0.18
-0.31,1.08,0.13
-0.28,1.08,0.07
-0.29,1.08,0.04
-0.29,1.08,-0.0
-0.28,1.08,-0.04
-0.27,1.08,-0.07
-0.26,1.08,-0.11
-0.24,1.08,-0.14
-0.21,1.08,-0.16
-0.19,1.08,-0.19
-0.16,1.08,-0.21
-0.13,1.08,-0.22
-0.09,1.08,-0.23
-0.06,1.08,-0.23
-0.03,1.08,-0.23
0.0,1.08,-0.23
0.03,1.08,-0.22
0.06,1.08,-0.21
0.08,1.08,-0.2
0.11,1.08,-0.18
0.13,1.08,-0.17
0.16,1.08,-0.16
0.19,1.08,-0.14
0.21,1.08,-0.12
0.24,1.08,-0.1
0.26,1.08,-0.07
0.28,1.08,-0.04
0.29,1.06,-0.0
0.37,1.06,0.05
0.37,1.06,0.1
0.29,1.06,0.12
0.27,1.06,0.16
0.25,1.06,0.19
0.23,1.06,0.23
0.19,1.06,0.25
0.16,1.06,0.27
0.12,1.06,0.29
0.08,1.06,0.3
0.04,1.06,0.3
-0.0,1.06,0.29
-0.04,1.06,0.28
-0.07,1.06,0.26
-0.1,1.06,0.25
-0.13,1.06,0.23
-0.17,1.06,0.21
-0.2,1.06,0.19
-0.28,1.06,0.22
-0.31,1.06,0.18
-0.32,1.06,0.13
-0.28,1.06,0.07
-0.29,1.06,0.04
-0.29,1.06,-0.0
-0.29,1.06,-0.04
-0.28,1.06,-0.08
-0.26,1.06,-0.11
-0.24,1.06,-0.14
-0.22,1.06,-0.17
-0.19,1.06,-0.19
-0.16,1.06,-0.21
-0.13,1.06,-0.23
-0.1,1.06,-0.24
-0.06,1.06,-0.24
-0.03,1.06,-0.24
0.0,1.06,-0.23
0.03,1.06,-0.22
0.06,1.06,-0.21
0.08,1.06,-0.2
0.11,1.06,-0.19
0.14,1.06,-0.17
0.16,1.06,-0.16
0.19,1.06,-0.14
0.22,1.06,-0.12
0.24,1.06,-0.1
0.26,1.06,-0.07
0.28,1.06,-0.04
0.29,1.04,-0.0
0.34,1.04,0.04
0.37,1.04,0.1
0.33,1.04,0.14
0.27,1.04,0.16
0.25,1.04,0.19
0.22,1.04,0.22
0.19,1.04,0.25
0.15,1.04,0.27
0.12,1.04,0.28
0.08,1.04,0.29
0.04,1.04,0.29
-0.0,1.04,0.28
-0.04,1.04,0.27
-0.07,1.04,0.25
-0.1,1.04,0.24
-0.13,1.04,0.22
-0.16,1.04,0.21
-0.19,1.04,0.19
-0.28,1.04,0.22
-0.32,1.04,0.18
-0.32,1.04,0.13
-0.28,1.04,0.07
-0.28,1.04,0.04
-0.29,1.04,-0.0
-0.28,1.04,-0.04
-0.27,1.04,-0.07
-0.26,1.04,-0.11
-0.24,1.04,-0.14
-0.22,1.04,-0.17
-0.19,1.04,-0.19
-0.16,1.04,-0.21
-0.13,1.04,-0.23
-0.1,1.04,-0.24
-0.06,1.04,-0.25
-0.03,1.04,-0.24
0.0,1.04,-0.24
0.03,1.04,-0.23
0.06,1.04,-0.22
0.08,1.04,-0.2
0.11,1.04,-0.19
0.14,1.04,-0.18
0.17,1.04,-0.17
0.2,1.04,-0.15
0.22,1.04,-0.13
0.24,1.04,-0.1
0.26,1.04,-0.07
0.28,1.04,-0.04
0.29,1.01,-0.0
0.29,1.01,0.04
0.38,1.01,0.1
0.35,1.01,0.14
0.27,1.01,0.16
0.25,1.01,0.19
0.22,1.01,0.22
0.19,1.01,0.25
0.15,1.01,0.27
0.12,1.01,0.28
0.08,1.01,0.29
0.04,1.01,0.29
-0.0,1.01,0.28
-0.04,1.01,0.27
-0.07,1.01,0.25
-0.1,1.01,0.24
-0.13,1.01,0.22
-0.16,1.01,0.21
-0.19,1.01,0.19
-0.28,1.01,0.21
-0.31,1.01,0.18
-0.26,1.01,0.11
-0.27,1.01,0.07
-0.28,1.01,0.04
-0.28,1.01,-0.0
-0.28,1.01,-0.04
-0.27,1.01,-0.07
-0.25,1.01,-0.11
-0.24,1.01,-0.14
-0.22,1.01,-0.17
-0.19,1.01,-0.19
-0.16,1.01,-0.22
-0.13,1.01,-0.23
-0.1,1.01,-0.24
-0.07,1.01,-0.25
-0.03,1.01,-0.25
0.0,1.01,-0.24
0.03,1.01,-0.23
0.06,1.01,-0.22
0.09,1.01,-0.2
0.11,1.01,-0.19
0.14,1.01,-0.18
0.17,1.01,-0.17
0.2,1.01,-0.15
0.23,1.01,-0.13
0.25,1.01,-0.1
0.27,1.01,-0.07
0.28,1.01,-0.04
0.29,0.99,0.0
0.29,0.99,0.04
0.38,0.99,0.1
0.35,0.99,0.14
0.26,0.99,0.15
0.24,0.99,0.19
0.22,0.99,0.22
0.19,0.99,0.24
0.15,0.99,0.26
0.11,0.99,0.27
0.07,0.99,0.28
0.04,0.99,0.28
-0.0,0.99,0.27
-0.03,0.99,0.26
-0.07,0.99,0.24
-0.1,0.99,0.23
-0.12,0.99,0.22
-0.15,0.99,0.2
-0.18,0.99,0.18
-0.21,0.99,0.16
-0.29,0.99,0.17
-0.25,0.99,0.1
-0.26,0.99,0.07
-0.27,0.99,0.03
-0.27,0.99,-0.0
-0.27,0.99,-0.04
-0.27,0.99,-0.07
-0.26,0.99,-0.11
-0.24,0.99,-0.14
-0.22,0.99,-0.17
-0.2,0.99,-0.2
-0.17,0.99,-0.22
-0.13,0.99,-0.24
-0.1,0.99,-0.25
-0.07,0.99,-0.25
-0.03,0.99,-0.25
0.0,0.99,-0.25
0.03,0.99,-0.24
0.06,0.99,-0.22
0.09,0.99,-0.21
0.11,0.99,-0.19
0.14,0.99,-0.19
0.17,0.99,-0.17
0.2,0.99,-0.15
0.23,0.99,-0.13
0.25,0.99,-0.1
0.27,0.99,-0.07
0.28,0.99,-0.04
0.29,0.97,0.0
0.29,0.97,0.04
0.37,0.97,0.1
0.32,0.97,0.13
0.26,0.97,0.15
0.24,0.97,0.18
0.21,0.97,0.21
0.18,0.97,0.23
0.15,0.97,0.25
0.11,0.97,0.26
0.07,0.97,0.27
0.03,0.97,0.25
-0.0,0.97,0.26
-0.03,0.97,0.25
-0.07,0.97,0.25
-0.09,0.97,0.22
-0.12,0.97,0.21
-0.16,0.97,0.2
-0.18,0.97,0.18
-0.2,0.97,0.16
-0.22,0.97,0.13
-0.24,0.97,0.1
-0.25,0.97,0.07
-0.25,0.97,0.03
-0.26,0.97,-0.0
-0.27,0.97,-0.04
-0.27,0.97,-0.07
-0.26,0.97,-0.11
-0.24,0.97,-0.14
-0.22,0.97,-0.17
-0.2,0.97,-0.2
-0.17,0.97,-0.22
-0.14,0.97,-0.24
-0.1,0.97,-0.24
-0.07,0.97,-0.25
-0.03,0.97,-0.25
0.0,0.97,-0.26
0.03,0.97,-0.25
0.06,0.97,-0.23
0.09,0.97,-0.21
0.12,0.97,-0.2
0.15,0.97,-0.19
0.18,0.97,-0.18
0.2,0.97,-0.15
0.22,0.97,-0.13
0.25,0.97,-0.1
0.27,0.97,-0.07
0.28,0.97,-0.04
0.29,0.94,-0.0
0.29,0.94,0.04
0.29,0.94,0.08
0.27,0.94,0.11
0.26,0.94,0.15
0.23,0.94,0.18
0.2,0.94,0.2
0.17,0.94,0.22
0.14,0.94,0.24
0.1,0.94,0.25
0.07,0.94,0.26
0.03,0.94,0.25
-0.0,0.94,0.25
-0.03,0.94,0.23
-0.06,0.94,0.22
-0.09,0.94,0.21
-0.11,0.94,0.2
-0.14,0.94,0.18
-0.17,0.94,0.17
-0.19,0.94,0.15
-0.21,0.94,0.12
-0.23,0.94,0.1
-0.25,0.94,0.07
-0.26,0.94,0.03
-0.27,0.94,-0.0
-0.27,0.94,-0.04
-0.27,0.94,-0.07
-0.26,0.94,-0.11
-0.25,0.94,-0.14
-0.23,0.94,-0.17
-0.2,0.94,-0.2
-0.17,0.94,-0.22
-0.14,0.94,-0.24
-0.1,0.94,-0.25
-0.07,0.94,-0.26
-0.03,0.94,-0.26
0.0,0.94,-0.25
0.03,0.94,-0.24
0.06,0.94,-0.23
0.09,0.94,-0.21
0.12,0.94,-0.2
0.15,0.94,-0.19
0.18,0.94,-0.18
0.21,0.94,-0.16
0.23,0.94,-0.13
0.25,0.94,-0.1
0.27,0.94,-0.07
0.28,0.94,-0.04
0.29,0.92,0.0
0.29,0.92,0.04
0.28,0.92,0.08
0.27,0.92,0.11
0.25,0.92,0.15
0.23,0.92,0.18
0.2,0.92,0.2
0.17,0.92,0.22
0.14,0.92,0.23
0.1,0.92,0.24
0.07,0.92,0.24
0.03,0.92,0.24
-0.0,0.92,0.23
-0.03,0.92,0.22
-0.06,0.92,0.21
-0.08,0.92,0.19
-0.11,0.92,0.18
-0.13,0.92,0.17
-0.16,0.92,0.16
-0.19,0.92,0.14
-0.21,0.92,0.12
-0.23,0.92,0.09
-0.25,0.92,0.07
-0.26,0.92,0.03
-0.27,0.92,-0.0
-0.27,0.92,-0.04
-0.27,0.92,-0.07
-0.26,0.92,-0.11
-0.25,0.92,-0.14
-0.23,0.92,-0.18
-0.2,0.92,-0.2
-0.17,0.92,-0.23
-0.14,0.92,-0.25
-0.11,0.92,-0.26
-0.07,0.92,-0.26
-0.03,0.92,-0.26
0.0,0.92,-0.26
0.03,0.92,-0.25
0.06,0.92,-0.23
0.09,0.92,-0.21
0.12,0.92,-0.21
0.15,0.92,-0.19
0.18,0.92,-0.18
0.21,0.92,-0.16
0.23,0.92,-0.13
0.25,0.92,-0.1
0.27,0.92,-0.07
0.28,0.92,-0.04
0.28,0.9,-0.0
0.28,0.9,0.04
0.28,0.9,0.07
0.26,0.9,0.11
0.25,0.9,0.14
0.22,0.9,0.17
0.2,0.9,0.2
0.16,0.9,0.22
0.13,0.9,0.23
0.1,0.9,0.24
0.06,0.9,0.24
0.03,0.9,0.24
-0.0,0.9,0.23
-0.03,0.9,0.22
-0.06,0.9,0.2
-0.08,0.9,0.19
-0.1,0.9,0.18
-0.13,0.9,0.17
-0.16,0.9,0.16
-0.18,0.9,0.14
-0.21,0.9,0.12
-0.23,0.9,0.09
-0.25,0.9,0.07
-0.26,0.9,0.03
-0.27,0.9,-0.0
-0.27,0.9,-0.04
-0.27,0.9,-0.07
-0.26,0.9,-0.11
-0.25,0.9,-0.15
-0.23,0.9,-0.18
-0.21,0.9,-0.21
-0.18,0.9,-0.23
-0.14,0.9,-0.25
-0.11,0.9,-0.26
-0.07,0.9,-0.27
-0.03,0.9,-0.27
0.0,0.9,-0.26
0.03,0.9,-0.25
0.06,0.9,-0.24
0.09,0.9,-0.22
0.12,0.9,-0.21
0.15,0.9,-0.2
0.18,0.9,-0.18
0.21,0.9,-0.16
0.23,0.9,-0.13
0.25,0.9,-0.1
0.27,0.9,-0.07
0.28,0.9,-0.04
0.28,0.87,-0.0
0.28,0.87,0.04
0.27,0.87,0.07
0.26,0.87,0.11
0.24,0.87,0.14
0.22,0.87,0.17
0.19,0.87,0.19
0.16,0.87,0.21
0.13,0.87,0.22
0.1,0.87,0.23
0.06,0.87,0.23
0.03,0.87,0.23
-0.0,0.87,0.22
-0.03,0.87,0.21
-0.05,0.87,0.2
-0.08,0.87,0.19
-0.1,0.87,0.18
-0.13,0.87,0.17
-0.16,0.87,0.16
-0.18,0.87,0.14
-0.21,0.87,0.12
-0.23,0.87,0.09
-0.25,0.87,0.07
-0.26,0.87,0.03
-0.27,0.87,-0.0
-0.28,0.87,-0.04
-0.27,0.87,-0.07
-0.27,0.87,-0.11
-0.25,0.87,-0.15
-0.23,0.87,-0.18
-0.21,0.87,-0.21
-0.18,0.87,-0.23
-0.14,0.87,-0.25
-0.11,0.87,-0.26
-0.07,0.87,-0.27
-0.03,0.87,-0.27
0.0,0.87,-0.27
0.03,0.87,-0.25
0.06,0.87,-0.24
0.09,0.87,-0.22
0.12,0.87,-0.21
0.15,0.87,-0.2
0.18,0.87,-0.18
0.21,0.87,-0.16
0.23,0.87,-0.13
0.25,0.87,-0.1
0.27,0.87,-0.07
0.28,0.87,-0.03
0.28,0.85,-0.0
0.27,0.85,0.04
0.27,0.85,0.07
0.25,0.85,0.11
0.24,0.85,0.14
0.21,0.85,0.16
0.19,0.85,0.19
0.16,0.85,0.2
0.13,0.85,0.22
0.09,0.85,0.22
0.06,0.85,0.23
0.03,0.85,0.23
-0.0,0.85,0.22
-0.03,0.85,0.21
-0.05,0.85,0.2
-0.08,0.85,0.18
-0.1,0.85,0.17
-0.13,0.85,0.16
-0.15,0.85,0.15
-0.18,0.85,0.14
-0.2,0.85,0.12
-0.23,0.85,0.09
-0.25,0.85,0.07
-0.26,0.85,0.03
-0.27,0.85,-0.0
-0.28,0.85,-0.04
-0.28,0.85,-0.07
-0.27,0.85,-0.11
-0.25,0.85,-0.15
-0.24,0.85,-0.18
-0.21,0.85,-0.21
-0.18,0.85,-0.24
-0.15,0.85,-0.26
-0.11,0.85,-0.27
-0.07,0.85,-0.27
-0.04,0.85,-0.27
0.0,0.85,-0.27
0.03,0.85,-0.26
0.07,0.85,-0.24
0.1,0.85,-0.23
0.13,0.85,-0.22
0.16,0.85,-0.2
0.18,0.85,-0.18
0.21,0.85,-0.16
0.23,0.85,-0.13
0.25,0.85,-0.1
0.26,0.85,-0.07
0.27,0.85,-0.03
0.27,0.83,-0.0
0.27,0.83,0.04
0.26,0.83,0.07
0.25,0.83,0.1
0.23,0.83,0.13
0.21,0.83,0.16
0.18,0.83,0.18
0.15,0.83,0.2
0.12,0.83,0.21
0.09,0.83,0.22
0.06,0.83,0.22
0.03,0.83,0.22
-0.0,0.83,0.22
-0.03,0.83,0.21
-0.05,0.83,0.2
-0.08,0.83,0.18
-0.1,0.83,0.17
-0.12,0.83,0.16
-0.15,0.83,0.15
-0.18,0.83,0.14
-0.2,0.83,0.12
-0.22,0.83,0.09
-0.24,0.83,0.06
-0.26,0.83,0.03
-0.27,0.83,-0.0
-0.28,0.83,-0.04
-0.28,0.83,-0.07
-0.27,0.83,-0.11
-0.26,0.83,-0.15
-0.24,0.83,-0.18
-0.21,0.83,-0.21
-0.18,0.83,-0.24
-0.15,0.83,-0.26
-0.11,0.83,-0.27
-0.07,0.83,-0.28
-0.04,0.83,-0.28
0.0,0.83,-0.27
0.04,0.83,-0.26
0.07,0.83,-0.24
0.1,0.83,-0.23
0.13,0.83,-0.22
0.16,0.83,-0.2
0.18,0.83,-0.18
0.21,0.83,-0.16
0.23,0.83,-0.13
0.25,0.83,-0.1
0.26,0.83,-0.07
0.27,0.83,-0.03
0.27,0.81,0.0
0.27,0.81,0.03
0.26,0.81,0.07
0.24,0.81,0.1
0.23,0.81,0.13
0.2,0.81,0.16
0.18,0.81,0.18
0.15,0.81,0.2
0.12,0.81,0.21
0.09,0.81,0.22
0.06,0.81,0.22
0.03,0.81,0.22
-0.0,0.81,0.21
-0.03,0.81,0.21
-0.05,0.81,0.2
-0.08,0.81,0.18
-0.1,0.81,0.17
-0.12,0.81,0.16
-0.15,0.81,0.15
-0.17,0.81,0.13
-0.2,0.81,0.11
-0.22,0.81,0.09
-0.24,0.81,0.06
-0.26,0.81,0.03
-0.27,0.81,-0.0
-0.28,0.81,-0.04
-0.28,0.81,-0.08
-0.28,0.81,-0.12
-0.27,0.81,-0.15
-0.25,0.81,-0.19
-0.22,0.81,-0.22
-0.19,0.81,-0.25
-0.16,0.81,-0.27
-0.12,0.81,-0.29
-0.08,0.81,-0.3
-0.04,0.81,-0.29
0.0,0.81,-0.29
0.04,0.81,-0.27
0.07,0.81,-0.25
0.1,0.81,-0.23
0.13,0.81,-0.22
0.16,0.81,-0.2
0.18,0.81,-0.18
0.21,0.81,-0.16
0.23,0.81,-0.13
0.24,0.81,-0.1
0.26,0.81,-0.07
0.26,0.81,-0.03
0.26,0.78,0.0
0.26,0.78,0.03
0.25,0.78,0.07
0.23,0.78,0.1
0.22,0.78,0.12
0.19,0.78,0.15
0.17,0.78,0.17
0.14,0.78,0.19
0.11,0.78,0.2
0.09,0.78,0.21
0.06,0.78,0.21
0.03,0.78,0.21
-0.0,0.78,0.21
-0.03,0.78,0.2
-0.05,0.78,0.19
-0.07,0.78,0.18
-0.1,0.78,0.17
-0.12,0.78,0.15
-0.14,0.78,0.14
-0.17,0.78,0.13
-0.2,0.78,0.11
-0.22,0.78,0.09
-0.24,0.78,0.06
-0.26,0.78,0.03
-0.28,0.78,-0.0
-0.28,0.78,-0.04
-0.29,0.78,-0.08
-0.28,0.78,-0.12
-0.27,0.78,-0.16
-0.25,0.78,-0.19
-0.22,0.78,-0.23
-0.19,0.78,-0.25
-0.16,0.78,-0.27
-0.12,0.78,-0.29
-0.08,0.78,-0.29
-0.04,0.78,-0.29
0.0,0.78,-0.28
0.04,0.78,-0.27
0.07,0.78,-0.25
0.1,0.78,-0.24
0.13,0.78,-0.22
0.16,0.78,-0.21
0.19,0.78,-0.18
0.21,0.78,-0.16
0.23,0.78,-0.13
0.24,0.78,-0.1
0.25,0.78,-0.07
0.26,0.78,-0.03
0.25,0.76,0.0
0.25,0.76,0.03
0.24,0.76,0.06
0.22,0.76,0.09
0.21,0.76,0.12
0.19,0.76,0.14
0.16,0.76,0.16
0.14,0.76,0.18
0.11,0.76,0.19
0.08,0.76,0.2
0.05,0.76,0.2
0.03,0.76,0.2
-0.0,0.76,0.2
-0.03,0.76,0.19
-0.05,0.76,0.19
-0.07,0.76,0.18
-0.09,0.76,0.16
-0.12,0.76,0.15
-0.15,0.76,0.15
-0.17,0.76,0.13
-0.2,0.76,0.11
-0.22,0.76,0.09
-0.24,0.76,0.07
-0.26,0.76,0.03
-0.28,0.76,-0.0
-0.28,0.76,-0.04
-0.28,0.76,-0.08
-0.28,0.76,-0.12
-0.27,0.76,-0.15
-0.25,0.76,-0.19
-0.22,0.76,-0.22
-0.19,0.76,-0.25
-0.15,0.76,-0.27
-0.12,0.76,-0.28
-0.08,0.76,-0.29
-0.04,0.76,-0.29
0.0,0.76,-0.28
0.04,0.76,-0.27
0.07,0.76,-0.25
0.1,0.76,-0.24
0.13,0.76,-0.23
0.16,0.76,-0.21
0.19,0.76,-0.19
0.21,0.76,-0.16
0.23,0.76,-0.13
0.24,0.76,-0.1
0.25,0.76,-0.07
0.26,0.76,-0.03
0.25,0.74,0.0
0.25,0.74,0.03
0.24,0.74,0.06
0.22,0.74,0.09
0.21,0.74,0.12
0.18,0.74,0.14
0.16,0.74,0.16
0.13,0.74,0.18
0.11,0.74,0.19
0.08,0.74,0.2
0.05,0.74,0.2
0.03,0.74,0.2
-0.0,0.74,0.2
-0.03,0.74,0.19
-0.05,0.74,0.18
-0.07,0.74,0.17
-0.09,0.74,0.16
-0.12,0.74,0.15
-0.14,0.74,0.14
-0.17,0.74,0.13
-0.2,0.74,0.11
-0.22,0.74,0.09
-0.24,0.74,0.06
-0.26,0.74,0.03
-0.27,0.74,-0.0
-0.28,0.74,-0.04
-0.28,0.74,-0.08
-0.28,0.74,-0.12
-0.27,0.74,-0.16
-0.25,0.74,-0.19
-0.22,0.74,-0.22
-0.19,0.74,-0.25
-0.16,0.74,-0.28
-0.12,0.74,-0.29
-0.08,0.74,-0.3
-0.04,0.74,-0.3
0.0,0.74,-0.29
0.04,0.74,-0.28
0.07,0.74,-0.26
0.1,0.74,-0.24
0.13,0.74,-0.23
0.16,0.74,-0.21
0.19,0.74,-0.19
0.21,0.74,-0.16
0.23,0.74,-0.13
0.24,0.74,-0.1
0.25,0.74,-0.07
0.26,0.74,-0.03
0.25,0.71,0.0
0.24,0.71,0.03
0.23,0.71,0.06
0.22,0.71,0.09
0.2,0.71,0.12
0.18,0.71,0.14
0.16,0.71,0.16
0.13,0.71,0.17
0.11,0.71,0.18
0.08,0.71,0.19
0.05,0.71,0.2
0.03,0.71,0.2
-0.0,0.71,0.19
-0.03,0.71,0.19
-0.05,0.71,0.18
-0.07,0.71,0.17
-0.09,0.71,0.16
-0.11,0.71,0.14
-0.13,0.71,0.13
-0.16,0.71,0.12
-0.18,0.71,0.11
-0.21,0.71,0.09
-0.23,0.71,0.06
-0.25,0.71,0.03
-0.27,0.71,-0.0
-0.28,0.71,-0.04
-0.29,0.71,-0.08
-0.29,0.71,-0.12
-0.28,0.71,-0.16
-0.26,0.71,-0.2
-0.24,0.71,-0.24
-0.2,0.71,-0.27
-0.17,0.71,-0.29
-0.13,0.71,-0.31
-0.08,0.71,-0.32
-0.04,0.71,-0.31
0.0,0.71,-0.31
0.04,0.71,-0.29
0.07,0.71,-0.27
0.1,0.71,-0.25
0.13,0.71,-0.23
0.16,0.71,-0.21
0.19,0.71,-0.19
0.21,0.71,-0.16
0.23,0.71,-0.13
0.24,0.71,-0.1
0.25,0.71,-0.06
0.25,0.71,-0.03
0.24,0.69,-0.0
0.24,0.69,0.03
0.23,0.69,0.06
0.21,0.69,0.09
0.19,0.69,0.11
0.17,0.69,0.13
0.15,0.69,0.15
0.13,0.69,0.16
0.1,0.69,0.17
0.08,0.69,0.18
0.05,0.69,0.19
0.02,0.69,0.19
-0.0,0.69,0.19
-0.02,0.69,0.18
-0.05,0.69,0.18
-0.07,0.69,0.17
-0.09,0.69,0.16
-0.11,0.69,0.14
-0.13,0.69,0.13
-0.16,0.69,0.12
-0.18,0.69,0.11
-0.21,0.69,0.09
-0.23,0.69,0.06
-0.26,0.69,0.03
-0.27,0.69,-0.0
-0.28,0.69,-0.04
-0.29,0.69,-0.08
-0.29,0.69,-0.12
-0.27,0.69,-0.16
-0.26,0.69,-0.2
-0.23,0.69,-0.23
-0.2,0.69,-0.26
-0.16,0.69,-0.29
-0.12,0.69,-0.3
-0.08,0.69,-0.31
-0.04,0.69,-0.3
0.0,0.69,-0.3
0.04,0.69,-0.28
0.07,0.69,-0.26
0.11,0.69,-0.25
0.14,0.69,-0.23
0.17,0.69,-0.21
0.19,0.69,-0.19
0.21,0.69,-0.16
0.23,0.69,-0.13
0.24,0.69,-0.1
0.24,0.69,-0.06
0.25,0.69,-0.03
0.24,0.67,0.0
0.23,0.67,0.03
0.22,0.67,0.06
0.2,0.67,0.08
0.19,0.67,0.11
0.17,0.67,0.13
0.14,0.67,0.14
0.12,0.67,0.16
0.1,0.67,0.17
0.07,0.67,0.17
0.05,0.67,0.18
0.02,0.67,0.18
-0.0,0.67,0.18
-0.02,0.67,0.18
-0.05,0.67,0.17
-0.07,0.67,0.16
-0.09,0.67,0.15
-0.11,0.67,0.14
-0.13,0.67,0.13
-0.16,0.67,0.12
-0.19,0.67,0.11
-0.21,0.67,0.09
-0.24,0.67,0.06
-0.26,0.67,0.03
-0.27,0.67,-0.0
-0.28,0.67,-0.04
-0.29,0.67,-0.08
-0.28,0.67,-0.12
-0.27,0.67,-0.16
-0.25,0.67,-0.19
-0.23,0.67,-0.23
-0.2,0.67,-0.26
-0.16,0.67,-0.28
-0.12,0.67,-0.29
-0.08,0.67,-0.3
-0.04,0.67,-0.3
0.0,0.67,-0.29
0.04,0.67,-0.28
0.07,0.67,-0.27
0.11,0.67,-0.25
0.14,0.67,-0.23
0.17,0.67,-0.21
0.19,0.67,-0.19
0.21,0.67,-0.16
0.23,0.67,-0.13
0.24,0.67,-0.1
0.24,0.67,-0.06
0.24,0.67,-0.03
0.24,0.64,0.0
0.23,0.64,0.03
0.22,0.64,0.06
0.2,0.64,0.08
0.18,0.64,0.11
0.16,0.64,0.13
0.14,0.64,0.14
0.12,0.64,0.15
0.09,0.64,0.16
0.07,0.64,0.17
0.05,0.64,0.18
0.02,0.64,0.18
-0.0,0.64,0.18
-0.02,0.64,0.17
-0.04,0.64,0.17
-0.07,0.64,0.16
-0.09,0.64,0.15
-0.11,0.64,0.14
-0.13,0.64,0.13
-0.16,0.64,0.12
-0.18,0.64,0.11
-0.21,0.64,0.09
-0.23,0.64,0.06
-0.25,0.64,0.03
-0.27,0.64,-0.0
-0.28,0.64,-0.04
-0.28,0.64,-0.08
-0.28,0.64,-0.12
-0.27,0.64,-0.16
-0.25,0.64,-0.19
-0.22,0.64,-0.23
-0.19,0.64,-0.25
-0.16,0.64,-0.28
-0.12,0.64,-0.29
-0.08,0.64,-0.3
-0.04,0.64,-0.3
0.0,0.64,-0.29
0.04,0.64,-0.29
0.08,0.64,-0.28
0.11,0.64,-0.26
0.14,0.64,-0.24
0.16,0.64,-0.21
0.19,0.64,-0.19
0.21,0.64,-0.16
0.22,0.64,-0.13
0.23,0.64,-0.1
0.24,0.64,-0.06
0.24,0.64,-0.03
0.23,0.62,-0.0
0.22,0.62,0.03
0.21,0.62,0.06
0.2,0.62,0.08
0.18,0.62,0.1
0.16,0.62,0.12
0.14,0.62,0.14
0.11,0.62,0.15
0.09,0.62,0.16
0.07,0.62,0.17
0.05,0.62,0.17
0.02,0.62,0.17
-0.0,0.62,0.17
-0.02,0.62,0.17
-0.04,0.62,0.16
-0.06,0.62,0.15
-0.08,0.62,0.14
-0.1,0.62,0.14
-0.13,0.62,0.13
-0.15,0.62,0.12
-0.18,0.62,0.1
-0.21,0.62,0.08
-0.23,0.62,0.06
-0.25,0.62,0.03
-0.27,0.62,-0.0
-0.28,0.62,-0.04
-0.28,0.62,-0.08
-0.28,0.62,-0.12
-0.27,0.62,-0.16
-0.25,0.62,-0.2
-0.23,0.62,-0.23
-0.2,0.62,-0.26
-0.17,0.62,-0.29
-0.12,0.62,-0.3
-0.08,0.62,-0.31
-0.04,0.62,-0.3
0.0,0.62,-0.3
0.04,0.62,-0.29
0.08,0.62,-0.28
0.11,0.62,-0.27
0.14,0.62,-0.24
0.17,0.62,-0.22
0.19,0.62,-0.18
0.2,0.62,-0.16
0.22,0.62,-0.13
0.23,0.62,-0.09
0.23,0.62,-0.06
0.24,0.62,-0.03
0.22,0.6,0.0
0.21,0.6,0.03
0.2,0.6,0.05
0.19,0.6,0.08
0.17,0.6,0.1
0.15,0.6,0.12
0.13,0.6,0.13
0.11,0.6,0.14
0.09,0.6,0.15
0.07,0.6,0.16
0.04,0.6,0.16
0.02,0.6,0.16
-0.0,0.6,0.16
-0.02,0.6,0.16
-0.04,0.6,0.15
-0.06,0.6,0.15
-0.08,0.6,0.14
-0.1,0.6,0.13
-0.12,0.6,0.12
-0.15,0.6,0.11
-0.18,0.6,0.1
-0.2,0.6,0.08
-0.23,0.6,0.06
-0.25,0.6,0.03
-0.27,0.6,-0.0
-0.28,0.6,-0.04
-0.28,0.6,-0.08
-0.28,0.6,-0.12
-0.28,0.6,-0.16
-0.26,0.6,-0.2
-0.24,0.6,-0.24
-0.21,0.6,-0.27
-0.17,0.6,-0.3
-0.13,0.6,-0.32
-0.09,0.6,-0.32
-0.04,0.6,-0.32
0.0,0.6,-0.3
0.04,0.6,-0.3
0.08,0.6,-0.29
0.11,0.6,-0.27
0.14,0.6,-0.25
0.17,0.6,-0.22
0.19,0.6,-0.19
0.2,0.6,-0.15
0.21,0.6,-0.12
0.22,0.6,-0.09
0.23,0.6,-0.06
0.23,0.6,-0.03
0.21,0.58,-0.0
0.2,0.58,0.03
0.19,0.58,0.05
0.18,0.58,0.07
0.16,0.58,0.09
0.14,0.58,0.11
0.12,0.58,0.12
0.1,0.58,0.13
0.08,0.58,0.14
0.06,0.58,0.15
0.04,0.58,0.15
0.02,0.58,0.15
-0.0,0.58,0.15
-0.02,0.58,0.15
-0.04,0.58,0.14
-0.06,0.58,0.14
-0.07,0.58,0.13
-0.1,0.58,0.13
-0.12,0.58,0.12
-0.15,0.58,0.11
-0.18,0.58,0.1
-0.2,0.58,0.08
-0.23,0.58,0.06
-0.25,0.58,0.03
-0.27,0.58,-0.0
-0.28,0.58,-0.04
-0.29,0.58,-0.08
-0.29,0.58,-0.12
-0.28,0.58,-0.16
-0.27,0.58,-0.21
-0.25,0.58,-0.25
-0.22,0.58,-0.28
-0.18,0.58,-0.31
-0.14,0.58,-0.33
-0.09,0.58,-0.34
-0.04,0.58,-0.33
0.0,0.58,-0.31
0.04,0.58,-0.3
0.08,0.58,-0.29
0.11,0.58,-0.27
0.14,0.58,-0.25
0.17,0.58,-0.22
0.19,0.58,-0.19
0.2,0.58,-0.15
0.21,0.58,-0.12
0.21,0.58,-0.09
0.22,0.58,-0.06
0.21,0.58,-0.03
0.2,0.55,-0.0
0.19,0.55,0.02
0.18,0.55,0.05
0.16,0.55,0.07
0.15,0.55,0.08
0.13,0.55,0.1
0.11,0.55,0.11
0.09,0.55,0.12
0.07,0.55,0.13
0.05,0.55,0.13
0.04,0.55,0.14
0.02,0.55,0.14
-0.0,0.55,0.13
-0.02,0.55,0.13
-0.03,0.55,0.13
-0.05,0.55,0.12
-0.07,0.55,0.13
-0.1,0.55,0.12
-0.12,0.55,0.12
-0.15,0.55,0.11
-0.17,0.55,0.1
-0.2,0.55,0.08
-0.23,0.55,0.06
-0.25,0.55,0.03
-0.26,0.55,-0.0
-0.28,0.55,-0.04
-0.29,0.55,-0.08
-0.29,0.55,-0.12
-0.29,0.55,-0.17
-0.27,0.55,-0.21
-0.25,0.55,-0.26
-0.22,0.55,-0.29
-0.19,0.55,-0.33
-0.14,0.55,-0.35
-0.09,0.55,-0.35
-0.04,0.55,-0.35
0.0,0.55,-0.33
0.04,0.55,-0.3
0.08,0.55,-0.29
0.11,0.55,-0.27
0.14,0.55,-0.25
0.17,0.55,-0.22
0.19,0.55,-0.19
0.2,0.55,-0.15
0.21,0.55,-0.12
0.21,0.55,-0.09
0.21,0.55,-0.05
0.2,0.55,-0.03
0.18,0.53,0.0
0.17,0.53,0.02
0.16,0.53,0.04
0.14,0.53,0.06
0.13,0.53,0.07
0.11,0.53,0.09
0.1,0.53,0.1
0.08,0.53,0.1
0.06,0.53,0.11
0.05,0.53,0.11
0.03,0.53,0.12
0.02,0.53,0.12
-0.0,0.53,0.11
-0.01,0.53,0.11
-0.03,0.53,0.11
-0.05,0.53,0.12
-0.07,0.53,0.12
-0.09,0.53,0.12
-0.12,0.53,0.12
-0.14,0.53,0.11
-0.17,0.53,0.1
-0.19,0.53,0.08
-0.22,0.53,0.06
-0.24,0.53,0.03
-0.26,0.53,-0.0
-0.28,0.53,-0.04
-0.29,0.53,-0.08
-0.29,0.53,-0.12
-0.29,0.53,-0.17
-0.28,0.53,-0.22
-0.26,0.53,-0.26
-0.23,0.53,-0.3
-0.19,0.53,-0.34
-0.15,0.53,-0.36
-0.1,0.53,-0.37
-0.05,0.53,-0.36
0.0,0.53,-0.34
0.04,0.53,-0.31
0.08,0.53,-0.29
0.11,0.53,-0.27
0.14,0.53,-0.25
0.17,0.53,-0.22
0.19,0.53,-0.19
0.2,0.53,-0.15
0.21,0.53,-0.12
0.21,0.53,-0.08
0.2,0.53,-0.05
0.19,0.53,-0.02
0.18,0.51,-0.0
0.16,0.51,0.02
0.15,0.51,0.04
0.13,0.51,0.06
0.12,0.51,0.07
0.1,0.51,0.08
0.09,0.51,0.09
0.07,0.51,0.09
0.06,0.51,0.1
0.04,0.51,0.1
0.03,0.51,0.1
0.01,0.51,0.11
-0.0,0.51,0.11
-0.01,0.51,0.11
-0.03,0.51,0.1
-0.04,0.51,0.11
-0.06,0.51,0.11
-0.09,0.51,0.11
-0.11,0.51,0.11
-0.13,0.51,0.1
-0.16,0.51,0.09
-0.19,0.51,0.08
-0.21,0.51,0.06
-0.23,0.51,0.03
-0.25,0.51,-0.0
-0.27,0.51,-0.04
-0.29,0.51,-0.08
-0.29,0.51,-0.12
-0.29,0.51,-0.17
-0.29,0.51,-0.22
-0.27,0.51,-0.27
-0.24,0.51,-0.31
-0.2,0.51,-0.35
-0.15,0.51,-0.38
-0.1,0.51,-0.38
-0.05,0.51,-0.38
0.0,0.51,-0.36
0.04,0.51,-0.32
0.08,0.51,-0.3
0.11,0.51,-0.27
0.14,0.51,-0.25
0.17,0.51,-0.22
0.19,0.51,-0.18
0.2,0.51,-0.15
0.2,0.51,-0.12
0.2,0.51,-0.08
0.2,0.51,-0.05
0.19,0.51,-0.02
0.17,0.48,0.0
0.16,0.48,0.02
0.14,0.48,0.04
0.13,0.48,0.05
0.11,0.48,0.06
0.1,0.48,0.07
0.08,0.48,0.08
0.07,0.48,0.09
0.05,0.48,0.09
0.04,0.48,0.1
0.03,0.48,0.1
0.01,0.48,0.1
-0.0,0.48,0.1
-0.01,0.48,0.1
-0.03,0.48,0.1
-0.04,0.48,0.1
-0.06,0.48,0.1
-0.08,0.48,0.1
-0.1,0.48,0.1
-0.12,0.48,0.09
-0.15,0.48,0.08
-0.17,0.48,0.07
-0.2,0.48,0.05
-0.22,0.48,0.03
-0.25,0.48,-0.0
-0.27,0.48,-0.04
-0.28,0.48,-0.08
-0.29,0.48,-0.12
-0.3,0.48,-0.17
-0.29,0.48,-0.22
-0.27,0.48,-0.28
-0.25,0.48,-0.32
-0.21,0.48,-0.36
-0.16,0.48,-0.39
-0.11,0.48,-0.4
-0.05,0.48,-0.39
0.0,0.48,-0.37
0.05,0.48,-0.33
0.08,0.48,-0.3
0.12,0.48,-0.28
0.14,0.48,-0.25
0.17,0.48,-0.22
0.18,0.48,-0.18
0.19,0.48,-0.15
0.2,0.48,-0.11
0.2,0.48,-0.08
0.19,0.48,-0.05
0.18,0.48,-0.02
0.16,0.46,-0.0
0.15,0.46,0.02
0.14,0.46,0.04
0.12,0.46,0.05
0.11,0.46,0.06
0.09,0.46,0.07
0.08,0.46,0.08
0.06,0.46,0.08
0.05,0.46,0.09
0.04,0.46,0.09
0.03,0.46,0.09
0.01,0.46,0.1
-0.0,0.46,0.1
-0.01,0.46,0.1
-0.03,0.46,0.1
-0.04,0.46,0.09
-0.05,0.46,0.09
-0.07,0.46,0.09
-0.08,0.46,0.08
-0.11,0.46,0.08
-0.13,0.46,0.08
-0.16,0.46,0.06
-0.19,0.46,0.05
-0.21,0.46,0.03
-0.24,0.46,-0.0
-0.26,0.46,-0.04
-0.28,0.46,-0.08
-0.29,0.46,-0.12
-0.3,0.46,-0.17
-0.3,0.46,-0.23
-0.28,0.46,-0.28
-0.25,0.46,-0.33
-0.21,0.46,-0.37
-0.17,0.46,-0.4
-0.11,0.46,-0.41
-0.05,0.46,-0.41
0.0,0.46,-0.38
0.05,0.46,-0.34
0.08,0.46,-0.3
0.12,0.46,-0.28
0.14,0.46,-0.25
0.17,0.46,-0.22
0.18,0.46,-0.18
0.19,0.46,-0.15
0.19,0.46,-0.11
0.19,0.46,-0.08
0.19,0.46,-0.05
0.18,0.46,-0.02
0.16,0.44,-0.0
0.14,0.44,0.02
0.13,0.44,0.03
0.12,0.44,0.05
0.1,0.44,0.06
0.09,0.44,0.07
0.07,0.44,0.07
0.06,0.44,0.08
0.05,0.44,0.08
0.04,0.44,0.09
0.02,0.44,0.09
0.01,0.44,0.09
-0.0,0.44,0.09
-0.01,0.44,0.09
-0.03,0.44,0.09
-0.04,0.44,0.09
-0.05,0.44,0.09
-0.07,0.44,0.09
-0.08,0.44,0.08
-0.1,0.44,0.08
-0.12,0.44,0.07
-0.14,0.44,0.06
-0.15,0.44,0.04
-0.18,0.44,0.02
-0.22,0.44,-0.0
-0.25,0.44,-0.03
-0.27,0.44,-0.07
-0.29,0.44,-0.12
-0.3,0.44,-0.18
-0.3,0.44,-0.23
-0.29,0.44,-0.29
-0.27,0.44,-0.35
-0.23,0.44,-0.39
-0.17,0.44,-0.43
-0.12,0.44,-0.44
-0.06,0.44,-0.43
0.0,0.44,-0.41
0.05,0.44,-0.36
0.08,0.44,-0.31
0.12,0.44,-0.28
0.14,0.44,-0.25
0.16,0.44,-0.21
0.18,0.44,-0.18
0.19,0.44,-0.14
0.19,0.44,-0.11
0.19,0.44,-0.08
0.18,0.44,-0.05
0.17,0.44,-0.02
0.15,0.41,-0.0
0.14,0.41,0.02
0.12,0.41,0.03
0.11,0.41,0.05
0.1,0.41,0.05
0.08,0.41,0.06
0.07,0.41,0.07
0.06,0.41,0.07
0.05,0.41,0.08
0.03,0.41,0.08
0.02,0.41,0.09
0.01,0.41,0.09
-0.0,0.41,0.09
-0.01,0.41,0.09
-0.02,0.41,0.09
-0.04,0.41,0.09
-0.05,0.41,0.09
-0.06,0.41,0.08
-0.08,0.41,0.08
-0.1,0.41,0.07
-0.12,0.41,0.07
-0.13,0.41,0.06
-0.15,0.41,0.04
-0.18,0.41,0.02
-0.19,0.41,-0.0
-0.23,0.41,-0.03
-0.27,0.41,-0.07
-0.29,0.41,-0.12
-0.3,0.41,-0.18
-0.31,0.41,-0.24
-0.3,0.41,-0.3
-0.27,0.41,-0.36
-0.23,0.41,-0.4
-0.18,0.41,-0.44
-0.12,0.41,-0.45
-0.06,0.41,-0.44
0.0,0.41,-0.42
0.05,0.41,-0.37
0.08,0.41,-0.31
0.12,0.41,-0.28
0.14,0.41,-0.24
0.16,0.41,-0.21
0.18,0.41,-0.17
0.18,0.41,-0.14
0.18,0.41,-0.1
0.18,0.41,-0.07
0.17,0.41,-0.04
0.16,0.41,-0.02
0.14,0.39,-0.0
0.13,0.39,0.02
0.11,0.39,0.03
0.1,0.39,0.04
0.09,0.39,0.05
0.07,0.39,0.06
0.06,0.39,0.06
0.05,0.39,0.07
0.04,0.39,0.07
0.03,0.39,0.08
0.02,0.39,0.08
0.01,0.39,0.08
-0.0,0.39,0.08
-0.01,0.39,0.08
-0.02,0.39,0.08
-0.03,0.39,0.08
-0.05,0.39,0.08
-0.06,0.39,0.08
-0.08,0.39,0.08
-0.09,0.39,0.07
-0.11,0.39,0.06
-0.13,0.39,0.05
-0.15,0.39,0.04
-0.17,0.39,0.02
-0.2,0.39,-0.0
-0.23,0.39,-0.03
-0.27,0.39,-0.07
-0.29,0.39,-0.12
-0.3,0.39,-0.18
-0.31,0.39,-0.24
-0.3,0.39,-0.3
-0.27,0.39,-0.36
-0.24,0.39,-0.41
-0.18,0.39,-0.45
-0.12,0.39,-0.46
-0.06,0.39,-0.45
0.0,0.39,-0.42
0.05,0.39,-0.38
0.09,0.39,-0.32
0.12,0.39,-0.28
0.14,0.39,-0.24
0.16,0.39,-0.21
0.17,0.39,-0.17
0.18,0.39,-0.14
0.18,0.39,-0.1
0.17,0.39,-0.07
0.16,0.39,-0.04
0.15,0.39,-0.02
0.13,0.37,0.0
0.12,0.37,0.02
0.11,0.37,0.03
0.09,0.37,0.04
0.08,0.37,0.05
0.07,0.37,0.05
0.06,0.37,0.06
0.05,0.37,0.06
0.04,0.37,0.07
0.03,0.37,0.07
0.02,0.37,0.07
0.01,0.37,0.08
-0.0,0.37,0.08
-0.01,0.37,0.08
-0.02,0.37,0.08
-0.03,0.37,0.08
-0.05,0.37,0.08
-0.06,0.37,0.08
-0.07,0.37,0.07
-0.09,0.37,0.07
-0.11,0.37,0.06
-0.13,0.37,0.05
-0.15,0.37,0.04
-0.17,0.37,0.02
-0.19,0.37,-0.0
-0.22,0.37,-0.03
-0.26,0.37,-0.07
-0.28,0.37,-0.12
-0.3,0.37,-0.18
-0.31,0.37,-0.24
-0.3,0.37,-0.3
-0.28,0.37,-0.37
-0.24,0.37,-0.42
-0.19,0.37,-0.46
-0.13,0.37,-0.48
-0.06,0.37,-0.47
0.0,0.37,-0.44
0.05,0.37,-0.39
0.09,0.37,-0.32
0.12,0.37,-0.28
0.14,0.37,-0.24
0.16,0.37,-0.21
0.17,0.37,-0.17
0.18,0.37,-0.14
0.18,0.37,-0.1
0.17,0.37,-0.07
0.16,0.37,-0.04
0.15,0.37,-0.02
0.13,0.35,-0.0
0.12,0.35,0.02
0.1,0.35,0.03
0.09,0.35,0.04
0.08,0.35,0.05
0.07,0.35,0.05
0.06,0.35,0.06
0.05,0.35,0.06
0.04,0.35,0.06
0.03,0.35,0.07
0.02,0.35,0.07
0.01,0.35,0.07
-0.0,0.35,0.07
-0.01,0.35,0.07
-0.02,0.35,0.08
-0.03,0.35,0.08
-0.04,0.35,0.08
-0.06,0.35,0.07
-0.07,0.35,0.07
-0.09,0.35,0.07
-0.11,0.35,0.06
-0.13,0.35,0.05
-0.15,0.35,0.04
-0.17,0.35,0.02
-0.19,0.35,-0.0
-0.21,0.35,-0.03
-0.23,0.35,-0.06
-0.27,0.35,-0.11
-0.3,0.35,-0.17
-0.31,0.35,-0.24
-0.31,0.35,-0.31
-0.29,0.35,-0.38
-0.25,0.35,-0.44
-0.2,0.35,-0.48
-0.13,0.35,-0.5
-0.06,0.35,-0.49
0.0,0.35,-0.46
0.05,0.35,-0.4
0.09,0.35,-0.33
0.12,0.35,-0.28
0.14,0.35,-0.24
0.16,0.35,-0.21
0.17,0.35,-0.17
0.17,0.35,-0.13
0.17,0.35,-0.1
0.16,0.35,-0.07
0.15,0.35,-0.04
0.14,0.35,-0.02
0.12,0.32,0.0
0.11,0.32,0.01
0.1,0.32,0.03
0.08,0.32,0.03
0.07,0.32,0.04
0.06,0.32,0.05
0.05,0.32,0.05
0.04,0.32,0.06
0.03,0.32,0.06
0.03,0.32,0.06
0.02,0.32,0.06
0.01,0.32,0.07
-0.0,0.32,0.07
-0.01,0.32,0.07
-0.02,0.32,0.07
-0.03,0.32,0.07
-0.04,0.32,0.07
-0.05,0.32,0.07
-0.07,0.32,0.07
-0.08,0.32,0.06
-0.1,0.32,0.06
-0.12,0.32,0.05
-0.15,0.32,0.04
-0.17,0.32,0.02
-0.19,0.32,-0.0
-0.22,0.32,-0.03
-0.23,0.32,-0.06
-0.26,0.32,-0.11
-0.3,0.32,-0.17
-0.31,0.32,-0.24
-0.31,0.32,-0.31
-0.29,0.32,-0.38
-0.25,0.32,-0.44
-0.2,0.32,-0.49
-0.13,0.32,-0.51
-0.06,0.32,-0.5
0.0,0.32,-0.47
0.06,0.32,-0.41
0.09,0.32,-0.33
0.12,0.32,-0.28
0.14,0.32,-0.24
0.16,0.32,-0.2
0.17,0.32,-0.17
0.17,0.32,-0.13
0.17,0.32,-0.09
0.16,0.32,-0.06
0.15,0.32,-0.04
0.13,0.32,-0.02
0.11,0.3,-0.0
0.1,0.3,0.01
0.09,0.3,0.02
0.07,0.3,0.03
0.06,0.3,0.04
0.05,0.3,0.04
0.05,0.3,0.05
0.04,0.3,0.05
0.03,0.3,0.05
0.02,0.3,0.06
0.02,0.3,0.06
0.01,0.3,0.06
-0.0,0.3,0.06
-0.01,0.3,0.06
-0.02,0.3,0.06
-0.03,0.3,0.06
-0.04,0.3,0.06
-0.05,0.3,0.06
-0.06,0.3,0.06
-0.08,0.3,0.06
-0.1,0.3,0.06
-0.12,0.3,0.05
-0.14,0.3,0.04
-0.17,0.3,0.02
-0.19,0.3,-0.0
-0.22,0.3,-0.03
-0.24,0.3,-0.06
-0.25,0.3,-0.11
-0.29,0.3,-0.17
-0.31,0.3,-0.24
-0.31,0.3,-0.32
-0.3,0.3,-0.39
-0.26,0.3,-0.45
-0.2,0.3,-0.5
-0.14,0.3,-0.52
-0.07,0.3,-0.51
0.0,0.3,-0.48
0.06,0.3,-0.42
0.09,0.3,-0.34
0.12,0.3,-0.28
0.14,0.3,-0.24
0.16,0.3,-0.2
0.17,0.3,-0.16
0.17,0.3,-0.13
0.16,0.3,-0.09
0.15,0.3,-0.06
0.14,0.3,-0.04
0.13,0.3,-0.02
0.1,0.28,0.0
0.09,0.28,0.01
0.08,0.28,0.02
0.07,0.28,0.03
0.06,0.28,0.03
0.05,0.28,0.04
0.04,0.28,0.04
0.04,0.28,0.05
0.03,0.28,0.05
0.02,0.28,0.05
0.01,0.28,0.05
0.01,0.28,0.05
-0.0,0.28,0.06
-0.01,0.28,0.06
-0.02,0.28,0.06
-0.02,0.28,0.06
-0.04,0.28,0.06
-0.05,0.28,0.06
-0.06,0.28,0.06
-0.08,0.28,0.06
-0.09,0.28,0.05
-0.11,0.28,0.05
-0.14,0.28,0.04
-0.16,0.28,0.02
-0.19,0.28,-0.0
-0.22,0.28,-0.03
-0.24,0.28,-0.06
-0.25,0.28,-0.11
-0.29,0.28,-0.17
-0.31,0.28,-0.24
-0.32,0.28,-0.32
-0.3,0.28,-0.4
-0.27,0.28,-0.46
-0.21,0.28,-0.51
-0.14,0.28,-0.53
-0.07,0.28,-0.53
0.0,0.28,-0.49
0.06,0.28,-0.43
0.09,0.28,-0.34
0.12,0.28,-0.28
0.14,0.28,-0.24
0.16,0.28,-0.2
0.16,0.28,-0.16
0.16,0.28,-0.12
0.16,0.28,-0.09
0.15,0.28,-0.06
0.13,0.28,-0.03
0.12,0.28,-0.02
0.1,0.25,-0.0
0.08,0.25,0.01
0.07,0.25,0.02
0.06,0.25,0.03
0.05,0.25,0.03
0.05,0.25,0.04
0.04,0.25,0.04
0.03,0.25,0.04
0.03,0.25,0.04
0.02,0.25,0.05
0.01,0.25,0.05
0.01,0.25,0.05
-0.0,0.25,0.05
-0.01,0.25,0.05
-0.01,0.25,0.05
-0.02,0.25,0.06
-0.03,0.25,0.06
-0.04,0.25,0.06
-0.06,0.25,0.06
-0.07,0.25,0.05
-0.09,0.25,0.05
-0.11,0.25,0.05
-0.14,0.25,0.04
-0.16,0.25,0.02
-0.19,0.25,-0.0
-0.22,0.25,-0.03
-0.24,0.25,-0.06
-0.26,0.25,-0.11
-0.28,0.25,-0.16
-0.31,0.25,-0.24
-0.32,0.25,-0.32
-0.31,0.25,-0.4
-0.27,0.25,-0.47
-0.21,0.25,-0.52
-0.14,0.25,-0.55
-0.07,0.25,-0.54
0.0,0.25,-0.5
0.06,0.25,-0.43
0.09,0.25,-0.34
0.12,0.25,-0.28
0.14,0.25,-0.24
0.15,0.25,-0.2
0.16,0.25,-0.16
0.16,0.25,-0.12
0.15,0.25,-0.09
0.14,0.25,-0.06
0.12,0.25,-0.03
0.11,0.25,-0.01
0.09,0.23,-0.0
0.08,0.23,0.01
0.07,0.23,0.02
0.06,0.23,0.02
0.05,0.23,0.03
0.04,0.23,0.03
0.03,0.23,0.03
0.03,0.23,0.04
0.02,0.23,0.04
0.02,0.23,0.04
0.01,0.23,0.04
0.01,0.23,0.04
-0.0,0.23,0.05
-0.01,0.23,0.05
-0.01,0.23,0.05
-0.02,0.23,0.05
-0.03,0.23,0.05
-0.04,0.23,0.05
-0.05,0.23,0.05
-0.07,0.23,0.05
-0.08,0.23,0.05
-0.11,0.23,0.04
-0.13,0.23,0.03
-0.16,0.23,0.02
-0.19,0.23,-0.0
-0.22,0.23,-0.03
-0.24,0.23,-0.07
-0.26,0.23,-0.11
-0.27,0.23,-0.15
-0.31,0.23,-0.24
-0.32,0.23,-0.33
-0.31,0.23,-0.41
-0.28,0.23,-0.48
-0.22,0.23,-0.53
-0.15,0.23,-0.55
-0.07,0.23,-0.55
0.0,0.23,-0.51
0.06,0.23,-0.44
0.09,0.23,-0.34
0.12,0.23,-0.28
0.14,0.23,-0.24
0.15,0.23,-0.2
0.16,0.23,-0.15
0.15,0.23,-0.12
0.14,0.23,-0.08
0.13,0.23,-0.05
0.12,0.23,-0.03
0.1,0.23,-0.01
0.08,0.21,0.0
0.07,0.21,0.01
0.06,0.21,0.02
0.05,0.21,0.02
0.04,0.21,0.02
0.04,0.21,0.03
0.03,0.21,0.03
0.02,0.21,0.03
0.02,0.21,0.03
0.01,0.21,0.04
0.01,0.21,0.04
0.01,0.21,0.04
-0.0,0.21,0.04
-0.01,0.21,0.04
-0.01,0.21,0.04
-0.02,0.21,0.04
-0.03,0.21,0.05
-0.04,0.21,0.05
-0.05,0.21,0.05
-0.06,0.21,0.05
-0.08,0.21,0.05
-0.1,0.21,0.04
-0.13,0.21,0.03
-0.16,0.21,0.02
-0.19,0.21,-0.0
-0.22,0.21,-0.03
-0.24,0.21,-0.07
-0.26,0.21,-0.11
-0.27,0.21,-0.16
-0.3,0.21,-0.23
-0.33,0.21,-0.33
-0.32,0.21,-0.41
-0.28,0.21,-0.49
-0.22,0.21,-0.53
-0.15,0.21,-0.56
-0.07,0.21,-0.55
0.0,0.21,-0.52
0.06,0.21,-0.45
0.09,0.21,-0.34
0.12,0.21,-0.28
0.14,0.21,-0.24
0.15,0.21,-0.19
0.15,0.21,-0.15
0.15,0.21,-0.11
0.14,0.21,-0.08
0.12,0.21,-0.05
0.11,0.21,-0.03
0.09,0.21,-0.01
0.07,0.19,-0.0
0.06,0.19,0.01
0.05,0.19,0.01
0.04,0.19,0.02
0.04,0.19,0.02
0.03,0.19,0.02
0.03,0.19,0.03
0.02,0.19,0.03
0.02,0.19,0.03
0.01,0.19,0.03
0.01,0.19,0.03
0.0,0.19,0.03
-0.0,0.19,0.03
-0.0,0.19,0.04
-0.01,0.19,0.04
-0.02,0.19,0.04
-0.02,0.19,0.04
-0.03,0.19,0.04
-0.04,0.19,0.04
-0.06,0.19,0.04
-0.07,0.19,0.04
-0.09,0.19,0.04
-0.12,0.19,0.03
-0.15,0.19,0.02
-0.19,0.19,-0.0
-0.22,0.19,-0.03
-0.24,0.19,-0.07
-0.26,0.19,-0.11
-0.27,0.19,-0.16
-0.3,0.19,-0.23
-0.33,0.19,-0.33
-0.32,0.19,-0.42
-0.28,0.19,-0.49
-0.22,0.19,-0.54
-0.15,0.19,-0.56
-0.07,0.19,-0.56
0.0,0.19,-0.52
0.06,0.19,-0.46
0.09,0.19,-0.33
0.12,0.19,-0.28
0.14,0.19,-0.23
0.15,0.19,-0.19
0.15,0.19,-0.15
0.14,0.19,-0.11
0.13,0.19,-0.07
0.11,0.19,-0.05
0.1,0.19,-0.03
0.08,0.19,-0.01
0.06,0.16,0.0
0.05,0.16,0.01
0.04,0.16,0.01
0.04,0.16,0.01
0.03,0.16,0.02
0.03,0.16,0.02
0.02,0.16,0.02
0.02,0.16,0.02
0.01,0.16,0.02
0.01,0.16,0.03
0.01,0.16,0.03
0.0,0.16,0.03
-0.0,0.16,0.03
-0.0,0.16,0.03
-0.01,0.16,0.03
-0.01,0.16,0.03
-0.02,0.16,0.03
-0.03,0.16,0.04
-0.04,0.16,0.04
-0.05,0.16,0.04
-0.07,0.16,0.04
-0.09,0.16,0.04
-0.12,0.16,0.03
-0.15,0.16,0.02
-0.18,0.16,-0.0
-0.22,0.16,-0.03
-0.25,0.16,-0.07
-0.27,0.16,-0.11
-0.28,0.16,-0.16
-0.29,0.16,-0.22
-0.33,0.16,-0.33
-0.32,0.16,-0.42
-0.28,0.16,-0.49
-0.22,0.16,-0.54
-0.15,0.16,-0.56
-0.07,0.16,-0.56
0.0,0.16,-0.52
0.06,0.16,-0.45
0.09,0.16,-0.32
0.11,0.16,-0.27
0.13,0.16,-0.23
0.14,0.16,-0.18
0.14,0.16,-0.14
0.13,0.16,-0.1
0.12,0.16,-0.07
0.1,0.16,-0.04
0.08,0.16,-0.02
0.07,0.16,-0.01
0.05,0.14,-0.0
0.04,0.14,0.01
0.03,0.14,0.01
0.03,0.14,0.01
0.02,0.14,0.01
0.02,0.14,0.02
0.02,0.14,0.02
0.01,0.14,0.02
0.01,0.14,0.02
0.01,0.14,0.02
0.01,0.14,0.02
0.0,0.14,0.02
-0.0,0.14,0.02
-0.0,0.14,0.02
-0.01,0.14,0.03
-0.01,0.14,0.03
-0.02,0.14,0.03
-0.02,0.14,0.03
-0.03,0.14,0.03
-0.04,0.14,0.03
-0.06,0.14,0.03
-0.08,0.14,0.03
-0.11,0.14,0.03
-0.14,0.14,0.02
-0.18,0.14,-0.0
-0.22,0.14,-0.03
-0.25,0.14,-0.07
-0.27,0.14,-0.11
-0.28,0.14,-0.16
-0.28,0.14,-0.22
-0.32,0.14,-0.32
-0.32,0.14,-0.41
-0.28,0.14,-0.48
-0.22,0.14,-0.53
-0.15,0.14,-0.56
-0.07,0.14,-0.55
0.0,0.14,-0.52
0.06,0.14,-0.45
0.09,0.14,-0.31
0.11,0.14,-0.27
0.13,0.14,-0.23
0.14,0.14,-0.18
0.14,0.14,-0.14
0.13,0.14,-0.1
0.11,0.14,-0.06
0.09,0.14,-0.04
0.07,0.14,-0.02
0.06,0.14,-0.01
0.04,0.12,0.0
0.03,0.12,0.0
0.02,0.12,0.01
0.02,0.12,0.01
0.02,0.12,0.01
0.01,0.12,0.01
0.01,0.12,0.01
0.01,0.12,0.01
0.01,0.12,0.01
0.01,0.12,0.02
0.0,0.12,0.02
0.0,0.12,0.02
-0.0,0.12,0.02
-0.0,0.12,0.02
-0.01,0.12,0.02
-0.01,0.12,0.02
-0.01,0.12,0.02
-0.02,0.12,0.02
-0.02,0.12,0.02
-0.03,0.12,0.03
-0.05,0.12,0.03
-0.07,0.12,0.03
-0.1,0.12,0.03
-0.14,0.12,0.02
-0.18,0.12,-0.0
-0.22,0.12,-0.03
-0.25,0.12,-0.07
-0.27,0.12,-0.11
-0.28,0.12,-0.17
-0.28,0.12,-0.22
-0.32,0.12,-0.32
-0.31,0.12,-0.41
-0.27,0.12,-0.48
-0.22,0.12,-0.53
-0.15,0.12,-0.55
-0.07,0.12,-0.55
0.0,0.12,-0.51
0.06,0.12,-0.44
0.09,0.12,-0.31
0.11,0.12,-0.27
0.13,0.12,-0.22
0.14,0.12,-0.18
0.13,0.12,-0.13
0.12,0.12,-0.09
0.1,0.12,-0.06
0.08,0.12,-0.03
0.06,0.12,-0.02
0.05,0.12,-0.01
0.02,0.09,0.0
0.02,0.09,0.0
0.02,0.09,0.0
0.01,0.09,0.01
0.01,0.09,0.01
0.01,0.09,0.01
0.01,0.09,0.01
0.01,0.09,0.01
0.01,0.09,0.01
0.0,0.09,0.01
0.0,0.09,0.01
0.0,0.09,0.01
-0.0,0.09,0.01
-0.0,0.09,0.01
-0.0,0.09,0.01
-0.01,0.09,0.01
-0.01,0.09,0.01
-0.01,0.09,0.02
-0.02,0.09,0.02
-0.02,0.09,0.02
-0.04,0.09,0.02
-0.06,0.09,0.02
-0.09,0.09,0.02
-0.13,0.09,0.02
-0.17,0.09,-0.0
-0.21,0.09,-0.03
-0.25,0.09,-0.07
-0.27,0.09,-0.11
-0.29,0.09,-0.17
-0.28,0.09,-0.22
-0.3,0.09,-0.31
-0.3,0.09,-0.4
-0.27,0.09,-0.47
-0.21,0.09,-0.52
-0.14,0.09,-0.54
-0.07,0.09,-0.54
0.0,0.09,-0.5
0.06,0.09,-0.42
0.09,0.09,-0.31
0.11,0.09,-0.27
0.13,0.09,-0.22
0.13,0.09,-0.17
0.12,0.09,-0.12
0.11,0.09,-0.08
0.08,0.09,-0.05
0.06,0.09,-0.03
0.04,0.09,-0.01
0.03,0.09,-0.0
0.01,0.07,-0.0
0.01,0.07,0.0
0.01,0.07,0.0
0.01,0.07,0.0
0.01,0.07,0.0
0.0,0.07,0.0
0.0,0.07,0.0
0.0,0.07,0.0
0.0,0.07,0.0
0.0,0.07,0.0
0.0,0.07,0.0
0.0,0.07,0.0
-0.0,0.07,0.01
-0.0,0.07,0.01
-0.0,0.07,0.01
-0.0,0.07,0.01
-0.0,0.07,0.01
-0.01,0.07,0.01
-0.01,0.07,0.01
-0.01,0.07,0.01
-0.02,0.07,0.01
-0.04,0.07,0.02
-0.07,0.07,0.02
-0.12,0.07,0.02
-0.17,0.07,-0.0
-0.21,0.07,-0.03
-0.25,0.07,-0.07
-0.27,0.07,-0.11
-0.28,0.07,-0.16
-0.28,0.07,-0.22
-0.29,0.07,-0.29
-0.3,0.07,-0.39
-0.26,0.07,-0.46
-0.21,0.07,-0.51
-0.14,0.07,-0.53
-0.07,0.07,-0.53
0.0,0.07,-0.49
0.05,0.07,-0.4
0.08,0.07,-0.31
0.11,0.07,-0.27
0.13,0.07,-0.22
0.13,0.07,-0.16
0.12,0.07,-0.11
0.09,0.07,-0.07
0.07,0.07,-0.04
0.04,0.07,-0.02
0.02,0.07,-0.01
0.02,0.07,-0.0
-0.0,0.05,-0.0
-0.0,0.05,-0.0
-0.0,0.05,-0.0
-0.0,0.05,-0.0
-0.0,0.05,-0.0
-0.0,0.05,-0.0
-0.0,0.05,-0.0
-0.0,0.05,-0.0
-0.0,0.05,-0.0
-0.0,0.05,-0.0
-0.0,0.05,-0.0
-0.0,0.05,-0.0
0.0,0.05,-0.0
0.0,0.05,-0.0
0.0,0.05,-0.0
0.0,0.05,-0.0
0.0,0.05,-0.0
0.0,0.05,-0.0
0.0,0.05,-0.0
0.0,0.05,-0.0
0.01,0.05,-0.0
4.62,0.05,-1.9
-0.05,0.05,0.01
-0.1,0.05,0.01
-0.16,0.05,-0.0
-0.2,0.05,-0.03
-0.24,0.05,-0.06
-0.27,0.05,-0.11
-0.28,0.05,-0.16
-0.28,0.05,-0.21
-0.26,0.05,-0.27
-0.28,0.05,-0.37
-0.26,0.05,-0.45
-0.2,0.05,-0.49
-0.14,0.05,-0.52
-0.07,0.05,-0.51
0.0,0.05,-0.46
0.05,0.05,-0.34
0.08,0.05,-0.31
0.11,0.05,-0.26
0.12,0.05,-0.21
0.12,0.05,-0.16
0.11,0.05,-0.1
0.08,0.05,-0.06
0.03,0.05,-0.02
-4.63,0.05,1.89
-0.01,0.05,0.0
-0.0,0.05,0.0
-0.02,0.02,0.0
-0.02,0.02,-0.0
-0.01,0.02,-0.0
-0.01,0.02,-0.0
-0.01,0.02,-0.01
-0.01,0.02,-0.01
-0.01,0.02,-0.01
-0.01,0.02,-0.01
-0.0,0.02,-0.01
-0.0,0.02,-0.01
-0.0,0.02,-0.01
-0.0,0.02,-0.01
0.0,0.02,-0.01
0.0,0.02,-0.01
0.0,0.02,-0.01
0.0,0.02,-0.01
0.01,0.02,-0.01
0.01,0.02,-0.01
0.02,0.02,-0.02
3.97,0.02,-3.04
4.34,0.02,-2.49
4.62,0.02,-1.9
4.83,0.02,-1.28
4.96,0.02,-0.64
-0.13,0.02,-0.0
-0.19,0.02,-0.02
-0.23,0.02,-0.06
-0.26,0.02,-0.11
-0.27,0.02,-0.16
-0.27,0.02,-0.21
-0.26,0.02,-0.26
-0.26,0.02,-0.34
-0.24,0.02,-0.42
-0.19,0.02,-0.48
-0.13,0.02,-0.5
-0.06,0.02,-0.48
0.0,0.02,-0.43
0.05,0.02,-0.33
0.08,0.02,-0.3
0.1,0.02,-0.25
0.11,0.02,-0.2
0.11,0.02,-0.14
0.09,0.02,-0.09
-3.98,0.02,3.03
-4.34,0.02,2.48
-4.63,0.02,1.89
