-4.96,2.0,-0.65
-4.83,2.0,-1.3
-4.62,2.0,-1.91
-4.33,2.0,-2.5
-3.97,2.0,-3.05
-3.53,2.0,-3.54
-3.04,2.0,-3.97
-2.5,2.0,-4.33
-1.91,2.0,-4.62
-1.29,2.0,-4.83
-0.65,2.0,-4.96
0.01,2.0,-5.0
0.66,2.0,-4.96
1.3,2.0,-4.83
1.92,2.0,-4.62
2.51,2.0,-4.33
3.05,2.0,-3.96
3.54,2.0,-3.53
3.97,2.0,-3.04
4.34,2.0,-2.49
4.62,2.0,-1.9
4.83,2.0,-1.28
4.96,2.0,-0.64
5.0,2.0,0.01
4.96,2.0,0.67
4.83,2.0,1.31
4.61,2.0,1.93
4.32,2.0,2.51
3.96,2.0,3.06
3.52,2.0,3.55
3.03,2.0,3.98
2.49,2.0,4.34
1.9,2.0,4.63
1.28,2.0,4.83
0.64,2.0,4.96
-0.02,2.0,5.0
-0.67,2.0,4.95
-1.31,2.0,4.82
-1.93,2.0,4.61
-2.52,2.0,4.32
-3.06,2.0,3.95
-3.55,2.0,3.52
-3.98,2.0,3.03
-4.34,2.0,2.48
-4.63,2.0,1.89
-4.84,2.0,1.27
-4.96,2.0,0.63
-5.0,1.98,0.0
-4.96,1.98,-0.65
-4.83,1.98,-1.3
-4.62,1.98,-1.91
-4.33,1.98,-2.5
-3.97,1.98,-3.05
-3.53,1.98,-3.54
-3.04,1.98,-3.97
-2.5,1.98,-4.33
-1.91,1.98,-4.62
-1.29,1.98,-4.83
-0.65,1.98,-4.96
0.01,1.98,-5.0
0.66,1.98,-4.96
1.3,1.98,-4.83
1.92,1.98,-4.62
2.51,1.98,-4.33
3.05,1.98,-3.96
3.54,1.98,-3.53
3.97,1.98,-3.04
4.34,1.98,-2.49
4.62,1.98,-1.9
4.83,1.98,-1.28
4.96,1.98,-0.64
5.0,1.98,0.01
4.96,1.98,0.67
4.83,1.98,1.31
4.61,1.98,1.93
4.32,1.98,2.51
3.96,1.98,3.06
3.52,1.98,3.55
3.03,1.98,3.98
2.49,1.98,4.34
1.9,1.98,4.63
1.28,1.98,4.83
0.64,1.98,4.96
-0.02,1.98,5.0
-0.67,1.98,4.95
-1.31,1.98,4.82
-1.93,1.98,4.61
-2.52,1.98,4.32
-3.06,1.98,3.95
-3.55,1.98,3.52
-3.98,1.98,3.03
-4.34,1.98,2.48
-4.63,1.98,1.89
-4.84,1.98,1.27
-4.96,1.98,0.63
-5.0,1.96,0.0
-4.96,1.96,-0.65
-4.83,1.96,-1.3
-4.62,1.96,-1.91
-4.33,1.96,-2.5
-3.97,1.96,-3.05
-3.53,1.96,-3.54
-3.04,1.96,-3.97
-2.5,1.96,-4.33
-1.91,1.96,-4.62
-1.29,1.96,-4.83
-0.65,1.96,-4.96
0.01,1.96,-5.0
0.66,1.96,-4.96
1.3,1.96,-4.83
1.92,1.96,-4.62
2.51,1.96,-4.33
3.05,1.96,-3.96
3.54,1.96,-3.53
3.97,1.96,-3.04
4.34,1.96,-2.49
4.62,1.96,-1.9
4.83,1.96,-1.28
4.96,1.96,-0.64
5.0,1.96,0.01
4.96,1.96,0.67
4.83,1.96,1.31
4.61,1.96,1.93
4.32,1.96,2.51
3.96,1.96,3.06
3.52,1.96,3.55
3.03,1.96,3.98
2.49,1.96,4.34
1.9,1.96,4.63
1.28,1.96,4.83
0.64,1.96,4.96
-0.02,1.96,5.0
-0.67,1.96,4.95
-1.31,1.96,4.82
-1.93,1.96,4.61
-2.52,1.96,4.32
-3.06,1.96,3.95
-3.55,1.96,3.52
-3.98,1.96,3.03
-4.34,1.96,2.48
-4.63,1.96,1.89
-4.84,1.96,1.27
-4.96,1.96,0.63
0.11,1.94,0.0
0.13,1.94,0.02
0.14,1.94,0.04
0.14,1.94,0.06
0.14,1.94,0.08
0.14,1.94,0.1
0.12,1.94,0.12
0.11,1.94,0.14
0.08,1.94,0.15
0.06,1.94,0.15
0.04,1.94,0.15
0.02,1.94,0.14
-0.0,1.94,0.12
-0.01,1.94,0.1
-0.02,1.94,0.07
1.92,1.94,-4.62
2.51,1.94,-4.33
3.05,1.94,-3.96
3.54,1.94,-3.53
3.97,1.94,-3.04
4.34,1.94,-2.49
4.62,1.94,-1.9
4.83,1.94,-1.28
0.02,1.94,-0.0
0.02,1.94,0.0
0.01,1.94,0.0
0.01,1.94,0.0
0.01,1.94,0.0
0.01,1.94,0.01
0.01,1.94,0.01
0.01,1.94,0.01
0.01,1.94,0.01
0.01,1.94,0.01
0.0,1.94,0.01
0.0,1.94,0.01
0.0,1.94,0.01
-0.0,1.94,0.02
-0.0,1.94,0.02
-0.01,1.94,0.02
-1.93,1.94,4.61
-2.52,1.94,4.32
-3.06,1.94,3.95
-3.55,1.94,3.52
-3.98,1.94,3.03
-4.34,1.94,2.48
-4.63,1.94,1.89
-4.84,1.94,1.27
0.08,1.94,-0.01
0.15,1.92,0.0
0.16,1.92,0.02
0.17,1.92,0.05
0.17,1.92,0.07
0.17,1.92,0.1
0.16,1.92,0.12
0.14,1.92,0.14
0.12,1.92,0.16
0.1,1.92,0.17
0.07,1.92,0.18
0.05,1.92,0.18
0.02,1.92,0.17
-0.0,1.92,0.16
-0.02,1.92,0.15
-0.03,1.92,0.13
-0.04,1.92,0.11
-0.05,1.92,0.09
-0.05,1.92,0.07
-0.05,1.92,0.05
-0.05,1.92,0.04
-0.04,1.92,0.02
-0.04,1.92,0.02
-0.03,1.92,0.01
-0.03,1.92,0.0
-0.03,1.92,-0.0
-0.03,1.92,-0.0
-0.02,1.92,-0.01
-0.02,1.92,-0.01
-0.02,1.92,-0.01
-0.02,1.92,-0.01
-0.01,1.92,-0.01
-0.01,1.92,-0.02
-0.01,1.92,-0.02
-0.01,1.92,-0.02
-0.01,1.92,-0.02
-0.0,1.92,-0.02
0.0,1.92,-0.03
0.0,1.92,-0.03
0.01,1.92,-0.03
0.01,1.92,-0.03
0.02,1.92,-0.04
0.03,1.92,-0.04
0.04,1.92,-0.04
0.06,1.92,-0.04
0.08,1.92,-0.04
0.1,1.92,-0.04
0.12,1.92,-0.03
0.14,1.92,-0.02
0.18,1.9,0.0
0.19,1.9,0.02
0.19,1.9,0.05
0.19,1.9,0.08
0.19,1.9,0.11
0.18,1.9,0.14
0.16,1.9,0.16
0.14,1.9,0.18
0.11,1.9,0.19
0.08,1.9,0.2
0.05,1.9,0.2
0.03,1.9,0.2
-0.0,1.9,0.19
-0.02,1.9,0.17
-0.04,1.9,0.15
-0.06,1.9,0.13
-0.06,1.9,0.11
-0.07,1.9,0.09
-0.07,1.9,0.07
-0.07,1.9,0.05
-0.07,1.9,0.04
-0.07,1.9,0.03
-0.06,1.9,0.02
-0.06,1.9,0.01
-0.05,1.9,-0.0
-0.05,1.9,-0.01
-0.05,1.9,-0.01
-0.04,1.9,-0.02
-0.04,1.9,-0.02
-0.03,1.9,-0.03
-0.03,1.9,-0.03
-0.03,1.9,-0.03
-0.02,1.9,-0.04
-0.02,1.9,-0.04
-0.01,1.9,-0.04
-0.01,1.9,-0.05
0.0,1.9,-0.05
0.01,1.9,-0.05
0.02,1.9,-0.06
0.03,1.9,-0.06
0.04,1.9,-0.06
0.05,1.9,-0.07
0.07,1.9,-0.07
0.08,1.9,-0.06
0.1,1.9,-0.06
0.12,1.9,-0.05
0.14,1.9,-0.04
0.16,1.9,-0.02
0.19,1.88,0.0
0.21,1.88,0.03
0.21,1.88,0.06
0.21,1.88,0.09
0.2,1.88,0.12
0.19,1.88,0.15
0.17,1.88,0.17
0.15,1.88,0.19
0.12,1.88,0.21
0.09,1.88,0.22
0.06,1.88,0.22
0.03,1.88,0.21
-0.0,1.88,0.2
-0.03,1.88,0.19
-0.05,1.88,0.17
-0.06,1.88,0.15
-0.07,1.88,0.13
-0.08,1.88,0.11
-0.09,1.88,0.09
-0.09,1.88,0.07
-0.09,1.88,0.05
-0.08,1.88,0.03
-0.08,1.88,0.02
-0.08,1.88,0.01
-0.07,1.88,-0.0
-0.07,1.88,-0.01
-0.06,1.88,-0.02
-0.06,1.88,-0.02
-0.05,1.88,-0.03
-0.05,1.88,-0.04
-0.04,1.88,-0.04
-0.04,1.88,-0.05
-0.03,1.88,-0.05
-0.02,1.88,-0.06
-0.02,1.88,-0.06
-0.01,1.88,-0.06
0.0,1.88,-0.07
0.01,1.88,-0.07
0.02,1.88,-0.08
0.03,1.88,-0.08
0.05,1.88,-0.08
0.06,1.88,-0.08
0.08,1.88,-0.08
0.1,1.88,-0.08
0.12,1.88,-0.07
0.14,1.88,-0.06
0.16,1.88,-0.04
0.18,1.88,-0.02
0.21,1.86,-0.0
0.22,1.86,0.03
0.22,1.86,0.06
0.22,1.86,0.09
0.21,1.86,0.12
0.2,1.86,0.15
0.18,1.86,0.18
0.15,1.86,0.2
0.12,1.86,0.22
0.09,1.86,0.23
0.06,1.86,0.23
0.03,1.86,0.23
-0.0,1.86,0.22
-0.03,1.86,0.2
-0.05,1.86,0.18
-0.07,1.86,0.16
-0.08,1.86,0.14
-0.09,1.86,0.12
-0.1,1.86,0.1
-0.1,1.86,0.08
-0.1,1.86,0.06
-0.1,1.86,0.04
-0.09,1.86,0.02
-0.09,1.86,0.01
-0.08,1.86,-0.0
-0.08,1.86,-0.01
-0.07,1.86,-0.02
-0.07,1.86,-0.03
-0.06,1.86,-0.04
-0.06,1.86,-0.04
-0.05,1.86,-0.05
-0.04,1.86,-0.06
-0.03,1.86,-0.06
-0.03,1.86,-0.07
-0.02,1.86,-0.07
-0.01,1.86,-0.08
0.0,1.86,-0.08
0.01,1.86,-0.09
0.02,1.86,-0.09
0.04,1.86,-0.09
0.05,1.86,-0.09
0.07,1.86,-0.09
0.09,1.86,-0.09
0.11,1.86,-0.08
0.13,1.86,-0.08
0.15,1.86,-0.06
0.17,1.86,-0.05
0.19,1.86,-0.02
0.22,1.84,-0.0
0.23,1.84,0.03
0.23,1.84,0.06
0.23,1.84,0.09
0.22,1.84,0.13
0.21,1.84,0.16
0.18,1.84,0.18
0.16,1.84,0.21
0.13,1.84,0.22
0.1,1.84,0.23
0.06,1.84,0.24
0.03,1.84,0.24
-0.0,1.84,0.23
-0.03,1.84,0.21
-0.05,1.84,0.19
-0.07,1.84,0.17
-0.09,1.84,0.15
-0.1,1.84,0.13
-0.1,1.84,0.1
-0.11,1.84,0.08
-0.11,1.84,0.06
-0.11,1.84,0.04
-0.1,1.84,0.03
-0.1,1.84,0.01
-0.09,1.84,-0.0
-0.09,1.84,-0.01
-0.08,1.84,-0.02
-0.08,1.84,-0.03
-0.07,1.84,-0.04
-0.06,1.84,-0.05
-0.05,1.84,-0.06
-0.05,1.84,-0.06
-0.04,1.84,-0.07
-0.03,1.84,-0.07
-0.02,1.84,-0.08
-0.01,1.84,-0.09
0.0,1.84,-0.09
0.01,1.84,-0.09
0.03,1.84,-0.1
0.04,1.84,-0.1
0.06,1.84,-0.1
0.08,1.84,-0.1
0.1,1.84,-0.1
0.12,1.84,-0.09
0.14,1.84,-0.08
0.16,1.84,-0.07
0.18,1.84,-0.05
0.2,1.84,-0.03
0.22,1.82,-0.0
0.23,1.82,0.03
0.24,1.82,0.06
0.23,1.82,0.1
0.23,1.82,0.13
0.21,1.82,0.16
0.19,1.82,0.19
0.16,1.82,0.21
0.13,1.82,0.23
0.1,1.82,0.24
0.06,1.82,0.24
0.03,1.82,0.24
-0.0,1.82,0.23
-0.03,1.82,0.22
-0.05,1.82,0.2
-0.07,1.82,0.18
-0.09,1.82,0.16
-0.1,1.82,0.13
-0.11,1.82,0.11
-0.11,1.82,0.09
-0.11,1.82,0.07
-0.11,1.82,0.05
-0.11,1.82,0.03
-0.11,1.82,0.01
-0.1,1.82,-0.0
-0.09,1.82,-0.01
-0.09,1.82,-0.02
-0.08,1.82,-0.03
-0.07,1.82,-0.04
-0.07,1.82,-0.05
-0.06,1.82,-0.06
-0.05,1.82,-0.07
-0.04,1.82,-0.07
-0.03,1.82,-0.08
-0.02,1.82,-0.09
-0.01,1.82,-0.09
0.0,1.82,-0.1
0.01,1.82,-0.1
0.03,1.82,-0.1
0.04,1.82,-0.11
0.06,1.82,-0.11
0.08,1.82,-0.11
0.1,1.82,-0.1
0.13,1.82,-0.1
0.15,1.82,-0.08
0.17,1.82,-0.07
0.19,1.82,-0.05
0.21,1.82,-0.03
0.23,1.8,-0.0
0.24,1.8,0.03
0.24,1.8,0.06
0.24,1.8,0.1
0.23,1.8,0.13
0.21,1.8,0.16
0.19,1.8,0.19
0.16,1.8,0.21
0.13,1.8,0.23
0.1,1.8,0.24
0.07,1.8,0.25
0.03,1.8,0.24
-0.0,1.8,0.24
-0.03,1.8,0.22
-0.05,1.8,0.2
-0.08,1.8,0.18
-0.09,1.8,0.16
-0.1,1.8,0.14
-0.11,1.8,0.11
-0.12,1.8,0.09
-0.12,1.8,0.07
-0.12,1.8,0.05
-0.11,1.8,0.03
-0.11,1.8,0.01
-0.1,1.8,-0.0
-0.1,1.8,-0.01
-0.09,1.8,-0.02
-0.08,1.8,-0.04
-0.08,1.8,-0.04
-0.07,1.8,-0.05
-0.06,1.8,-0.06
-0.05,1.8,-0.07
-0.04,1.8,-0.08
-0.03,1.8,-0.08
-0.02,1.8,-0.09
-0.01,1.8,-0.09
0.0,1.8,-0.1
0.01,1.8,-0.1
0.03,1.8,-0.11
0.05,1.8,-0.11
0.06,1.8,-0.11
0.08,1.8,-0.11
0.11,1.8,-0.11
0.13,1.8,-0.1
0.15,1.8,-0.09
0.17,1.8,-0.07
0.19,1.8,-0.05
0.21,1.8,-0.03
0.23,1.78,-0.0
0.24,1.78,0.03
0.24,1.78,0.06
0.24,1.78,0.1
0.23,1.78,0.13
0.21,1.78,0.16
0.19,1.78,0.19
0.17,1.78,0.22
0.13,1.78,0.23
0.1,1.78,0.24
0.07,1.78,0.25
0.03,1.78,0.25
-0.0,1.78,0.24
-0.03,1.78,0.22
-0.06,1.78,0.21
-0.08,1.78,0.19
-0.09,1.78,0.16
-0.11,1.78,0.14
-0.12,1.78,0.12
-0.12,1.78,0.09
-0.12,1.78,0.07
-0.12,1.78,0.05
-0.12,1.78,0.03
-0.11,1.78,0.01
-0.11,1.78,-0.0
-0.1,1.78,-0.01
-0.1,1.78,-0.03
-0.09,1.78,-0.04
-0.08,1.78,-0.05
-0.07,1.78,-0.06
-0.06,1.78,-0.06
-0.05,1.78,-0.07
-0.04,1.78,-0.08
-0.03,1.78,-0.09
-0.02,1.78,-0.09
-0.01,1.78,-0.1
0.0,1.78,-0.1
0.01,1.78,-0.11
0.03,1.78,-0.11
0.05,1.78,-0.11
0.07,1.78,-0.11
0.09,1.78,-0.11
0.11,1.78,-0.11
0.13,1.78,-0.1
0.15,1.78,-0.09
0.18,1.78,-0.07
0.2,1.78,-0.05
0.22,1.78,-0.03
0.23,1.76,0.0
0.24,1.76,0.03
0.25,1.76,0.07
0.24,1.76,0.1
0.23,1.76,0.14
0.22,1.76,0.17
0.19,1.76,0.19
0.17,1.76,0.22
0.13,1.76,0.23
0.1,1.76,0.24
0.07,1.76,0.25
0.03,1.76,0.23
-0.0,1.76,0.22
-0.03,1.76,0.21
-0.05,1.76,0.19
-0.07,1.76,0.18
-0.09,1.76,0.16
-0.1,1.76,0.13
-0.11,1.76,0.11
-0.12,1.76,0.09
-0.11,1.76,0.07
-0.12,1.76,0.05
-0.12,1.76,0.03
-0.12,1.76,0.02
-0.12,1.76,-0.0
-0.11,1.76,-0.02
-0.11,1.76,-0.03
-0.1,1.76,-0.04
-0.1,1.76,-0.06
-0.1,1.76,-0.07
-0.09,1.76,-0.09
-0.08,1.76,-0.1
-0.06,1.76,-0.11
-0.05,1.76,-0.12
-0.04,1.76,-0.14
-0.02,1.76,-0.14
0.0,1.76,-0.15
0.02,1.76,-0.16
0.05,1.76,-0.17
0.08,1.76,-0.18
0.11,1.76,-0.18
0.14,1.76,-0.18
0.18,1.76,-0.17
0.21,1.76,-0.16
0.24,1.76,-0.14
0.27,1.76,-0.11
0.28,1.76,-0.07
0.3,1.76,-0.04
0.3,1.74,-0.0
0.29,1.74,0.04
0.28,1.74,0.07
0.25,1.74,0.11
0.23,1.74,0.13
0.2,1.74,0.15
0.16,1.74,0.16
0.13,1.74,0.17
0.1,1.74,0.18
0.07,1.74,0.18
0.05,1.74,0.18
0.02,1.74,0.17
-0.0,1.74,0.17
-0.02,1.74,0.16
-0.04,1.74,0.15
-0.06,1.74,0.14
-0.07,1.74,0.12
-0.1,1.74,0.12
-0.11,1.74,0.11
-0.12,1.74,0.09
-0.12,1.74,0.07
-0.13,1.74,0.05
-0.13,1.74,0.04
-0.13,1.74,0.02
-0.13,1.74,-0.0
-0.13,1.74,-0.02
-0.12,1.74,-0.03
-0.11,1.74,-0.05
-0.1,1.74,-0.06
-0.09,1.74,-0.07
-0.08,1.74,-0.08
-0.07,1.74,-0.09
-0.05,1.74,-0.09
-0.04,1.74,-0.1
-0.03,1.74,-0.11
-0.01,1.74,-0.06
0.0,1.74,-0.06
0.01,1.74,-0.06
0.02,1.74,-0.06
0.03,1.74,-0.06
0.04,1.74,-0.07
0.05,1.74,-0.07
0.07,1.74,-0.07
0.09,1.74,-0.07
0.09,1.74,-0.05
0.11,1.74,-0.05
0.14,1.74,-0.04
0.17,1.74,-0.02
0.19,1.72,-0.0
0.21,1.72,0.03
0.23,1.72,0.06
0.24,1.72,0.1
0.24,1.72,0.14
0.23,1.72,0.18
0.22,1.72,0.22
0.19,1.72,0.25
0.16,1.72,0.28
0.12,1.72,0.3
0.08,1.72,0.31
0.04,1.72,0.32
-0.0,1.72,0.31
-0.04,1.72,0.3
-0.07,1.72,0.27
-0.1,1.72,0.24
-0.12,1.72,0.21
-0.13,1.72,0.17
-0.14,1.72,0.14
-0.13,1.72,0.1
-0.12,1.72,0.07
-0.11,1.72,0.04
-0.09,1.72,0.02
-0.09,1.72,0.01
-0.08,1.72,-0.0
-0.07,1.72,-0.01
-0.06,1.72,-0.02
-0.05,1.72,-0.02
-0.04,1.72,-0.02
-0.04,1.72,-0.03
-0.03,1.72,-0.03
-0.02,1.72,-0.03
-0.03,1.72,-0.05
-0.02,1.72,-0.05
-0.01,1.72,-0.05
-0.01,1.72,-0.06
0.0,1.72,-0.06
0.01,1.72,-0.06
0.02,1.72,-0.06
0.03,1.72,-0.06
0.04,1.72,-0.06
0.07,1.72,-0.09
0.09,1.72,-0.09
0.11,1.72,-0.08
0.13,1.72,-0.07
0.15,1.72,-0.06
0.17,1.72,-0.05
0.19,1.72,-0.02
0.2,1.7,0.0
0.22,1.7,0.03
0.23,1.7,0.06
0.23,1.7,0.1
0.22,1.7,0.13
0.21,1.7,0.16
0.19,1.7,0.19
0.16,1.7,0.21
0.13,1.7,0.23
0.1,1.7,0.25
0.07,1.7,0.26
0.04,1.7,0.28
-0.0,1.7,0.26
-0.03,1.7,0.23
-0.06,1.7,0.22
-0.08,1.7,0.2
-0.1,1.7,0.18
-0.12,1.7,0.15
-0.13,1.7,0.13
-0.14,1.7,0.1
-0.14,1.7,0.08
-0.14,1.7,0.06
-0.14,1.7,0.04
-0.13,1.7,0.02
-0.13,1.7,-0.0
-0.12,1.7,-0.02
-0.11,1.7,-0.03
-0.1,1.7,-0.04
-0.09,1.7,-0.05
-0.08,1.7,-0.06
-0.07,1.7,-0.07
-0.06,1.7,-0.08
-0.05,1.7,-0.09
-0.04,1.7,-0.09
-0.03,1.7,-0.1
-0.01,1.7,-0.1
0.0,1.7,-0.11
0.01,1.7,-0.11
0.03,1.7,-0.11
0.05,1.7,-0.11
0.06,1.7,-0.11
0.08,1.7,-0.11
0.1,1.7,-0.1
0.12,1.7,-0.09
0.14,1.7,-0.08
0.16,1.7,-0.07
0.18,1.7,-0.05
0.2,1.7,-0.03
0.21,1.68,0.0
0.22,1.68,0.03
0.22,1.68,0.06
0.22,1.68,0.09
0.21,1.68,0.12
0.2,1.68,0.15
0.18,1.68,0.18
0.17,1.68,0.22
0.15,1.68,0.26
0.12,1.68,0.3
0.08,1.68,0.32
0.04,1.68,0.32
-0.0,1.68,0.32
-0.04,1.68,0.29
-0.07,1.68,0.26
-0.09,1.68,0.21
-0.1,1.68,0.18
-0.12,1.68,0.15
-0.13,1.68,0.13
-0.14,1.68,0.1
-0.14,1.68,0.08
-0.14,1.68,0.06
-0.14,1.68,0.04
-0.13,1.68,0.02
-0.13,1.68,-0.0
-0.13,1.68,-0.02
-0.12,1.68,-0.03
-0.11,1.68,-0.05
-0.1,1.68,-0.06
-0.09,1.68,-0.07
-0.08,1.68,-0.08
-0.07,1.68,-0.09
-0.05,1.68,-0.09
-0.04,1.68,-0.1
-0.03,1.68,-0.1
-0.01,1.68,-0.1
0.0,1.68,-0.11
0.01,1.68,-0.11
0.03,1.68,-0.11
0.05,1.68,-0.11
0.06,1.68,-0.11
0.08,1.68,-0.11
0.1,1.68,-0.1
0.12,1.68,-0.09
0.14,1.68,-0.08
0.16,1.68,-0.07
0.18,1.68,-0.05
0.2,1.68,-0.02
0.21,1.66,0.0
0.21,1.66,0.03
0.22,1.66,0.06
0.22,1.66,0.09
0.21,1.66,0.12
0.2,1.66,0.15
0.2,1.66,0.2
0.19,1.66,0.25
0.17,1.66,0.29
0.13,1.66,0.33
0.09,1.66,0.35
0.05,1.66,0.35
-0.0,1.66,0.35
-0.04,1.66,0.33
-0.08,1.66,0.3
-0.11,1.66,0.26
-0.12,1.66,0.21
-0.13,1.66,0.17
-0.14,1.66,0.14
-0.15,1.66,0.11
-0.15,1.66,0.09
-0.16,1.66,0.07
-0.16,1.66,0.04
-0.17,1.66,0.02
-0.17,1.66,-0.0
-0.16,1.66,-0.02
-0.16,1.66,-0.04
-0.15,1.66,-0.06
-0.14,1.66,-0.08
-0.12,1.66,-0.09
-0.11,1.66,-0.11
-0.09,1.66,-0.12
-0.07,1.66,-0.13
-0.05,1.66,-0.13
-0.04,1.66,-0.13
-0.02,1.66,-0.14
0.0,1.66,-0.13
0.02,1.66,-0.13
0.03,1.66,-0.12
0.05,1.66,-0.12
0.06,1.66,-0.11
0.08,1.66,-0.1
0.1,1.66,-0.1
0.12,1.66,-0.09
0.14,1.66,-0.08
0.16,1.66,-0.06
0.18,1.66,-0.05
0.19,1.66,-0.02
0.2,1.64,0.0
0.21,1.64,0.03
0.21,1.64,0.06
0.21,1.64,0.09
0.22,1.64,0.12
0.23,1.64,0.18
0.23,1.64,0.23
0.21,1.64,0.27
0.18,1.64,0.32
0.14,1.64,0.35
0.1,1.64,0.37
0.05,1.64,0.38
-0.0,1.64,0.37
-0.05,1.64,0.36
-0.09,1.64,0.32
-0.12,1.64,0.29
-0.14,1.64,0.24
-0.15,1.64,0.19
-0.16,1.64,0.16
-0.17,1.64,0.13
-0.18,1.64,0.1
-0.18,1.64,0.08
-0.19,1.64,0.05
-0.19,1.64,0.03
-0.19,1.64,-0.0
-0.19,1.64,-0.03
-0.18,1.64,-0.05
-0.17,1.64,-0.07
-0.16,1.64,-0.09
-0.14,1.64,-0.11
-0.13,1.64,-0.13
-0.11,1.64,-0.14
-0.09,1.64,-0.15
-0.06,1.64,-0.16
-0.04,1.64,-0.16
-0.02,1.64,-0.16
0.0,1.64,-0.16
0.02,1.64,-0.16
0.04,1.64,-0.15
0.06,1.64,-0.14
0.08,1.64,-0.13
0.09,1.64,-0.12
0.11,1.64,-0.11
0.12,1.64,-0.09
0.14,1.64,-0.08
0.15,1.64,-0.06
0.17,1.64,-0.05
0.19,1.64,-0.02
0.19,1.62,-0.0
0.2,1.62,0.03
0.21,1.62,0.06
0.22,1.62,0.09
0.24,1.62,0.14
0.25,1.62,0.19
0.24,1.62,0.24
0.22,1.62,0.29
0.19,1.62,0.33
0.15,1.62,0.37
0.1,1.62,0.39
0.05,1.62,0.4
-0.0,1.62,0.39
-0.05,1.62,0.38
-0.09,1.62,0.35
-0.13,1.62,0.31
-0.15,1.62,0.26
-0.17,1.62,0.21
-0.18,1.62,0.18
-0.19,1.62,0.14
-0.19,1.62,0.11
-0.2,1.62,0.08
-0.21,1.62,0.06
-0.22,1.62,0.03
-0.22,1.62,-0.0
-0.21,1.62,-0.03
-0.2,1.62,-0.06
-0.19,1.62,-0.08
-0.18,1.62,-0.1
-0.16,1.62,-0.12
-0.14,1.62,-0.14
-0.12,1.62,-0.16
-0.1,1.62,-0.17
-0.07,1.62,-0.18
-0.05,1.62,-0.18
-0.02,1.62,-0.18
0.0,1.62,-0.18
0.02,1.62,-0.18
0.05,1.62,-0.17
0.07,1.62,-0.16
0.09,1.62,-0.15
0.11,1.62,-0.14
0.12,1.62,-0.12
0.14,1.62,-0.1
0.15,1.62,-0.09
0.16,1.62,-0.07
0.17,1.62,-0.04
0.18,1.62,-0.02
0.2,1.6,0.0
0.22,1.6,0.03
0.23,1.6,0.06
0.25,1.6,0.1
0.26,1.6,0.15
0.26,1.6,0.2
0.26,1.6,0.26
0.23,1.6,0.31
0.2,1.6,0.35
0.16,1.6,0.38
0.11,1.6,0.4
0.05,1.6,0.41
-0.0,1.6,0.41
-0.05,1.6,0.39
-0.1,1.6,0.36
-0.13,1.6,0.32
-0.16,1.6,0.28
-0.18,1.6,0.23
-0.19,1.6,0.19
-0.2,1.6,0.15
-0.21,1.6,0.12
-0.22,1.6,0.09
-0.23,1.6,0.06
-0.23,1.6,0.03
-0.23,1.6,-0.0
-0.23,1.6,-0.03
-0.22,1.6,-0.06
-0.21,1.6,-0.09
-0.19,1.6,-0.11
-0.18,1.6,-0.14
-0.15,1.6,-0.15
-0.13,1.6,-0.17
-0.11,1.6,-0.18
-0.08,1.6,-0.19
-0.05,1.6,-0.2
-0.03,1.6,-0.2
0.0,1.6,-0.2
0.03,1.6,-0.2
0.05,1.6,-0.19
0.08,1.6,-0.18
0.1,1.6,-0.17
0.12,1.6,-0.15
0.14,1.6,-0.13
0.15,1.6,-0.12
0.16,1.6,-0.09
0.18,1.6,-0.07
0.18,1.6,-0.05
0.19,1.6,-0.02
0.22,1.58,0.0
0.23,1.58,0.03
0.25,1.58,0.07
0.26,1.58,0.11
0.28,1.58,0.16
0.28,1.58,0.21
0.27,1.58,0.27
0.24,1.58,0.32
0.21,1.58,0.36
0.16,1.58,0.39
0.11,1.58,0.42
0.06,1.58,0.43
-0.0,1.58,0.42
-0.05,1.58,0.41
-0.1,1.58,0.38
-0.14,1.58,0.34
-0.17,1.58,0.29
-0.19,1.58,0.24
-0.2,1.58,0.2
-0.21,1.58,0.16
-0.22,1.58,0.13
-0.23,1.58,0.1
-0.24,1.58,0.06
-0.25,1.58,0.03
-0.25,1.58,-0.0
-0.24,1.58,-0.03
-0.24,1.58,-0.06
-0.22,1.58,-0.09
-0.21,1.58,-0.12
-0.19,1.58,-0.14
-0.16,1.58,-0.17
-0.14,1.58,-0.18
-0.11,1.58,-0.2
-0.08,1.58,-0.21
-0.06,1.58,-0.21
-0.03,1.58,-0.22
0.0,1.58,-0.21
0.03,1.58,-0.21
0.06,1.58,-0.2
0.08,1.58,-0.19
0.1,1.58,-0.18
0.13,1.58,-0.16
0.15,1.58,-0.14
0.16,1.58,-0.12
0.18,1.58,-0.1
0.19,1.58,-0.08
0.2,1.58,-0.05
0.21,1.58,-0.03
0.23,1.56,-0.0
0.24,1.56,0.03
0.26,1.56,0.07
0.28,1.56,0.11
0.29,1.56,0.17
0.29,1.56,0.22
0.27,1.56,0.27
0.25,1.56,0.33
0.21,1.56,0.37
0.17,1.56,0.4
0.11,1.56,0.43
0.06,1.56,0.44
-0.0,1.56,0.43
-0.06,1.56,0.42
-0.1,1.56,0.39
-0.15,1.56,0.35
-0.18,1.56,0.3
-0.2,1.56,0.25
-0.21,1.56,0.21
-0.22,1.56,0.17
-0.23,1.56,0.13
-0.24,1.56,0.1
-0.25,1.56,0.07
-0.26,1.56,0.03
-0.26,1.56,-0.0
-0.26,1.56,-0.03
-0.25,1.56,-0.07
-0.23,1.56,-0.1
-0.22,1.56,-0.13
-0.2,1.56,-0.15
-0.17,1.56,-0.17
-0.15,1.56,-0.19
-0.12,1.56,-0.21
-0.09,1.56,-0.22
-0.06,1.56,-0.22
-0.03,1.56,-0.23
0.0,1.56,-0.23
0.03,1.56,-0.22
0.06,1.56,-0.21
0.09,1.56,-0.2
0.11,1.56,-0.19
0.13,1.56,-0.17
0.15,1.56,-0.15
0.17,1.56,-0.13
0.19,1.56,-0.11
0.2,1.56,-0.08
0.21,1.56,-0.06
0.22,1.56,-0.03
0.24,1.54,0.0
0.25,1.54,0.03
0.27,1.54,0.07
0.29,1.54,0.12
0.3,1.54,0.17
0.3,1.54,0.23
0.28,1.54,0.28
0.26,1.54,0.33
0.22,1.54,0.38
0.17,1.54,0.41
0.12,1.54,0.44
0.06,1.54,0.45
-0.0,1.54,0.44
-0.06,1.54,0.43
-0.11,1.54,0.4
-0.15,1.54,0.36
-0.18,1.54,0.31
-0.2,1.54,0.26
-0.22,1.54,0.22
-0.23,1.54,0.18
-0.24,1.54,0.14
-0.25,1.54,0.1
-0.26,1.54,0.07
-0.27,1.54,0.03
-0.27,1.54,-0.0
-0.27,1.54,-0.04
-0.26,1.54,-0.07
-0.24,1.54,-0.1
-0.23,1.54,-0.13
-0.2,1.54,-0.16
-0.18,1.54,-0.18
-0.15,1.54,-0.2
-0.12,1.54,-0.22
-0.09,1.54,-0.23
-0.06,1.54,-0.23
-0.03,1.54,-0.24
0.0,1.54,-0.24
0.03,1.54,-0.23
0.06,1.54,-0.22
0.09,1.54,-0.21
0.12,1.54,-0.2
0.14,1.54,-0.18
0.16,1.54,-0.16
0.18,1.54,-0.14
0.2,1.54,-0.11
0.21,1.54,-0.09
0.22,1.54,-0.06
0.23,1.54,-0.03
0.25,1.52,0.0
0.26,1.52,0.03
0.28,1.52,0.07
0.29,1.52,0.12
0.3,1.52,0.18
0.3,1.52,0.23
0.29,1.52,0.29
0.26,1.52,0.34
0.22,1.52,0.38
0.17,1.52,0.42
0.12,1.52,0.44
0.06,1.52,0.45
-0.0,1.52,0.45
-0.06,1.52,0.43
-0.11,1.52,0.4
-0.15,1.52,0.37
-0.19,1.52,0.32
-0.21,1.52,0.27
-0.22,1.52,0.22
-0.24,1.52,0.18
-0.25,1.52,0.14
-0.26,1.52,0.11
-0.27,1.52,0.07
-0.28,1.52,0.04
-0.28,1.52,-0.0
-0.27,1.52,-0.04
-0.26,1.52,-0.07
-0.25,1.52,-0.1
-0.23,1.52,-0.13
-0.21,1.52,-0.16
-0.19,1.52,-0.19
-0.16,1.52,-0.21
-0.13,1.52,-0.22
-0.1,1.52,-0.23
-0.06,1.52,-0.24
-0.03,1.52,-0.25
0.0,1.52,-0.24
0.03,1.52,-0.24
0.06,1.52,-0.23
0.09,1.52,-0.22
0.12,1.52,-0.2
0.14,1.52,-0.19
0.17,1.52,-0.17
0.19,1.52,-0.14
0.2,1.52,-0.12
0.22,1.52,-0.09
0.23,1.52,-0.06
0.24,1.52,-0.03
0.26,1.5,0.0
0.27,1.5,0.04
0.28,1.5,0.08
0.3,1.5,0.12
0.31,1.5,0.18
0.31,1.5,0.24
0.29,1.5,0.29
0.26,1.5,0.34
0.22,1.5,0.39
0.18,1.5,0.42
0.12,1.5,0.45
0.06,1.5,0.46
-0.0,1.5,0.46
-0.06,1.5,0.44
-0.11,1.5,0.41
-0.15,1.5,0.37
-0.19,1.5,0.32
-0.21,1.5,0.27
-0.23,1.5,0.23
-0.24,1.5,0.18
-0.25,1.5,0.15
-0.27,1.5,0.11
-0.28,1.5,0.07
-0.28,1.5,0.04
-0.28,1.5,-0.0
-0.28,1.5,-0.04
-0.27,1.5,-0.07
-0.26,1.5,-0.11
-0.24,1.5,-0.14
-0.22,1.5,-0.17
-0.19,1.5,-0.19
-0.16,1.5,-0.21
-0.13,1.5,-0.23
-0.1,1.5,-0.24
-0.07,1.5,-0.25
-0.03,1.5,-0.25
0.0,1.5,-0.25
0.03,1.5,-0.25
0.06,1.5,-0.24
0.09,1.5,-0.23
0.12,1.5,-0.21
0.15,1.5,-0.19
0.17,1.5,-0.17
0.19,1.5,-0.15
0.21,1.5,-0.12
0.22,1.5,-0.09
0.23,1.5,-0.06
0.24,1.5,-0.03
0.26,1.48,0.0
0.27,1.48,0.04
0.29,1.48,0.08
0.31,1.48,0.13
0.31,1.48,0.18
0.31,1.48,0.24
0.29,1.48,0.29
0.27,1.48,0.35
0.23,1.48,0.39
0.18,1.48,0.43
0.12,1.48,0.45
0.06,1.48,0.46
-0.0,1.48,0.46
-0.06,1.48,0.44
-0.11,1.48,0.41
-0.16,1.48,0.38
-0.19,1.48,0.33
-0.21,1.48,0.28
-0.23,1.48,0.23
-0.24,1.48,0.19
-0.26,1.48,0.15
-0.27,1.48,0.11
-0.28,1.48,0.07
-0.29,1.48,0.04
-0.29,1.48,-0.0
-0.28,1.48,-0.04
-0.27,1.48,-0.07
-0.26,1.48,-0.11
-0.24,1.48,-0.14
-0.22,1.48,-0.17
-0.19,1.48,-0.19
-0.16,1.48,-0.22
-0.13,1.48,-0.23
-0.1,1.48,-0.24
-0.07,1.48,-0.25
-0.03,1.48,-0.26
0.0,1.48,-0.26
0.03,1.48,-0.25
0.07,1.48,-0.24
0.1,1.48,-0.23
0.12,1.48,-0.21
0.15,1.48,-0.19
0.17,1.48,-0.17
0.19,1.48,-0.15
0.21,1.48,-0.12
0.23,1.48,-0.09
0.24,1.48,-0.06
0.25,1.48,-0.03
0.26,1.46,0.0
0.28,1.46,0.04
0.29,1.46,0.08
0.31,1.46,0.13
0.32,1.46,0.18
0.31,1.46,0.24
0.3,1.46,0.3
0.27,1.46,0.35
0.23,1.46,0.39
0.18,1.46,0.43
0.12,1.46,0.45
0.06,1.46,0.46
-0.0,1.46,0.46
-0.06,1.46,0.45
-0.11,1.46,0.42
-0.16,1.46,0.38
-0.19,1.46,0.33
-0.22,1.46,0.28
-0.23,1.46,0.23
-0.25,1.46,0.19
-0.26,1.46,0.15
-0.27,1.46,0.11
-0.28,1.46,0.08
-0.29,1.46,0.04
-0.29,1.46,-0.0
-0.29,1.46,-0.04
-0.28,1.46,-0.08
-0.26,1.46,-0.11
-0.24,1.46,-0.14
-0.22,1.46,-0.17
-0.19,1.46,-0.2
-0.17,1.46,-0.22
-0.13,1.46,-0.23
-0.1,1.46,-0.25
-0.07,1.46,-0.26
-0.03,1.46,-0.26
0.0,1.46,-0.26
0.03,1.46,-0.25
0.07,1.46,-0.25
0.1,1.46,-0.23
0.13,1.46,-0.22
0.15,1.46,-0.2
0.18,1.46,-0.17
0.2,1.46,-0.15
0.21,1.46,-0.12
0.23,1.46,-0.09
0.24,1.46,-0.06
0.25,1.46,-0.03
0.26,1.44,0.0
0.28,1.44,0.04
0.29,1.44,0.08
0.31,1.44,0.13
0.32,1.44,0.18
0.31,1.44,0.24
0.3,1.44,0.3
0.27,1.44,0.35
0.23,1.44,0.39
0.18,1.44,0.43
0.12,1.44,0.45
0.06,1.44,0.47
-0.0,1.44,0.46
-0.06,1.44,0.45
-0.11,1.44,0.42
-0.16,1.44,0.38
-0.19,1.44,0.33
-0.22,1.44,0.28
-0.23,1.44,0.23
-0.25,1.44,0.19
-0.26,1.44,0.15
-0.27,1.44,0.11
-0.29,1.44,0.08
-0.29,1.44,0.04
-0.29,1.44,-0.0
-0.29,1.44,-0.04
-0.28,1.44,-0.08
-0.26,1.44,-0.11
-0.25,1.44,-0.14
-0.22,1.44,-0.17
-0.2,1.44,-0.2
-0.17,1.44,-0.22
-0.14,1.44,-0.24
-0.1,1.44,-0.25
-0.07,1.44,-0.26
-0.03,1.44,-0.26
0.0,1.44,-0.26
0.03,1.44,-0.26
0.07,1.44,-0.25
0.1,1.44,-0.23
0.13,1.44,-0.22
0.15,1.44,-0.2
0.18,1.44,-0.18
0.2,1.44,-0.15
0.22,1.44,-0.12
0.23,1.44,-0.09
0.24,1.44,-0.06
0.25,1.44,-0.03
0.26,1.42,0.0
0.28,1.42,0.04
0.29,1.42,0.08
0.31,1.42,0.13
0.32,1.42,0.18
0.31,1.42,0.24
0.3,1.42,0.3
0.27,1.42,0.35
0.23,1.42,0.39
0.18,1.42,0.43
0.12,1.42,0.45
0.06,1.42,0.46
-0.0,1.42,0.46
-0.06,1.42,0.44
-0.11,1.42,0.42
-0.16,1.42,0.38
-0.19,1.42,0.33
-0.21,1.42,0.28
-0.23,1.42,0.23
-0.25,1.42,0.19
-0.26,1.42,0.15
-0.27,1.42,0.11
-0.29,1.42,0.08
-0.29,1.42,0.04
-0.29,1.42,-0.0
-0.29,1.42,-0.04
-0.28,1.42,-0.08
-0.26,1.42,-0.11
-0.25,1.42,-0.14
-0.22,1.42,-0.17
-0.2,1.42,-0.2
-0.17,1.42,-0.22
-0.14,1.42,-0.24
-0.1,1.42,-0.25
-0.07,1.42,-0.26
-0.03,1.42,-0.26
0.0,1.42,-0.26
0.03,1.42,-0.26
0.07,1.42,-0.25
0.1,1.42,-0.23
0.13,1.42,-0.22
0.15,1.42,-0.2
0.18,1.42,-0.18
0.2,1.42,-0.15
0.22,1.42,-0.12
0.23,1.42,-0.09
0.24,1.42,-0.06
0.25,1.42,-0.03
0.26,1.4,0.0
0.27,1.4,0.04
0.29,1.4,0.08
0.3,1.4,0.13
0.31,1.4,0.18
0.31,1.4,0.24
0.43,1.4,0.43
0.36,1.4,0.47
0.23,1.4,0.39
0.18,1.4,0.43
0.12,1.4,0.45
0.06,1.4,0.46
-0.0,1.4,0.46
-0.06,1.4,0.44
-0.11,1.4,0.41
-0.16,1.4,0.37
-0.19,1.4,0.33
-0.21,1.4,0.28
-0.23,1.4,0.23
-0.25,1.4,0.19
-0.26,1.4,0.15
-0.27,1.4,0.11
-0.28,1.4,0.08
-0.29,1.4,0.04
-0.29,1.4,-0.0
-0.29,1.4,-0.04
-0.28,1.4,-0.08
-0.26,1.4,-0.11
-0.24,1.4,-0.14
-0.22,1.4,-0.17
-0.19,1.4,-0.2
-0.17,1.4,-0.22
-0.13,1.4,-0.23
-0.1,1.4,-0.25
-0.07,1.4,-0.26
-0.03,1.4,-0.26
0.0,1.4,-0.26
0.03,1.4,-0.25
0.07,1.4,-0.24
0.1,1.4,-0.23
0.13,1.4,-0.22
0.15,1.4,-0.2
0.18,1.4,-0.17
0.2,1.4,-0.15
0.21,1.4,-0.12
0.23,1.4,-0.09
0.24,1.4,-0.06
0.25,1.4,-0.03
0.27,1.38,0.0
0.27,1.38,0.04
0.28,1.38,0.08
0.29,1.38,0.12
0.3,1.38,0.18
0.3,1.38,0.23
0.43,1.38,0.43
0.36,1.38,0.47
0.22,1.38,0.39
0.17,1.38,0.41
0.12,1.38,0.44
0.06,1.38,0.45
-0.0,1.38,0.45
-0.06,1.38,0.44
-0.11,1.38,0.41
-0.16,1.38,0.38
-0.19,1.38,0.33
-0.22,1.38,0.28
-0.23,1.38,0.23
-0.24,1.38,0.19
-0.25,1.38,0.15
-0.26,1.38,0.11
-0.27,1.38,0.07
-0.28,1.38,0.04
-0.28,1.38,-0.0
-0.28,1.38,-0.04
-0.27,1.38,-0.07
-0.26,1.38,-0.11
-0.25,1.38,-0.14
-0.22,1.38,-0.17
-0.2,1.38,-0.2
-0.17,1.38,-0.22
-0.14,1.38,-0.24
-0.11,1.38,-0.26
-0.07,1.38,-0.27
-0.04,1.38,-0.28
0.0,1.38,-0.28
0.04,1.38,-0.27
0.07,1.38,-0.26
0.1,1.38,-0.25
0.13,1.38,-0.23
0.16,1.38,-0.21
0.19,1.38,-0.19
0.21,1.38,-0.16
0.23,1.38,-0.13
0.24,1.38,-0.1
0.26,1.38,-0.07
0.27,1.38,-0.03
0.29,1.36,0.0
0.28,1.36,0.04
0.28,1.36,0.07
0.27,1.36,0.11
0.27,1.36,0.16
0.27,1.36,0.21
0.43,1.36,0.43
0.34,1.36,0.44
0.23,1.36,0.4
0.16,1.36,0.39
0.11,1.36,0.41
0.06,1.36,0.43
-0.0,1.36,0.43
-0.06,1.36,0.42
-0.11,1.36,0.4
-0.15,1.36,0.36
-0.19,1.36,0.32
-0.21,1.36,0.28
-0.23,1.36,0.23
-0.24,1.36,0.18
-0.25,1.36,0.14
-0.26,1.36,0.11
-0.27,1.36,0.07
-0.29,1.36,0.04
-0.29,1.36,-0.0
-0.28,1.36,-0.04
-0.28,1.36,-0.07
-0.26,1.36,-0.11
-0.24,1.36,-0.14
-0.22,1.36,-0.17
-0.19,1.36,-0.19
-0.16,1.36,-0.21
-0.13,1.36,-0.22
-0.09,1.36,-0.23
-0.06,1.36,-0.24
-0.03,1.36,-0.24
0.0,1.36,-0.24
0.03,1.36,-0.23
0.06,1.36,-0.23
0.09,1.36,-0.22
0.12,1.36,-0.21
0.16,1.36,-0.2
0.19,1.36,-0.19
0.22,1.36,-0.17
0.25,1.36,-0.14
0.27,1.36,-0.11
0.28,1.36,-0.07
0.29,1.36,-0.04
0.31,1.34,-0.0
0.3,1.34,0.04
0.3,1.34,0.08
0.32,1.34,0.13
0.32,1.34,0.19
0.32,1.34,0.25
0.3,1.34,0.3
0.27,1.34,0.36
0.23,1.34,0.4
0.18,1.34,0.43
0.12,1.34,0.45
0.06,1.34,0.46
-0.0,1.34,0.45
-0.06,1.34,0.43
-0.11,1.34,0.4
-0.15,1.34,0.35
-0.18,1.34,0.3
-0.2,1.34,0.26
-0.22,1.34,0.22
-0.24,1.34,0.18
-0.25,1.34,0.15
-0.27,1.34,0.11
-0.28,1.34,0.07
-0.28,1.34,0.04
-0.28,1.34,-0.0
-0.28,1.34,-0.04
-0.27,1.34,-0.07
-0.25,1.34,-0.1
-0.23,1.34,-0.13
-0.21,1.34,-0.16
-0.18,1.34,-0.18
-0.16,1.34,-0.2
-0.13,1.34,-0.22
-0.09,1.34,-0.23
-0.06,1.34,-0.24
-0.03,1.34,-0.24
0.0,1.34,-0.24
0.03,1.34,-0.23
0.06,1.34,-0.23
0.1,1.34,-0.23
0.13,1.34,-0.22
0.16,1.34,-0.21
0.2,1.34,-0.19
0.23,1.34,-0.17
0.25,1.34,-0.14
0.28,1.34,-0.11
0.29,1.34,-0.08
0.3,1.34,-0.04
0.31,1.32,-0.0
0.31,1.32,0.04
0.3,1.32,0.08
0.3,1.32,0.12
0.29,1.32,0.17
0.29,1.32,0.22
0.43,1.32,0.44
0.38,1.32,0.49
0.24,1.32,0.42
0.17,1.32,0.4
0.11,1.32,0.43
0.06,1.32,0.44
-0.0,1.32,0.43
-0.06,1.32,0.42
-0.1,1.32,0.39
-0.15,1.32,0.35
-0.18,1.32,0.3
-0.2,1.32,0.25
-0.21,1.32,0.21
-0.23,1.32,0.17
-0.24,1.32,0.14
-0.25,1.32,0.1
-0.26,1.32,0.07
-0.27,1.32,0.03
-0.27,1.32,-0.0
-0.27,1.32,-0.04
-0.26,1.32,-0.07
-0.24,1.32,-0.1
-0.23,1.32,-0.13
-0.2,1.32,-0.16
-0.18,1.32,-0.18
-0.15,1.32,-0.2
-0.12,1.32,-0.22
-0.09,1.32,-0.23
-0.06,1.32,-0.23
-0.03,1.32,-0.24
0.0,1.32,-0.24
0.03,1.32,-0.23
0.06,1.32,-0.24
0.1,1.32,-0.24
0.13,1.32,-0.23
0.17,1.32,-0.22
0.2,1.32,-0.2
0.23,1.32,-0.18
0.26,1.32,-0.15
0.28,1.32,-0.12
0.3,1.32,-0.08
0.31,1.32,-0.04
0.32,1.3,-0.0
0.32,1.3,0.04
0.31,1.3,0.08
0.3,1.3,0.13
0.29,1.3,0.17
0.28,1.3,0.21
0.33,1.3,0.33
0.32,1.3,0.42
0.25,1.3,0.43
0.17,1.3,0.41
0.11,1.3,0.42
0.06,1.3,0.43
-0.0,1.3,0.42
-0.05,1.3,0.41
-0.1,1.3,0.38
-0.14,1.3,0.34
-0.17,1.3,0.29
-0.19,1.3,0.24
-0.2,1.3,0.2
-0.22,1.3,0.17
-0.23,1.3,0.13
-0.24,1.3,0.1
-0.25,1.3,0.07
-0.26,1.3,0.03
-0.26,1.3,-0.0
-0.26,1.3,-0.03
-0.25,1.3,-0.07
-0.23,1.3,-0.1
-0.22,1.3,-0.13
-0.2,1.3,-0.15
-0.17,1.3,-0.17
-0.15,1.3,-0.19
-0.12,1.3,-0.21
-0.09,1.3,-0.22
-0.06,1.3,-0.23
-0.03,1.3,-0.23
0.0,1.3,-0.23
0.03,1.3,-0.24
0.07,1.3,-0.24
0.1,1.3,-0.24
0.14,1.3,-0.24
0.17,1.3,-0.23
0.21,1.3,-0.21
0.24,1.3,-0.18
0.27,1.3,-0.15
0.29,1.3,-0.12
0.31,1.3,-0.08
0.32,1.3,-0.04
0.33,1.28,0.0
0.32,1.28,0.04
0.32,1.28,0.09
0.31,1.28,0.13
0.3,1.28,0.17
0.27,1.28,0.21
0.33,1.28,0.33
0.3,1.28,0.4
0.25,1.28,0.43
0.17,1.28,0.41
0.11,1.28,0.4
0.05,1.28,0.41
-0.0,1.28,0.41
-0.05,1.28,0.39
-0.1,1.28,0.36
-0.13,1.28,0.32
-0.16,1.28,0.28
-0.18,1.28,0.23
-0.19,1.28,0.19
-0.21,1.28,0.16
-0.22,1.28,0.13
-0.23,1.28,0.1
-0.24,1.28,0.06
-0.25,1.28,0.03
-0.25,1.28,-0.0
-0.24,1.28,-0.03
-0.24,1.28,-0.06
-0.22,1.28,-0.09
-0.21,1.28,-0.12
-0.19,1.28,-0.14
-0.16,1.28,-0.17
-0.14,1.28,-0.18
-0.12,1.28,-0.2
-0.09,1.28,-0.22
-0.06,1.28,-0.23
-0.03,1.28,-0.24
0.0,1.28,-0.25
0.03,1.28,-0.25
0.07,1.28,-0.25
0.1,1.28,-0.25
0.14,1.28,-0.24
0.18,1.28,-0.23
0.21,1.28,-0.21
0.25,1.28,-0.19
0.27,1.28,-0.16
0.3,1.28,-0.12
0.31,1.28,-0.08
0.32,1.28,-0.04
0.33,1.26,0.0
0.33,1.26,0.04
0.32,1.26,0.09
0.31,1.26,0.13
0.3,1.26,0.17
0.28,1.26,0.21
0.33,1.26,0.33
0.3,1.26,0.39
0.24,1.26,0.42
0.17,1.26,0.41
0.1,1.26,0.39
0.05,1.26,0.4
-0.0,1.26,0.39
-0.05,1.26,0.37
-0.09,1.26,0.35
-0.13,1.26,0.31
-0.15,1.26,0.26
-0.17,1.26,0.22
-0.18,1.26,0.18
-0.2,1.26,0.15
-0.21,1.26,0.12
-0.22,1.26,0.09
-0.23,1.26,0.06
-0.23,1.26,0.03
-0.23,1.26,-0.0
-0.23,1.26,-0.03
-0.22,1.26,-0.06
-0.21,1.26,-0.09
-0.19,1.26,-0.11
-0.18,1.26,-0.14
-0.15,1.26,-0.16
-0.14,1.26,-0.18
-0.12,1.26,-0.2
-0.09,1.26,-0.22
-0.06,1.26,-0.24
-0.03,1.26,-0.25
0.0,1.26,-0.26
0.04,1.26,-0.27
0.07,1.26,-0.26
0.11,1.26,-0.25
0.14,1.26,-0.25
0.18,1.26,-0.23
0.22,1.26,-0.21
0.25,1.26,-0.19
0.28,1.26,-0.16
0.3,1.26,-0.12
0.32,1.26,-0.08
0.33,1.26,-0.04
0.33,1.24,0.0
0.33,1.24,0.04
0.33,1.24,0.09
0.32,1.24,0.13
0.3,1.24,0.17
0.28,1.24,0.21
0.32,1.24,0.32
0.3,1.24,0.39
0.24,1.24,0.42
0.16,1.24,0.39
0.1,1.24,0.37
0.05,1.24,0.38
-0.0,1.24,0.37
-0.05,1.24,0.35
-0.09,1.24,0.32
-0.12,1.24,0.28
-0.14,1.24,0.24
-0.15,1.24,0.2
-0.17,1.24,0.17
-0.18,1.24,0.14
-0.19,1.24,0.11
-0.2,1.24,0.08
-0.21,1.24,0.06
-0.22,1.24,0.03
-0.22,1.24,-0.0
-0.21,1.24,-0.03
-0.2,1.24,-0.06
-0.19,1.24,-0.08
-0.18,1.24,-0.1
-0.16,1.24,-0.12
-0.15,1.24,-0.15
-0.14,1.24,-0.18
-0.12,1.24,-0.2
-0.09,1.24,-0.22
-0.06,1.24,-0.24
-0.03,1.24,-0.26
0.0,1.24,-0.28
0.04,1.24,-0.28
0.08,1.24,-0.28
0.11,1.24,-0.26
0.14,1.24,-0.25
0.18,1.24,-0.24
0.22,1.24,-0.22
0.25,1.24,-0.19
0.28,1.24,-0.16
0.3,1.24,-0.12
0.32,1.24,-0.08
0.33,1.24,-0.04
0.33,1.22,0.0
0.33,1.22,0.04
0.33,1.22,0.09
0.32,1.22,0.13
0.3,1.22,0.18
0.28,1.22,0.22
0.3,1.22,0.3
0.29,1.22,0.38
0.23,1.22,0.4
0.15,1.22,0.37
0.09,1.22,0.35
0.05,1.22,0.35
-0.0,1.22,0.35
-0.04,1.22,0.33
-0.08,1.22,0.3
-0.11,1.22,0.25
-0.13,1.22,0.23
-0.15,1.22,0.2
-0.17,1.22,0.17
-0.18,1.22,0.13
-0.18,1.22,0.1
-0.18,1.22,0.08
-0.19,1.22,0.05
-0.19,1.22,0.03
-0.19,1.22,-0.0
-0.19,1.22,-0.03
-0.18,1.22,-0.05
-0.17,1.22,-0.07
-0.16,1.22,-0.09
-0.15,1.22,-0.12
-0.14,1.22,-0.15
-0.13,1.22,-0.17
-0.11,1.22,-0.2
-0.09,1.22,-0.22
-0.07,1.22,-0.25
-0.03,1.22,-0.27
0.0,1.22,-0.29
0.04,1.22,-0.3
0.08,1.22,-0.3
0.12,1.22,-0.29
0.15,1.22,-0.25
0.18,1.22,-0.24
0.22,1.22,-0.22
0.25,1.22,-0.19
0.28,1.22,-0.16
0.3,1.22,-0.12
0.32,1.22,-0.08
0.33,1.22,-0.04
0.33,1.2,-0.0
0.33,1.2,0.04
0.33,1.2,0.09
0.32,1.2,0.13
0.3,1.2,0.18
0.28,1.2,0.22
0.25,1.2,0.25
0.27,1.2,0.36
0.22,1.2,0.38
0.14,1.2,0.33
0.09,1.2,0.33
0.04,1.2,0.32
-0.0,1.2,0.32
-0.04,1.2,0.3
-0.08,1.2,0.28
-0.11,1.2,0.25
-0.13,1.2,0.23
-0.15,1.2,0.2
-0.17,1.2,0.17
-0.18,1.2,0.13
-0.18,1.2,0.1
-0.18,1.2,0.08
-0.18,1.2,0.05
-0.18,1.2,0.02
-0.18,1.2,-0.0
-0.18,1.2,-0.02
-0.17,1.2,-0.05
-0.17,1.2,-0.07
-0.16,1.2,-0.09
-0.15,1.2,-0.12
-0.14,1.2,-0.14
-0.12,1.2,-0.16
-0.11,1.2,-0.19
-0.09,1.2,-0.22
-0.06,1.2,-0.25
-0.03,1.2,-0.27
0.0,1.2,-0.29
0.04,1.2,-0.31
0.09,1.2,-0.31
0.13,1.2,-0.3
0.15,1.2,-0.27
0.18,1.2,-0.24
0.22,1.2,-0.22
0.25,1.2,-0.19
0.28,1.2,-0.16
0.3,1.2,-0.12
0.32,1.2,-0.08
0.33,1.2,-0.04
0.33,1.18,0.0
0.33,1.18,0.04
0.32,1.18,0.09
0.32,1.18,0.13
0.3,1.18,0.17
0.28,1.18,0.21
0.25,1.18,0.25
0.21,1.18,0.28
0.17,1.18,0.3
0.13,1.18,0.32
0.09,1.18,0.32
0.04,1.18,0.32
-0.0,1.18,0.31
-0.04,1.18,0.3
-0.07,1.18,0.28
-0.11,1.18,0.25
-0.13,1.18,0.22
-0.15,1.18,0.19
-0.16,1.18,0.16
-0.17,1.18,0.13
-0.18,1.18,0.1
-0.18,1.18,0.08
-0.18,1.18,0.05
-0.18,1.18,0.02
-0.18,1.18,-0.0
-0.17,1.18,-0.02
-0.17,1.18,-0.05
-0.17,1.18,-0.07
-0.16,1.18,-0.09
-0.15,1.18,-0.11
-0.14,1.18,-0.14
-0.12,1.18,-0.16
-0.1,1.18,-0.18
-0.09,1.18,-0.21
-0.06,1.18,-0.24
-0.03,1.18,-0.27
0.0,1.18,-0.3
0.04,1.18,-0.32
0.09,1.18,-0.32
0.13,1.18,-0.31
0.16,1.18,-0.27
0.18,1.18,-0.23
0.22,1.18,-0.21
0.25,1.18,-0.19
0.28,1.18,-0.16
0.3,1.18,-0.12
0.32,1.18,-0.08
0.33,1.18,-0.04
0.33,1.16,0.0
0.33,1.16,0.04
0.32,1.16,0.09
0.31,1.16,0.13
0.3,1.16,0.17
0.28,1.16,0.21
0.25,1.16,0.25
0.21,1.16,0.28
0.17,1.16,0.3
0.13,1.16,0.31
0.09,1.16,0.32
0.04,1.16,0.32
-0.0,1.16,0.31
-0.04,1.16,0.3
-0.07,1.16,0.27
-0.1,1.16,0.25
-0.13,1.16,0.22
-0.15,1.16,0.19
-0.16,1.16,0.16
-0.17,1.16,0.13
-0.18,1.16,0.1
-0.18,1.16,0.07
-0.18,1.16,0.05
-0.18,1.16,0.02
-0.17,1.16,-0.0
-0.17,1.16,-0.02
-0.17,1.16,-0.05
-0.16,1.16,-0.07
-0.15,1.16,-0.09
-0.15,1.16,-0.11
-0.13,1.16,-0.13
-0.12,1.16,-0.16
-0.1,1.16,-0.18
-0.08,1.16,-0.2
-0.06,1.16,-0.23
-0.03,1.16,-0.27
0.0,1.16,-0.3
0.04,1.16,-0.32
0.09,1.16,-0.33
0.13,1.16,-0.31
0.16,1.16,-0.28
0.18,1.16,-0.23
0.21,1.16,-0.21
0.25,1.16,-0.19
0.27,1.16,-0.16
0.3,1.16,-0.12
0.32,1.16,-0.08
0.33,1.16,-0.04
0.32,1.14,-0.0
0.32,1.14,0.04
0.32,1.14,0.08
0.31,1.14,0.13
0.3,1.14,0.17
0.27,1.14,0.21
0.24,1.14,0.24
0.21,1.14,0.27
0.17,1.14,0.29
0.13,1.14,0.31
0.08,1.14,0.32
0.04,1.14,0.31
-0.0,1.14,0.31
-0.04,1.14,0.29
-0.07,1.14,0.27
-0.1,1.14,0.24
-0.13,1.14,0.22
-0.14,1.14,0.19
-0.16,1.14,0.16
-0.17,1.14,0.13
-0.17,1.14,0.1
-0.17,1.14,0.07
-0.17,1.14,0.05
-0.17,1.14,0.02
-0.17,1.14,-0.0
-0.16,1.14,-0.02
-0.16,1.14,-0.04
-0.16,1.14,-0.07
-0.15,1.14,-0.09
-0.14,1.14,-0.11
-0.13,1.14,-0.13
-0.11,1.14,-0.15
-0.1,1.14,-0.17
-0.08,1.14,-0.19
-0.06,1.14,-0.22
-0.03,1.14,-0.26
0.0,1.14,-0.3
0.04,1.14,-0.32
0.09,1.14,-0.33
0.13,1.14,-0.32
0.18,1.14,-0.3
0.18,1.14,-0.23
0.21,1.14,-0.21
0.24,1.14,-0.18
0.27,1.14,-0.15
0.29,1.14,-0.12
0.31,1.14,-0.08
0.32,1.14,-0.04
0.32,1.12,0.0
0.31,1.12,0.04
0.31,1.12,0.08
0.3,1.12,0.13
0.29,1.12,0.17
0.27,1.12,0.21
0.24,1.12,0.24
0.21,1.12,0.27
0.17,1.12,0.29
0.13,1.12,0.3
0.08,1.12,0.31
0.04,1.12,0.31
-0.0,1.12,0.3
-0.04,1.12,0.28
-0.07,1.12,0.26
-0.1,1.12,0.24
-0.12,1.12,0.21
-0.14,1.12,0.18
-0.15,1.12,0.15
-0.16,1.12,0.12
-0.17,1.12,0.1
-0.17,1.12,0.07
-0.17,1.12,0.04
-0.16,1.12,0.02
-0.16,1.12,-0.0
-0.16,1.12,-0.02
-0.15,1.12,-0.04
-0.15,1.12,-0.06
-0.14,1.12,-0.08
-0.13,1.12,-0.1
-0.12,1.12,-0.12
-0.11,1.12,-0.14
-0.09,1.12,-0.16
-0.07,1.12,-0.18
-0.05,1.12,-0.2
-0.03,1.12,-0.25
0.0,1.12,-0.29
0.04,1.12,-0.32
0.09,1.12,-0.32
0.14,1.12,-0.34
0.19,1.12,-0.33
0.17,1.12,-0.23
0.2,1.12,-0.2
0.24,1.12,-0.18
0.26,1.12,-0.15
0.29,1.12,-0.12
0.3,1.12,-0.08
0.31,1.12,-0.04
0.31,1.1,0.0
0.3,1.1,0.04
0.3,1.1,0.08
0.3,1.1,0.12
0.28,1.1,0.16
0.26,1.1,0.2
0.24,1.1,0.24
0.2,1.1,0.27
0.17,1.1,0.29
0.13,1.1,0.3
0.08,1.1,0.31
0.04,1.1,0.3
-0.0,1.1,0.29
-0.04,1.1,0.27
-0.07,1.1,0.25
-0.1,1.1,0.23
-0.12,1.1,0.2
-0.13,1.1,0.17
-0.15,1.1,0.15
-0.15,1.1,0.12
-0.16,1.1,0.09
-0.16,1.1,0.07
-0.16,1.1,0.04
-0.15,1.1,0.02
-0.15,1.1,-0.0
-0.15,1.1,-0.02
-0.15,1.1,-0.04
-0.14,1.1,-0.06
-0.14,1.1,-0.08
-0.13,1.1,-0.1
-0.12,1.1,-0.12
-0.1,1.1,-0.14
-0.09,1.1,-0.16
-0.07,1.1,-0.17
-0.05,1.1,-0.19
-0.03,1.1,-0.22
0.0,1.1,-0.28
0.04,1.1,-0.31
0.09,1.1,-0.31
0.14,1.1,-0.34
0.21,1.1,-0.35
0.17,1.1,-0.22
0.2,1.1,-0.2
0.23,1.1,-0.18
0.26,1.1,-0.15
0.28,1.1,-0.11
0.29,1.1,-0.08
0.3,1.1,-0.04
0.3,1.08,-0.0
0.29,1.08,0.04
0.29,1.08,0.08
0.29,1.08,0.12
0.28,1.08,0.16
0.26,1.08,0.2
0.24,1.08,0.24
0.21,1.08,0.27
0.17,1.08,0.29
0.13,1.08,0.31
0.08,1.08,0.31
0.04,1.08,0.3
-0.0,1.08,0.29
-0.04,1.08,0.27
-0.07,1.08,0.24
-0.09,1.08,0.22
-0.11,1.08,0.19
-0.13,1.08,0.16
-0.14,1.08,0.14
-0.14,1.08,0.11
-0.15,1.08,0.09
-0.15,1.08,0.06
-0.15,1.08,0.04
-0.14,1.08,0.02
-0.14,1.08,-0.0
-0.14,1.08,-0.02
-0.13,1.08,-0.04
-0.13,1.08,-0.05
-0.13,1.08,-0.07
-0.12,1.08,-0.09
-0.11,1.08,-0.11
-0.1,1.08,-0.13
-0.08,1.08,-0.15
-0.07,1.08,-0.16
-0.05,1.08,-0.18
-0.03,1.08,-0.2
0.0,1.08,-0.26
0.04,1.08,-0.29
0.08,1.08,-0.3
0.15,1.08,-0.35
0.21,1.08,-0.36
0.24,1.08,-0.3
0.2,1.08,-0.2
0.23,1.08,-0.18
0.26,1.08,-0.15
0.28,1.08,-0.11
0.29,1.08,-0.08
0.29,1.08,-0.04
0.29,1.06,0.0
0.28,1.06,0.04
0.28,1.06,0.08
0.29,1.06,0.12
0.28,1.06,0.16
0.27,1.06,0.2
0.24,1.06,0.24
0.21,1.06,0.27
0.17,1.06,0.3
0.13,1.06,0.31
0.08,1.06,0.31
0.04,1.06,0.31
-0.0,1.06,0.29
-0.04,1.06,0.27
-0.06,1.06,0.24
-0.09,1.06,0.21
-0.1,1.06,0.18
-0.12,1.06,0.15
-0.13,1.06,0.13
-0.13,1.06,0.1
-0.14,1.06,0.08
-0.13,1.06,0.06
-0.13,1.06,0.04
-0.13,1.06,0.02
-0.13,1.06,-0.0
-0.12,1.06,-0.02
-0.12,1.06,-0.03
-0.12,1.06,-0.05
-0.11,1.06,-0.07
-0.11,1.06,-0.08
-0.1,1.06,-0.1
-0.09,1.06,-0.12
-0.08,1.06,-0.14
-0.06,1.06,-0.16
-0.05,1.06,-0.18
-0.02,1.06,-0.19
0.0,1.06,-0.21
0.04,1.06,-0.26
0.08,1.06,-0.28
0.14,1.06,-0.33
0.21,1.06,-0.36
0.24,1.06,-0.31
0.2,1.06,-0.2
0.23,1.06,-0.18
0.26,1.06,-0.15
0.28,1.06,-0.11
0.29,1.06,-0.08
0.3,1.06,-0.04
0.29,1.04,0.0
0.28,1.04,0.04
0.28,1.04,0.08
0.29,1.04,0.12
0.28,1.04,0.16
0.27,1.04,0.21
0.24,1.04,0.24
0.21,1.04,0.28
0.17,1.04,0.3
0.13,1.04,0.31
0.09,1.04,0.32
0.04,1.04,0.31
-0.0,1.04,0.3
-0.04,1.04,0.28
-0.07,1.04,0.25
-0.09,1.04,0.22
-0.1,1.04,0.18
-0.11,1.04,0.15
-0.12,1.04,0.12
-0.12,1.04,0.09
-0.12,1.04,0.07
-0.12,1.04,0.05
-0.12,1.04,0.03
-0.12,1.04,0.02
-0.11,1.04,-0.0
-0.11,1.04,-0.01
-0.11,1.04,-0.03
-0.1,1.04,-0.04
-0.1,1.04,-0.06
-0.1,1.04,-0.08
-0.09,1.04,-0.09
-0.09,1.04,-0.11
-0.08,1.04,-0.13
-0.06,1.04,-0.15
-0.05,1.04,-0.17
-0.02,1.04,-0.19
0.0,1.04,-0.21
0.04,1.04,-0.28
0.08,1.04,-0.3
0.12,1.04,-0.27
0.22,1.04,-0.37
0.25,1.04,-0.32
0.2,1.04,-0.2
0.23,1.04,-0.18
0.26,1.04,-0.15
0.28,1.04,-0.11
0.29,1.04,-0.08
0.3,1.04,-0.04
0.3,1.02,0.0
0.29,1.02,0.04
0.28,1.02,0.08
0.29,1.02,0.12
0.28,1.02,0.16
0.27,1.02,0.2
0.24,1.02,0.24
0.21,1.02,0.28
0.17,1.02,0.3
0.13,1.02,0.31
0.09,1.02,0.32
0.04,1.02,0.31
-0.0,1.02,0.3
-0.04,1.02,0.27
-0.07,1.02,0.24
-0.09,1.02,0.21
-0.1,1.02,0.17
-0.11,1.02,0.14
-0.11,1.02,0.11
-0.1,1.02,0.08
-0.1,1.02,0.06
-0.09,1.02,0.04
-0.09,1.02,0.02
-0.09,1.02,0.01
-0.1,1.02,-0.0
-0.1,1.02,-0.01
-0.1,1.02,-0.03
-0.1,1.02,-0.04
-0.1,1.02,-0.06
-0.1,1.02,-0.07
-0.09,1.02,-0.09
-0.08,1.02,-0.11
-0.08,1.02,-0.13
-0.06,1.02,-0.15
-0.05,1.02,-0.17
-0.02,1.02,-0.19
0.0,1.02,-0.29
0.04,1.02,-0.3
0.08,1.02,-0.28
0.1,1.02,-0.24
0.14,1.02,-0.23
0.17,1.02,-0.22
0.21,1.02,-0.21
0.24,1.02,-0.18
0.27,1.02,-0.15
0.29,1.02,-0.12
0.3,1.02,-0.08
0.3,1.02,-0.04
0.3,1.0,0.0
0.29,1.0,0.04
0.29,1.0,0.08
0.29,1.0,0.12
0.28,1.0,0.16
0.27,1.0,0.21
0.24,1.0,0.24
0.21,1.0,0.27
0.17,1.0,0.29
0.13,1.0,0.31
0.08,1.0,0.31
0.04,1.0,0.3
-0.0,1.0,0.29
-0.04,1.0,0.26
-0.06,1.0,0.24
-0.08,1.0,0.2
-0.1,1.0,0.17
-0.1,1.0,0.14
-0.11,1.0,0.11
-0.1,1.0,0.08
-0.1,1.0,0.06
-0.09,1.0,0.04
-0.09,1.0,0.02
-0.1,1.0,0.01
-0.1,1.0,-0.0
-0.1,1.0,-0.01
-0.1,1.0,-0.03
-0.1,1.0,-0.04
-0.1,1.0,-0.06
-0.1,1.0,-0.08
-0.09,1.0,-0.1
-0.09,1.0,-0.11
-0.08,1.0,-0.14
-0.06,1.0,-0.16
-0.05,1.0,-0.18
-0.03,1.0,-0.2
0.0,1.0,-0.21
0.03,1.0,-0.22
0.06,1.0,-0.23
0.1,1.0,-0.24
0.13,1.0,-0.23
0.17,1.0,-0.22
0.2,1.0,-0.2
0.23,1.0,-0.18
0.26,1.0,-0.15
0.28,1.0,-0.11
0.29,1.0,-0.08
0.29,1.0,-0.04
0.29,0.98,-0.0
0.28,0.98,0.04
0.28,0.98,0.08
0.29,0.98,0.12
0.28,0.98,0.16
0.27,0.98,0.2
0.24,0.98,0.24
0.21,0.98,0.27
0.17,0.98,0.3
0.13,0.98,0.31
0.08,0.98,0.31
0.04,0.98,0.31
-0.0,0.98,0.29
-0.04,0.98,0.27
-0.07,0.98,0.24
-0.09,0.98,0.21
-0.1,0.98,0.17
-0.12,0.98,0.15
-0.11,0.98,0.11
-0.11,0.98,0.08
-0.11,0.98,0.06
-0.1,0.98,0.04
-0.11,0.98,0.03
-0.11,0.98,0.01
-0.12,0.98,-0.0
-0.12,0.98,-0.02
-0.12,0.98,-0.03
-0.12,0.98,-0.05
-0.12,0.98,-0.07
-0.11,0.98,-0.09
-0.11,0.98,-0.11
-0.1,0.98,-0.13
-0.1,0.98,-0.17
-0.07,0.98,-0.18
-0.05,0.98,-0.19
-0.02,0.98,-0.19
0.0,0.98,-0.22
0.03,0.98,-0.23
0.06,0.98,-0.24
0.1,0.98,-0.24
0.13,0.98,-0.23
0.17,0.98,-0.22
0.2,0.98,-0.2
0.23,0.98,-0.17
0.25,0.98,-0.14
0.27,0.98,-0.11
0.28,0.98,-0.07
0.28,0.98,-0.04
0.27,0.96,-0.0
0.27,0.96,0.04
0.28,0.96,0.08
0.29,0.96,0.12
0.28,0.96,0.16
0.26,0.96,0.2
0.24,0.96,0.24
0.21,0.96,0.27
0.17,0.96,0.29
0.13,0.96,0.31
0.08,0.96,0.31
0.04,0.96,0.31
-0.0,0.96,0.29
-0.04,0.96,0.27
-0.07,0.96,0.24
-0.09,0.96,0.21
-0.1,0.96,0.18
-0.11,0.96,0.14
-0.11,0.96,0.11
-0.11,0.96,0.09
-0.11,0.96,0.06
-0.11,0.96,0.04
-0.11,0.96,0.03
-0.12,0.96,0.01
-0.12,0.96,-0.0
-0.12,0.96,-0.02
-0.12,0.96,-0.03
-0.12,0.96,-0.05
-0.12,0.96,-0.07
-0.12,0.96,-0.09
-0.11,0.96,-0.11
-0.1,0.96,-0.13
-0.09,0.96,-0.15
-0.07,0.96,-0.17
-0.05,0.96,-0.19
-0.03,0.96,-0.21
0.0,0.96,-0.22
0.03,0.96,-0.23
0.06,0.96,-0.24
0.1,0.96,-0.24
0.14,0.96,-0.24
0.17,0.96,-0.22
0.2,0.96,-0.19
0.22,0.96,-0.17
0.25,0.96,-0.14
0.27,0.96,-0.11
0.27,0.96,-0.07
0.27,0.96,-0.03
0.28,0.94,0.0
0.27,0.94,0.04
0.28,0.94,0.08
0.29,0.94,0.12
0.28,0.94,0.16
0.27,0.94,0.21
0.24,0.94,0.24
0.21,0.94,0.27
0.17,0.94,0.29
0.13,0.94,0.31
0.08,0.94,0.31
0.04,0.94,0.31
-0.0,0.94,0.29
-0.04,0.94,0.27
-0.07,0.94,0.24
-0.09,0.94,0.21
-0.1,0.94,0.18
-0.11,0.94,0.14
-0.11,0.94,0.11
-0.11,0.94,0.09
-0.11,0.94,0.06
-0.11,0.94,0.04
-0.11,0.94,0.03
-0.12,0.94,0.02
-0.12,0.94,-0.0
-0.12,0.94,-0.02
-0.13,0.94,-0.03
-0.13,0.94,-0.05
-0.12,0.94,-0.07
-0.12,0.94,-0.09
-0.11,0.94,-0.11
-0.1,0.94,-0.13
-0.09,0.94,-0.15
-0.07,0.94,-0.17
-0.05,0.94,-0.19
-0.03,0.94,-0.21
0.0,0.94,-0.22
0.03,0.94,-0.23
0.06,0.94,-0.24
0.1,0.94,-0.24
0.13,0.94,-0.23
0.17,0.94,-0.22
0.2,0.94,-0.2
0.23,0.94,-0.17
0.25,0.94,-0.14
0.27,0.94,-0.11
0.28,0.94,-0.07
0.28,0.94,-0.04
0.27,0.92,0.0
0.27,0.92,0.04
0.28,0.92,0.08
0.29,0.92,0.12
0.28,0.92,0.16
0.26,0.92,0.2
0.24,0.92,0.24
0.21,0.92,0.27
0.17,0.92,0.29
0.13,0.92,0.31
0.08,0.92,0.31
0.04,0.92,0.31
-0.0,0.92,0.29
-0.04,0.92,0.27
-0.07,0.92,0.24
-0.09,0.92,0.21
-0.1,0.92,0.18
-0.11,0.92,0.14
-0.11,0.92,0.11
-0.11,0.92,0.09
-0.11,0.92,0.06
-0.11,0.92,0.05
-0.12,0.92,0.03
-0.12,0.92,0.02
-0.13,0.92,-0.0
-0.13,0.92,-0.02
-0.13,0.92,-0.03
-0.13,0.92,-0.05
-0.13,0.92,-0.07
-0.12,0.92,-0.09
-0.11,0.92,-0.11
-0.1,0.92,-0.13
-0.09,0.92,-0.16
-0.07,0.92,-0.18
-0.05,0.92,-0.19
-0.03,0.92,-0.21
0.0,0.92,-0.22
0.03,0.92,-0.23
0.06,0.92,-0.24
0.1,0.92,-0.24
0.13,0.92,-0.23
0.17,0.92,-0.21
0.2,0.92,-0.2
0.22,0.92,-0.17
0.25,0.92,-0.14
0.26,0.92,-0.11
0.27,0.92,-0.07
0.28,0.92,-0.03
0.27,0.9,0.0
0.27,0.9,0.04
0.28,0.9,0.08
0.28,0.9,0.12
0.28,0.9,0.16
0.26,0.9,0.2
0.24,0.9,0.24
0.21,0.9,0.27
0.17,0.9,0.29
0.13,0.9,0.31
0.08,0.9,0.31
0.04,0.9,0.3
-0.0,0.9,0.29
-0.04,0.9,0.27
-0.07,0.9,0.24
-0.09,0.9,0.21
-0.1,0.9,0.18
-0.11,0.9,0.15
-0.12,0.9,0.11
-0.11,0.9,0.09
-0.11,0.9,0.06
-0.11,0.9,0.05
-0.12,0.9,0.03
-0.12,0.9,0.02
-0.13,0.9,-0.0
-0.13,0.9,-0.02
-0.13,0.9,-0.04
-0.13,0.9,-0.05
-0.13,0.9,-0.07
-0.12,0.9,-0.09
-0.12,0.9,-0.12
-0.1,0.9,-0.14
-0.09,0.9,-0.16
-0.07,0.9,-0.18
-0.05,0.9,-0.2
-0.03,0.9,-0.21
0.0,0.9,-0.22
0.03,0.9,-0.23
0.06,0.9,-0.24
0.1,0.9,-0.23
0.13,0.9,-0.23
0.17,0.9,-0.21
0.2,0.9,-0.19
0.22,0.9,-0.17
0.24,0.9,-0.14
0.26,0.9,-0.11
0.27,0.9,-0.07
0.27,0.9,-0.03
0.27,0.88,0.0
0.27,0.88,0.04
0.28,0.88,0.08
0.28,0.88,0.12
0.28,0.88,0.16
0.26,0.88,0.2
0.24,0.88,0.24
0.21,0.88,0.27
0.17,0.88,0.29
0.13,0.88,0.3
0.08,0.88,0.31
0.04,0.88,0.3
-0.0,0.88,0.29
-0.04,0.88,0.27
-0.07,0.88,0.24
-0.09,0.88,0.21
-0.1,0.88,0.18
-0.11,0.88,0.15
-0.12,0.88,0.12
-0.11,0.88,0.09
-0.11,0.88,0.06
-0.12,0.88,0.05
-0.12,0.88,0.03
-0.13,0.88,0.02
-0.13,0.88,-0.0
-0.13,0.88,-0.02
-0.13,0.88,-0.04
-0.13,0.88,-0.06
-0.13,0.88,-0.08
-0.13,0.88,-0.1
-0.12,0.88,-0.12
-0.11,0.88,-0.14
-0.09,0.88,-0.16
-0.07,0.88,-0.18
-0.05,0.88,-0.2
-0.03,0.88,-0.21
0.0,0.88,-0.22
0.03,0.88,-0.23
0.06,0.88,-0.24
0.1,0.88,-0.23
0.13,0.88,-0.23
0.16,0.88,-0.21
0.19,0.88,-0.19
0.22,0.88,-0.17
0.24,0.88,-0.14
0.26,0.88,-0.11
0.27,0.88,-0.07
0.27,0.88,-0.03
0.26,0.86,-0.0
0.27,0.86,0.04
0.28,0.86,0.08
0.28,0.86,0.12
0.28,0.86,0.16
0.26,0.86,0.2
0.24,0.86,0.24
0.2,0.86,0.27
0.17,0.86,0.29
0.13,0.86,0.3
0.08,0.86,0.31
0.04,0.86,0.3
-0.0,0.86,0.29
-0.04,0.86,0.27
-0.07,0.86,0.24
-0.09,0.86,0.21
-0.1,0.86,0.18
-0.11,0.86,0.15
-0.12,0.86,0.12
-0.12,0.86,0.09
-0.11,0.86,0.06
-0.12,0.86,0.05
-0.13,0.86,0.03
-0.13,0.86,0.02
-0.13,0.86,-0.0
-0.14,0.86,-0.02
-0.14,0.86,-0.04
-0.14,0.86,-0.06
-0.13,0.86,-0.08
-0.13,0.86,-0.1
-0.12,0.86,-0.12
-0.11,0.86,-0.14
-0.09,0.86,-0.16
-0.07,0.86,-0.18
-0.05,0.86,-0.2
-0.03,0.86,-0.21
0.0,0.86,-0.23
0.03,0.86,-0.23
0.06,0.86,-0.24
0.1,0.86,-0.23
0.13,0.86,-0.22
0.16,0.86,-0.21
0.19,0.86,-0.19
0.22,0.86,-0.17
0.24,0.86,-0.14
0.25,0.86,-0.1
0.26,0.86,-0.07
0.27,0.86,-0.03
0.26,0.84,0.0
0.27,0.84,0.04
0.28,0.84,0.08
0.28,0.84,0.12
0.28,0.84,0.16
0.26,0.84,0.2
0.24,0.84,0.24
0.2,0.84,0.27
0.17,0.84,0.29
0.13,0.84,0.3
0.08,0.84,0.31
0.04,0.84,0.3
-0.0,0.84,0.29
-0.04,0.84,0.27
-0.07,0.84,0.24
-0.09,0.84,0.21
-0.1,0.84,0.18
-0.11,0.84,0.15
-0.12,0.84,0.12
-0.12,0.84,0.09
-0.11,0.84,0.07
-0.12,0.84,0.05
-0.13,0.84,0.03
-0.13,0.84,0.02
-0.14,0.84,-0.0
-0.14,0.84,-0.02
-0.14,0.84,-0.04
-0.14,0.84,-0.06
-0.14,0.84,-0.08
-0.13,0.84,-0.1
-0.12,0.84,-0.12
-0.11,0.84,-0.14
-0.09,0.84,-0.16
-0.08,0.84,-0.18
-0.05,0.84,-0.2
-0.03,0.84,-0.21
0.0,0.84,-0.23
0.03,0.84,-0.23
0.06,0.84,-0.24
0.1,0.84,-0.23
0.13,0.84,-0.22
0.16,0.84,-0.21
0.19,0.84,-0.19
0.22,0.84,-0.16
0.24,0.84,-0.14
0.25,0.84,-0.1
0.26,0.84,-0.07
0.26,0.84,-0.03
0.26,0.82,0.0
0.27,0.82,0.04
0.28,0.82,0.08
0.28,0.82,0.12
0.28,0.82,0.16
0.26,0.82,0.2
0.24,0.82,0.24
0.2,0.82,0.27
0.17,0.82,0.29
0.12,0.82,0.3
0.08,0.82,0.31
0.04,0.82,0.3
-0.0,0.82,0.29
-0.04,0.82,0.27
-0.07,0.82,0.24
-0.09,0.82,0.21
-0.1,0.82,0.18
-0.11,0.82,0.15
-0.12,0.82,0.12
-0.12,0.82,0.09
-0.12,0.82,0.07
-0.12,0.82,0.05
-0.13,0.82,0.03
-0.14,0.82,0.02
-0.14,0.82,-0.0
-0.14,0.82,-0.02
-0.14,0.82,-0.04
-0.14,0.82,-0.06
-0.14,0.82,-0.08
-0.13,0.82,-0.1
-0.12,0.82,-0.12
-0.11,0.82,-0.15
-0.09,0.82,-0.17
-0.08,0.82,-0.18
-0.05,0.82,-0.2
-0.03,0.82,-0.22
0.0,0.82,-0.23
0.03,0.82,-0.23
0.06,0.82,-0.24
0.1,0.82,-0.23
0.13,0.82,-0.22
0.16,0.82,-0.21
0.19,0.82,-0.19
0.21,0.82,-0.16
0.23,0.82,-0.13
0.25,0.82,-0.1
0.26,0.82,-0.07
0.26,0.82,-0.03
0.25,0.8,0.0
0.27,0.8,0.04
0.28,0.8,0.07
0.28,0.8,0.12
0.27,0.8,0.16
0.26,0.8,0.2
0.23,0.8,0.23
0.2,0.8,0.26
0.17,0.8,0.29
0.12,0.8,0.3
0.08,0.8,0.31
0.04,0.8,0.3
-0.0,0.8,0.29
-0.04,0.8,0.27
-0.07,0.8,0.24
-0.09,0.8,0.21
-0.1,0.8,0.18
-0.11,0.8,0.15
-0.12,0.8,0.12
-0.12,0.8,0.09
-0.12,0.8,0.07
-0.13,0.8,0.05
-0.13,0.8,0.04
-0.14,0.8,0.02
-0.14,0.8,-0.0
-0.15,0.8,-0.02
-0.15,0.8,-0.04
-0.15,0.8,-0.06
-0.14,0.8,-0.08
-0.13,0.8,-0.1
-0.12,0.8,-0.13
-0.11,0.8,-0.15
-0.1,0.8,-0.17
-0.08,0.8,-0.19
-0.05,0.8,-0.2
-0.03,0.8,-0.22
0.0,0.8,-0.23
0.03,0.8,-0.23
0.06,0.8,-0.23
0.1,0.8,-0.23
0.13,0.8,-0.22
0.16,0.8,-0.21
0.19,0.8,-0.19
0.21,0.8,-0.16
0.23,0.8,-0.13
0.25,0.8,-0.1
0.25,0.8,-0.07
0.26,0.8,-0.03
0.25,0.78,0.0
0.27,0.78,0.04
0.28,0.78,0.07
0.28,0.78,0.12
0.27,0.78,0.16
0.26,0.78,0.2
0.23,0.78,0.23
0.2,0.78,0.26
0.17,0.78,0.29
0.12,0.78,0.3
0.08,0.78,0.3
0.04,0.78,0.3
-0.0,0.78,0.29
-0.04,0.78,0.27
-0.06,0.78,0.24
-0.09,0.78,0.21
-0.1,0.78,0.18
-0.11,0.78,0.15
-0.12,0.78,0.12
-0.12,0.78,0.09
-0.12,0.78,0.07
-0.13,0.78,0.05
-0.14,0.78,0.04
-0.14,0.78,0.02
-0.15,0.78,-0.0
-0.15,0.78,-0.02
-0.15,0.78,-0.04
-0.15,0.78,-0.06
-0.14,0.78,-0.08
-0.14,0.78,-0.1
-0.13,0.78,-0.13
-0.11,0.78,-0.15
-0.1,0.78,-0.17
-0.08,0.78,-0.19
-0.05,0.78,-0.2
-0.03,0.78,-0.22
0.0,0.78,-0.23
0.03,0.78,-0.23
0.06,0.78,-0.23
0.1,0.78,-0.23
0.13,0.78,-0.22
0.16,0.78,-0.2
0.19,0.78,-0.18
0.21,0.78,-0.16
0.23,0.78,-0.13
0.24,0.78,-0.1
0.25,0.78,-0.07
0.25,0.78,-0.03
0.25,0.76,0.0
0.27,0.76,0.04
0.28,0.76,0.07
0.28,0.76,0.12
0.27,0.76,0.16
0.26,0.76,0.2
0.23,0.76,0.23
0.2,0.76,0.26
0.16,0.76,0.29
0.12,0.76,0.3
0.08,0.76,0.3
0.04,0.76,0.3
-0.0,0.76,0.29
-0.04,0.76,0.27
-0.06,0.76,0.24
-0.09,0.76,0.21
-0.1,0.76,0.18
-0.11,0.76,0.15
-0.12,0.76,0.12
-0.12,0.76,0.09
-0.12,0.76,0.07
-0.13,0.76,0.05
-0.14,0.76,0.04
-0.14,0.76,0.02
-0.14,0.76,-0.0
-0.15,0.76,-0.02
-0.15,0.76,-0.04
-0.15,0.76,-0.06
-0.14,0.76,-0.08
-0.14,0.76,-0.1
-0.13,0.76,-0.13
-0.11,0.76,-0.15
-0.1,0.76,-0.17
-0.08,0.76,-0.19
-0.05,0.76,-0.2
-0.03,0.76,-0.22
0.0,0.76,-0.23
0.03,0.76,-0.23
0.06,0.76,-0.23
0.1,0.76,-0.23
0.13,0.76,-0.22
0.16,0.76,-0.2
0.18,0.76,-0.18
0.21,0.76,-0.16
0.23,0.76,-0.13
0.24,0.76,-0.1
0.25,0.76,-0.07
0.25,0.76,-0.03
0.25,0.74,0.0
0.27,0.74,0.04
0.28,0.74,0.07
0.28,0.74,0.12
0.27,0.74,0.16
0.26,0.74,0.2
0.23,0.74,0.23
0.2,0.74,0.26
0.16,0.74,0.28
0.12,0.74,0.3
0.08,0.74,0.3
0.04,0.74,0.3
-0.0,0.74,0.29
-0.04,0.74,0.27
-0.06,0.74,0.24
-0.09,0.74,0.21
-0.1,0.74,0.18
-0.11,0.74,0.15
-0.12,0.74,0.12
-0.12,0.74,0.09
-0.12,0.74,0.07
-0.13,0.74,0.05
-0.13,0.74,0.04
-0.14,0.74,0.02
-0.14,0.74,-0.0
-0.14,0.74,-0.02
-0.15,0.74,-0.04
-0.14,0.74,-0.06
-0.14,0.74,-0.08
-0.13,0.74,-0.1
-0.12,0.74,-0.12
-0.11,0.74,-0.15
-0.09,0.74,-0.17
-0.08,0.74,-0.18
-0.05,0.74,-0.2
-0.03,0.74,-0.21
0.0,0.74,-0.22
0.03,0.74,-0.23
0.06,0.74,-0.23
0.09,0.74,-0.23
0.13,0.74,-0.22
0.16,0.74,-0.2
0.18,0.74,-0.18
0.21,0.74,-0.16
0.22,0.74,-0.13
0.24,0.74,-0.1
0.25,0.74,-0.06
0.25,0.74,-0.03
0.25,0.72,0.0
0.26,0.72,0.03
0.27,0.72,0.07
0.28,0.72,0.11
0.27,0.72,0.16
0.25,0.72,0.19
0.23,0.72,0.23
0.2,0.72,0.26
0.16,0.72,0.28
0.12,0.72,0.29
0.08,0.72,0.3
0.04,0.72,0.29
-0.0,0.72,0.28
-0.03,0.72,0.26
-0.06,0.72,0.24
-0.09,0.72,0.21
-0.1,0.72,0.18
-0.11,0.72,0.14
-0.11,0.72,0.11
-0.11,0.72,0.09
-0.11,0.72,0.06
-0.12,0.72,0.05
-0.13,0.72,0.03
-0.13,0.72,0.02
-0.14,0.72,-0.0
-0.14,0.72,-0.02
-0.14,0.72,-0.04
-0.14,0.72,-0.06
-0.14,0.72,-0.08
-0.13,0.72,-0.1
-0.12,0.72,-0.12
-0.11,0.72,-0.14
-0.09,0.72,-0.16
-0.07,0.72,-0.18
-0.05,0.72,-0.2
-0.03,0.72,-0.21
0.0,0.72,-0.22
0.03,0.72,-0.22
0.06,0.72,-0.23
0.09,0.72,-0.22
0.12,0.72,-0.21
0.15,0.72,-0.2
0.18,0.72,-0.18
0.2,0.72,-0.15
0.22,0.72,-0.13
0.23,0.72,-0.1
0.24,0.72,-0.06
0.24,0.72,-0.03
0.24,0.7,0.0
0.26,0.7,0.03
0.27,0.7,0.07
0.27,0.7,0.11
0.26,0.7,0.15
0.25,0.7,0.19
0.23,0.7,0.23
0.2,0.7,0.26
0.16,0.7,0.28
0.12,0.7,0.29
0.08,0.7,0.29
0.04,0.7,0.29
-0.0,0.7,0.28
-0.03,0.7,0.26
-0.06,0.7,0.23
-0.08,0.7,0.2
-0.1,0.7,0.17
-0.11,0.7,0.14
-0.11,0.7,0.11
-0.11,0.7,0.08
-0.1,0.7,0.06
-0.11,0.7,0.04
-0.11,0.7,0.03
-0.12,0.7,0.01
-0.12,0.7,-0.0
-0.12,0.7,-0.02
-0.12,0.7,-0.03
-0.12,0.7,-0.05
-0.12,0.7,-0.07
-0.11,0.7,-0.09
-0.1,0.7,-0.1
-0.09,0.7,-0.12
-0.08,0.7,-0.14
-0.06,0.7,-0.16
-0.05,0.7,-0.17
-0.02,0.7,-0.19
0.0,0.7,-0.2
0.03,0.7,-0.21
0.06,0.7,-0.21
0.09,0.7,-0.21
0.12,0.7,-0.2
0.15,0.7,-0.19
0.18,0.7,-0.18
0.2,0.7,-0.15
0.22,0.7,-0.13
0.24,0.7,-0.1
0.25,0.7,-0.07
0.26,0.7,-0.03
0.26,0.68,-0.0
0.26,0.68,0.03
0.27,0.68,0.07
0.28,0.68,0.12
0.27,0.68,0.16
0.26,0.68,0.2
0.23,0.68,0.23
0.2,0.68,0.26
0.16,0.68,0.28
0.12,0.68,0.3
0.08,0.68,0.3
0.04,0.68,0.29
-0.0,0.68,0.28
-0.03,0.68,0.25
-0.06,0.68,0.23
-0.08,0.68,0.19
-0.09,0.68,0.16
-0.1,0.68,0.13
-0.1,0.68,0.1
-0.1,0.68,0.07
-0.1,0.68,0.06
-0.1,0.68,0.04
-0.11,0.68,0.03
-0.11,0.68,0.01
-0.11,0.68,-0.0
-0.11,0.68,-0.01
-0.11,0.68,-0.03
-0.11,0.68,-0.05
-0.1,0.68,-0.06
-0.1,0.68,-0.08
-0.09,0.68,-0.09
-0.08,0.68,-0.11
-0.07,0.68,-0.12
-0.06,0.68,-0.14
-0.04,0.68,-0.16
-0.02,0.68,-0.17
0.0,0.68,-0.18
0.03,0.68,-0.19
0.05,0.68,-0.2
0.08,0.68,-0.2
0.12,0.68,-0.2
0.15,0.68,-0.19
0.18,0.68,-0.18
0.21,0.68,-0.16
0.23,0.68,-0.13
0.25,0.68,-0.1
0.26,0.68,-0.07
0.27,0.68,-0.03
0.28,0.66,-0.0
0.28,0.66,0.04
0.29,0.66,0.08
0.29,0.66,0.12
0.29,0.66,0.17
0.27,0.66,0.21
0.24,0.66,0.24
0.21,0.66,0.27
0.16,0.66,0.28
0.12,0.66,0.3
0.08,0.66,0.3
0.04,0.66,0.29
-0.0,0.66,0.28
-0.03,0.66,0.25
-0.06,0.66,0.23
-0.08,0.66,0.2
-0.09,0.66,0.16
-0.11,0.66,0.14
-0.11,0.66,0.11
-0.11,0.66,0.08
-0.11,0.66,0.06
-0.1,0.66,0.04
-0.11,0.66,0.03
-0.11,0.66,0.01
-0.11,0.66,-0.0
-0.11,0.66,-0.02
-0.11,0.66,-0.03
-0.11,0.66,-0.05
-0.11,0.66,-0.06
-0.1,0.66,-0.08
-0.1,0.66,-0.1
-0.09,0.66,-0.11
-0.08,0.66,-0.13
-0.06,0.66,-0.15
-0.04,0.66,-0.17
-0.02,0.66,-0.18
0.0,0.66,-0.19
0.03,0.66,-0.2
0.06,0.66,-0.21
0.09,0.66,-0.21
0.12,0.66,-0.21
0.15,0.66,-0.2
0.18,0.66,-0.18
0.21,0.66,-0.16
0.24,0.66,-0.14
0.26,0.66,-0.1
0.27,0.66,-0.07
0.28,0.66,-0.03
0.28,0.64,-0.0
0.28,0.64,0.04
0.29,0.64,0.08
0.29,0.64,0.12
0.29,0.64,0.17
0.27,0.64,0.21
0.24,0.64,0.24
0.21,0.64,0.27
0.17,0.64,0.29
0.13,0.64,0.31
0.08,0.64,0.31
0.04,0.64,0.3
-0.0,0.64,0.28
-0.03,0.64,0.26
-0.06,0.64,0.23
-0.08,0.64,0.2
-0.1,0.64,0.17
-0.11,0.64,0.14
-0.11,0.64,0.11
-0.11,0.64,0.08
-0.11,0.64,0.06
-0.12,0.64,0.05
-0.12,0.64,0.03
-0.13,0.64,0.02
-0.13,0.64,-0.0
-0.13,0.64,-0.02
-0.13,0.64,-0.04
-0.13,0.64,-0.05
-0.13,0.64,-0.07
-0.12,0.64,-0.09
-0.11,0.64,-0.11
-0.1,0.64,-0.13
-0.09,0.64,-0.15
-0.07,0.64,-0.17
-0.05,0.64,-0.19
-0.03,0.64,-0.2
0.0,0.64,-0.21
0.03,0.64,-0.22
0.06,0.64,-0.22
0.09,0.64,-0.22
0.12,0.64,-0.21
0.15,0.64,-0.2
0.18,0.64,-0.18
0.2,0.64,-0.15
0.22,0.64,-0.13
0.23,0.64,-0.1
0.24,0.64,-0.06
0.24,0.64,-0.03
0.26,0.62,0.0
0.27,0.62,0.04
0.28,0.62,0.08
0.29,0.62,0.12
0.28,0.62,0.16
0.26,0.62,0.2
0.24,0.62,0.24
0.2,0.62,0.27
0.17,0.62,0.29
0.12,0.62,0.3
0.08,0.62,0.3
0.04,0.62,0.3
-0.0,0.62,0.29
-0.04,0.62,0.26
-0.06,0.62,0.24
-0.09,0.62,0.21
-0.1,0.62,0.17
-0.11,0.62,0.14
-0.11,0.62,0.11
-0.12,0.62,0.09
-0.13,0.62,0.07
-0.14,0.62,0.06
-0.14,0.62,0.04
-0.15,0.62,0.02
-0.15,0.62,-0.0
-0.15,0.62,-0.02
-0.15,0.62,-0.04
-0.15,0.62,-0.06
-0.15,0.62,-0.08
-0.14,0.62,-0.11
-0.13,0.62,-0.13
-0.11,0.62,-0.15
-0.1,0.62,-0.17
-0.08,0.62,-0.19
-0.05,0.62,-0.2
-0.03,0.62,-0.21
0.0,0.62,-0.22
0.03,0.62,-0.23
0.06,0.62,-0.23
0.09,0.62,-0.22
0.12,0.62,-0.21
0.15,0.62,-0.2
0.18,0.62,-0.18
0.2,0.62,-0.15
0.22,0.62,-0.13
0.23,0.62,-0.1
0.24,0.62,-0.06
0.25,0.62,-0.03
0.26,0.6,0.0
0.27,0.6,0.04
0.28,0.6,0.08
0.28,0.6,0.12
0.28,0.6,0.16
0.26,0.6,0.2
0.24,0.6,0.24
0.2,0.6,0.27
0.17,0.6,0.29
0.12,0.6,0.3
0.08,0.6,0.3
0.04,0.6,0.3
-0.0,0.6,0.29
-0.04,0.6,0.26
-0.06,0.6,0.24
-0.09,0.6,0.21
-0.1,0.6,0.18
-0.11,0.6,0.14
-0.12,0.6,0.11
-0.12,0.6,0.09
-0.13,0.6,0.07
-0.14,0.6,0.06
-0.14,0.6,0.04
-0.15,0.6,0.02
-0.15,0.6,-0.0
-0.15,0.6,-0.02
-0.15,0.6,-0.04
-0.15,0.6,-0.06
-0.15,0.6,-0.08
-0.14,0.6,-0.11
-0.13,0.6,-0.13
-0.11,0.6,-0.15
-0.1,0.6,-0.17
-0.08,0.6,-0.19
-0.05,0.6,-0.2
-0.03,0.6,-0.21
0.0,0.6,-0.22
0.03,0.6,-0.23
0.06,0.6,-0.23
0.09,0.6,-0.22
0.12,0.6,-0.21
0.15,0.6,-0.2
0.18,0.6,-0.18
0.2,0.6,-0.15
0.22,0.6,-0.13
0.23,0.6,-0.1
0.24,0.6,-0.06
0.25,0.6,-0.03
0.26,0.58,-0.0
0.27,0.58,0.04
0.28,0.58,0.08
0.28,0.58,0.12
0.28,0.58,0.16
0.26,0.58,0.2
0.23,0.58,0.24
0.2,0.58,0.26
0.16,0.58,0.29
0.12,0.58,0.3
0.08,0.58,0.3
0.04,0.58,0.3
-0.0,0.58,0.28
-0.04,0.58,0.26
-0.06,0.58,0.24
-0.09,0.58,0.21
-0.1,0.58,0.18
-0.11,0.58,0.15
-0.12,0.58,0.12
-0.12,0.58,0.09
-0.13,0.58,0.07
-0.14,0.58,0.06
-0.15,0.58,0.04
-0.15,0.58,0.02
-0.15,0.58,-0.0
-0.16,0.58,-0.02
-0.15,0.58,-0.04
-0.15,0.58,-0.06
-0.15,0.58,-0.09
-0.14,0.58,-0.11
-0.13,0.58,-0.13
-0.11,0.58,-0.15
-0.1,0.58,-0.17
-0.08,0.58,-0.18
-0.05,0.58,-0.2
-0.03,0.58,-0.21
0.0,0.58,-0.22
0.03,0.58,-0.22
0.06,0.58,-0.22
0.09,0.58,-0.22
0.12,0.58,-0.21
0.15,0.58,-0.2
0.18,0.58,-0.18
0.2,0.58,-0.15
0.22,0.58,-0.12
0.23,0.58,-0.09
0.24,0.58,-0.06
0.24,0.58,-0.03
0.25,0.56,0.0
0.27,0.56,0.04
0.28,0.56,0.08
0.28,0.56,0.12
0.27,0.56,0.16
0.26,0.56,0.2
0.23,0.56,0.23
0.2,0.56,0.26
0.16,0.56,0.28
0.12,0.56,0.3
0.08,0.56,0.3
0.04,0.56,0.3
-0.0,0.56,0.28
-0.04,0.56,0.26
-0.06,0.56,0.24
-0.09,0.56,0.21
-0.1,0.56,0.18
-0.11,0.56,0.15
-0.12,0.56,0.12
-0.12,0.56,0.09
-0.13,0.56,0.07
-0.14,0.56,0.06
-0.15,0.56,0.04
-0.15,0.56,0.02
-0.16,0.56,-0.0
-0.16,0.56,-0.02
-0.16,0.56,-0.04
-0.15,0.56,-0.06
-0.15,0.56,-0.09
-0.14,0.56,-0.11
-0.13,0.56,-0.13
-0.11,0.56,-0.15
-0.1,0.56,-0.17
-0.08,0.56,-0.18
-0.05,0.56,-0.2
-0.03,0.56,-0.21
0.0,0.56,-0.22
0.03,0.56,-0.22
0.06,0.56,-0.22
0.09,0.56,-0.22
0.12,0.56,-0.21
0.15,0.56,-0.19
0.18,0.56,-0.17
0.2,0.56,-0.15
0.22,0.56,-0.12
0.23,0.56,-0.09
0.24,0.56,-0.06
0.24,0.56,-0.03
0.25,0.54,-0.0
0.27,0.54,0.04
0.28,0.54,0.07
0.28,0.54,0.12
0.27,0.54,0.16
0.26,0.54,0.2
0.23,0.54,0.23
0.2,0.54,0.26
0.16,0.54,0.28
0.12,0.54,0.3
0.08,0.54,0.3
0.04,0.54,0.3
-0.0,0.54,0.28
-0.04,0.54,0.26
-0.06,0.54,0.24
-0.09,0.54,0.21
-0.1,0.54,0.18
-0.11,0.54,0.15
-0.12,0.54,0.12
-0.12,0.54,0.09
-0.13,0.54,0.08
-0.14,0.54,0.06
-0.15,0.54,0.04
-0.15,0.54,0.02
-0.16,0.54,-0.0
-0.16,0.54,-0.02
-0.16,0.54,-0.04
-0.15,0.54,-0.06
-0.15,0.54,-0.09
-0.14,0.54,-0.11
-0.13,0.54,-0.13
-0.11,0.54,-0.15
-0.1,0.54,-0.17
-0.08,0.54,-0.18
-0.05,0.54,-0.2
-0.03,0.54,-0.21
0.0,0.54,-0.22
0.03,0.54,-0.22
0.06,0.54,-0.22
0.09,0.54,-0.22
0.12,0.54,-0.21
0.15,0.54,-0.19
0.18,0.54,-0.17
0.2,0.54,-0.15
0.22,0.54,-0.12
0.23,0.54,-0.09
0.24,0.54,-0.06
0.24,0.54,-0.03
0.25,0.52,0.0
0.27,0.52,0.04
0.28,0.52,0.07
0.28,0.52,0.12
0.27,0.52,0.16
0.25,0.52,0.2
0.23,0.52,0.23
0.2,0.52,0.26
0.16,0.52,0.28
0.12,0.52,0.29
0.08,0.52,0.3
0.04,0.52,0.29
-0.0,0.52,0.28
-0.03,0.52,0.26
-0.06,0.52,0.24
-0.09,0.52,0.21
-0.1,0.52,0.18
-0.12,0.52,0.15
-0.12,0.52,0.12
-0.12,0.52,0.09
-0.13,0.52,0.08
-0.14,0.52,0.06
-0.15,0.52,0.04
-0.15,0.52,0.02
-0.16,0.52,-0.0
-0.16,0.52,-0.02
-0.16,0.52,-0.04
-0.15,0.52,-0.06
-0.15,0.52,-0.09
-0.14,0.52,-0.11
-0.13,0.52,-0.13
-0.11,0.52,-0.15
-0.1,0.52,-0.17
-0.08,0.52,-0.18
-0.05,0.52,-0.2
-0.03,0.52,-0.21
0.0,0.52,-0.22
0.03,0.52,-0.22
0.06,0.52,-0.22
0.09,0.52,-0.22
0.12,0.52,-0.21
0.15,0.52,-0.19
0.17,0.52,-0.17
0.2,0.52,-0.15
0.22,0.52,-0.12
0.23,0.52,-0.09
0.24,0.52,-0.06
0.24,0.52,-0.03
0.25,0.5,0.0
0.27,0.5,0.04
0.28,0.5,0.07
0.28,0.5,0.11
0.27,0.5,0.16
0.25,0.5,0.19
0.23,0.5,0.23
0.2,0.5,0.26
0.16,0.5,0.28
0.12,0.5,0.29
0.08,0.5,0.3
0.04,0.5,0.29
-0.0,0.5,0.28
-0.03,0.5,0.26
-0.06,0.5,0.24
-0.09,0.5,0.21
-0.1,0.5,0.18
-0.12,0.5,0.15
-0.12,0.5,0.12
-0.12,0.5,0.09
-0.13,0.5,0.08
-0.14,0.5,0.06
-0.15,0.5,0.04
-0.15,0.5,0.02
-0.16,0.5,-0.0
-0.16,0.5,-0.02
-0.16,0.5,-0.04
-0.15,0.5,-0.06
-0.15,0.5,-0.09
-0.14,0.5,-0.11
-0.13,0.5,-0.13
-0.11,0.5,-0.15
-0.1,0.5,-0.17
-0.08,0.5,-0.18
-0.05,0.5,-0.2
-0.03,0.5,-0.21
0.0,0.5,-0.22
0.03,0.5,-0.22
0.06,0.5,-0.22
0.09,0.5,-0.21
0.12,0.5,-0.21
0.15,0.5,-0.19
0.17,0.5,-0.17
0.2,0.5,-0.15
0.21,0.5,-0.12
0.23,0.5,-0.09
0.24,0.5,-0.06
0.24,0.5,-0.03
0.25,0.48,0.0
0.27,0.48,0.04
0.27,0.48,0.07
0.28,0.48,0.11
0.27,0.48,0.15
0.25,0.48,0.19
0.23,0.48,0.23
0.2,0.48,0.26
0.16,0.48,0.28
0.12,0.48,0.29
0.08,0.48,0.3
0.04,0.48,0.29
-0.0,0.48,0.28
-0.03,0.48,0.26
-0.06,0.48,0.24
-0.09,0.48,0.21
-0.11,0.48,0.18
-0.12,0.48,0.15
-0.12,0.48,0.12
-0.13,0.48,0.1
-0.13,0.48,0.08
-0.14,0.48,0.06
-0.15,0.48,0.04
-0.16,0.48,0.02
-0.16,0.48,-0.0
-0.16,0.48,-0.02
-0.16,0.48,-0.04
-0.15,0.48,-0.06
-0.15,0.48,-0.09
-0.14,0.48,-0.11
-0.13,0.48,-0.13
-0.11,0.48,-0.15
-0.1,0.48,-0.17
-0.07,0.48,-0.18
-0.05,0.48,-0.2
-0.03,0.48,-0.21
0.0,0.48,-0.22
0.03,0.48,-0.22
0.06,0.48,-0.22
0.09,0.48,-0.21
0.12,0.48,-0.2
0.15,0.48,-0.19
0.17,0.48,-0.17
0.19,0.48,-0.15
0.21,0.48,-0.12
0.23,0.48,-0.09
0.24,0.48,-0.06
0.24,0.48,-0.03
0.25,0.46,0.0
0.27,0.46,0.03
0.27,0.46,0.07
0.27,0.46,0.11
0.27,0.46,0.15
0.25,0.46,0.19
0.23,0.46,0.23
0.19,0.46,0.25
0.16,0.46,0.28
0.12,0.46,0.29
0.08,0.46,0.29
0.04,0.46,0.29
-0.0,0.46,0.28
-0.03,0.46,0.26
-0.06,0.46,0.24
-0.09,0.46,0.21
-0.11,0.46,0.18
-0.12,0.46,0.15
-0.12,0.46,0.12
-0.13,0.46,0.1
-0.14,0.46,0.08
-0.14,0.46,0.06
-0.15,0.46,0.04
-0.16,0.46,0.02
-0.16,0.46,-0.0
-0.16,0.46,-0.02
-0.16,0.46,-0.04
-0.15,0.46,-0.06
-0.15,0.46,-0.09
-0.14,0.46,-0.11
-0.13,0.46,-0.13
-0.11,0.46,-0.15
-0.09,0.46,-0.17
-0.07,0.46,-0.18
-0.05,0.46,-0.2
-0.03,0.46,-0.21
0.0,0.46,-0.21
0.03,0.46,-0.22
0.06,0.46,-0.22
0.09,0.46,-0.21
0.12,0.46,-0.2
0.15,0.46,-0.19
0.17,0.46,-0.17
0.2,0.46,-0.15
0.22,0.46,-0.12
0.23,0.46,-0.1
0.24,0.46,-0.06
0.25,0.46,-0.03
0.25,0.44,-0.0
0.26,0.44,0.03
0.27,0.44,0.07
0.27,0.44,0.11
0.27,0.44,0.15
0.25,0.44,0.19
0.23,0.44,0.23
0.2,0.44,0.25
0.16,0.44,0.28
0.12,0.44,0.29
0.08,0.44,0.3
0.04,0.44,0.29
-0.0,0.44,0.28
-0.04,0.44,0.26
-0.06,0.44,0.24
-0.09,0.44,0.21
-0.11,0.44,0.18
-0.12,0.44,0.15
-0.12,0.44,0.12
-0.13,0.44,0.1
-0.13,0.44,0.07
-0.14,0.44,0.06
-0.14,0.44,0.04
-0.15,0.44,0.02
-0.15,0.44,-0.0
-0.15,0.44,-0.02
-0.15,0.44,-0.04
-0.14,0.44,-0.06
-0.13,0.44,-0.08
-0.12,0.44,-0.1
-0.11,0.44,-0.11
-0.1,0.44,-0.13
-0.09,0.44,-0.15
-0.07,0.44,-0.17
-0.05,0.44,-0.18
-0.02,0.44,-0.19
0.0,0.44,-0.2
0.03,0.44,-0.21
0.06,0.44,-0.21
0.09,0.44,-0.21
0.12,0.44,-0.2
0.15,0.44,-0.19
0.17,0.44,-0.17
0.2,0.44,-0.15
0.22,0.44,-0.13
0.24,0.44,-0.1
0.25,0.44,-0.07
0.26,0.44,-0.03
0.26,0.42,0.0
0.26,0.42,0.03
0.27,0.42,0.07
0.27,0.42,0.11
0.26,0.42,0.15
0.25,0.42,0.19
0.23,0.42,0.23
0.2,0.42,0.25
0.16,0.42,0.28
0.12,0.42,0.29
0.08,0.42,0.3
0.04,0.42,0.29
-0.0,0.42,0.28
-0.04,0.42,0.26
-0.06,0.42,0.24
-0.09,0.42,0.21
-0.11,0.42,0.18
-0.12,0.42,0.15
-0.12,0.42,0.12
-0.12,0.42,0.09
-0.13,0.42,0.07
-0.13,0.42,0.05
-0.14,0.42,0.04
-0.14,0.42,0.02
-0.14,0.42,-0.0
-0.14,0.42,-0.02
-0.14,0.42,-0.04
-0.13,0.42,-0.06
-0.13,0.42,-0.07
-0.12,0.42,-0.09
-0.11,0.42,-0.11
-0.1,0.42,-0.13
-0.08,0.42,-0.15
-0.07,0.42,-0.16
-0.05,0.42,-0.18
-0.02,0.42,-0.19
0.0,0.42,-0.2
0.03,0.42,-0.21
0.06,0.42,-0.21
0.09,0.42,-0.21
0.12,0.42,-0.2
0.15,0.42,-0.19
0.18,0.42,-0.17
0.2,0.42,-0.15
0.22,0.42,-0.13
0.24,0.42,-0.1
0.25,0.42,-0.07
0.26,0.42,-0.03
0.26,0.4,0.0
0.26,0.4,0.03
0.27,0.4,0.07
0.27,0.4,0.11
0.26,0.4,0.15
0.24,0.4,0.18
0.22,0.4,0.22
0.19,0.4,0.25
0.15,0.4,0.27
0.12,0.4,0.28
0.08,0.4,0.29
0.04,0.4,0.28
-0.0,0.4,0.27
-0.03,0.4,0.26
-0.06,0.4,0.24
-0.09,0.4,0.21
-0.11,0.4,0.19
-0.12,0.4,0.16
-0.13,0.4,0.13
-0.13,0.4,0.1
-0.13,0.4,0.08
-0.13,0.4,0.05
-0.14,0.4,0.04
-0.14,0.4,0.02
-0.14,0.4,-0.0
-0.14,0.4,-0.02
-0.14,0.4,-0.04
-0.14,0.4,-0.06
-0.13,0.4,-0.08
-0.12,0.4,-0.09
-0.11,0.4,-0.11
-0.1,0.4,-0.13
-0.09,0.4,-0.15
-0.07,0.4,-0.17
-0.05,0.4,-0.18
-0.02,0.4,-0.19
0.0,0.4,-0.2
0.03,0.4,-0.21
0.06,0.4,-0.21
0.09,0.4,-0.21
0.12,0.4,-0.2
0.14,0.4,-0.19
0.17,0.4,-0.17
0.2,0.4,-0.15
0.22,0.4,-0.12
0.23,0.4,-0.1
0.25,0.4,-0.06
0.25,0.4,-0.03
0.25,0.38,-0.0
0.27,0.38,0.03
0.27,0.38,0.07
0.27,0.38,0.11
0.26,0.38,0.15
0.24,0.38,0.19
0.22,0.38,0.22
0.19,0.38,0.25
0.16,0.38,0.27
0.12,0.38,0.28
0.08,0.38,0.29
0.04,0.38,0.29
-0.0,0.38,0.28
-0.03,0.38,0.26
-0.06,0.38,0.24
-0.09,0.38,0.21
-0.11,0.38,0.19
-0.12,0.38,0.16
-0.13,0.38,0.13
-0.13,0.38,0.1
-0.14,0.38,0.08
-0.14,0.38,0.06
-0.15,0.38,0.04
-0.15,0.38,0.02
-0.16,0.38,-0.0
-0.15,0.38,-0.02
-0.15,0.38,-0.04
-0.15,0.38,-0.06
-0.14,0.38,-0.08
-0.14,0.38,-0.11
-0.13,0.38,-0.13
-0.11,0.38,-0.15
-0.09,0.38,-0.16
-0.07,0.38,-0.18
-0.05,0.38,-0.19
-0.03,0.38,-0.2
0.0,0.38,-0.21
0.03,0.38,-0.21
0.06,0.38,-0.21
0.09,0.38,-0.21
0.12,0.38,-0.2
0.14,0.38,-0.18
0.17,0.38,-0.17
0.19,0.38,-0.14
0.21,0.38,-0.12
0.22,0.38,-0.09
0.23,0.38,-0.06
0.24,0.38,-0.03
0.25,0.36,0.0
0.26,0.36,0.03
0.27,0.36,0.07
0.27,0.36,0.11
0.26,0.36,0.15
0.24,0.36,0.19
0.22,0.36,0.22
0.19,0.36,0.25
0.15,0.36,0.27
0.12,0.36,0.28
0.08,0.36,0.29
0.04,0.36,0.29
-0.0,0.36,0.28
-0.03,0.36,0.26
-0.06,0.36,0.24
-0.09,0.36,0.21
-0.11,0.36,0.19
-0.12,0.36,0.16
-0.13,0.36,0.13
-0.13,0.36,0.1
-0.14,0.36,0.08
-0.15,0.36,0.06
-0.16,0.36,0.04
-0.16,0.36,0.02
-0.16,0.36,-0.0
-0.16,0.36,-0.02
-0.16,0.36,-0.04
-0.16,0.36,-0.07
-0.15,0.36,-0.09
-0.14,0.36,-0.11
-0.13,0.36,-0.13
-0.11,0.36,-0.15
-0.09,0.36,-0.16
-0.07,0.36,-0.18
-0.05,0.36,-0.19
-0.03,0.36,-0.2
0.0,0.36,-0.21
0.03,0.36,-0.21
0.06,0.36,-0.21
0.09,0.36,-0.21
0.11,0.36,-0.2
0.14,0.36,-0.18
0.17,0.36,-0.16
0.19,0.36,-0.14
0.21,0.36,-0.12
0.22,0.36,-0.09
0.23,0.36,-0.06
0.24,0.36,-0.03
0.25,0.34,0.0
0.26,0.34,0.03
0.26,0.34,0.07
0.26,0.34,0.11
0.26,0.34,0.15
0.24,0.34,0.18
0.22,0.34,0.22
0.19,0.34,0.24
0.15,0.34,0.27
0.12,0.34,0.28
0.08,0.34,0.29
0.04,0.34,0.28
-0.0,0.34,0.27
-0.03,0.34,0.26
-0.06,0.34,0.24
-0.09,0.34,0.21
-0.11,0.34,0.19
-0.12,0.34,0.16
-0.13,0.34,0.13
-0.14,0.34,0.1
-0.14,0.34,0.08
-0.15,0.34,0.06
-0.16,0.34,0.04
-0.16,0.34,0.02
-0.16,0.34,-0.0
-0.16,0.34,-0.02
-0.16,0.34,-0.04
-0.16,0.34,-0.07
-0.15,0.34,-0.09
-0.14,0.34,-0.11
-0.13,0.34,-0.13
-0.11,0.34,-0.15
-0.09,0.34,-0.16
-0.07,0.34,-0.18
-0.05,0.34,-0.19
-0.03,0.34,-0.2
0.0,0.34,-0.21
0.03,0.34,-0.21
0.06,0.34,-0.21
0.09,0.34,-0.2
0.11,0.34,-0.2
0.14,0.34,-0.18
0.17,0.34,-0.16
0.19,0.34,-0.14
0.21,0.34,-0.12
0.22,0.34,-0.09
0.23,0.34,-0.06
0.23,0.34,-0.03
0.24,0.32,0.0
0.26,0.32,0.03
0.26,0.32,0.07
0.26,0.32,0.11
0.25,0.32,0.15
0.24,0.32,0.18
0.22,0.32,0.22
0.19,0.32,0.24
0.15,0.32,0.26
0.11,0.32,0.28
0.08,0.32,0.28
0.04,0.32,0.28
-0.0,0.32,0.27
-0.03,0.32,0.26
-0.06,0.32,0.24
-0.09,0.32,0.21
-0.11,0.32,0.19
-0.12,0.32,0.16
-0.13,0.32,0.13
-0.14,0.32,0.1
-0.14,0.32,0.08
-0.15,0.32,0.06
-0.16,0.32,0.04
-0.16,0.32,0.02
-0.16,0.32,-0.0
-0.16,0.32,-0.02
-0.16,0.32,-0.04
-0.16,0.32,-0.07
-0.15,0.32,-0.09
-0.14,0.32,-0.11
-0.13,0.32,-0.13
-0.11,0.32,-0.15
-0.09,0.32,-0.16
-0.07,0.32,-0.18
-0.05,0.32,-0.19
-0.03,0.32,-0.2
0.0,0.32,-0.21
0.03,0.32,-0.21
0.06,0.32,-0.21
0.09,0.32,-0.2
0.11,0.32,-0.19
0.14,0.32,-0.18
0.16,0.32,-0.16
0.19,0.32,-0.14
0.2,0.32,-0.12
0.22,0.32,-0.09
0.23,0.32,-0.06
0.23,0.32,-0.03
0.24,0.3,0.0
0.26,0.3,0.03
0.26,0.3,0.07
0.26,0.3,0.11
0.25,0.3,0.15
0.24,0.3,0.18
0.21,0.3,0.21
0.18,0.3,0.24
0.15,0.3,0.26
0.11,0.3,0.28
0.08,0.3,0.28
0.04,0.3,0.28
-0.0,0.3,0.27
-0.03,0.3,0.26
-0.06,0.3,0.24
-0.09,0.3,0.21
-0.11,0.3,0.19
-0.12,0.3,0.16
-0.13,0.3,0.13
-0.14,0.3,0.11
-0.14,0.3,0.08
-0.15,0.3,0.06
-0.16,0.3,0.04
-0.16,0.3,0.02
-0.17,0.3,-0.0
-0.17,0.3,-0.02
-0.16,0.3,-0.04
-0.16,0.3,-0.07
-0.15,0.3,-0.09
-0.14,0.3,-0.11
-0.13,0.3,-0.13
-0.11,0.3,-0.15
-0.09,0.3,-0.16
-0.07,0.3,-0.18
-0.05,0.3,-0.19
-0.03,0.3,-0.2
0.0,0.3,-0.21
0.03,0.3,-0.21
0.06,0.3,-0.21
0.08,0.3,-0.2
0.11,0.3,-0.19
0.14,0.3,-0.18
0.16,0.3,-0.16
0.18,0.3,-0.14
0.2,0.3,-0.12
0.22,0.3,-0.09
0.23,0.3,-0.06
0.23,0.3,-0.03
0.24,0.28,0.0
0.25,0.28,0.03
0.26,0.28,0.07
0.26,0.28,0.11
0.25,0.28,0.14
0.23,0.28,0.18
0.21,0.28,0.21
0.18,0.28,0.24
0.15,0.28,0.26
0.11,0.28,0.27
0.08,0.28,0.28
0.04,0.28,0.28
-0.0,0.28,0.27
-0.03,0.28,0.26
-0.06,0.28,0.24
-0.09,0.28,0.21
-0.11,0.28,0.19
-0.12,0.28,0.16
-0.13,0.28,0.13
-0.14,0.28,0.11
-0.15,0.28,0.08
-0.15,0.28,0.06
-0.16,0.28,0.04
-0.16,0.28,0.02
-0.17,0.28,-0.0
-0.17,0.28,-0.02
-0.16,0.28,-0.04
-0.16,0.28,-0.07
-0.15,0.28,-0.09
-0.14,0.28,-0.11
-0.13,0.28,-0.13
-0.11,0.28,-0.15
-0.09,0.28,-0.16
-0.07,0.28,-0.18
-0.05,0.28,-0.19
-0.03,0.28,-0.2
0.0,0.28,-0.2
0.03,0.28,-0.21
0.06,0.28,-0.21
0.08,0.28,-0.2
0.11,0.28,-0.19
0.14,0.28,-0.18
0.16,0.28,-0.16
0.18,0.28,-0.14
0.2,0.28,-0.12
0.22,0.28,-0.09
0.23,0.28,-0.06
0.23,0.28,-0.03
0.24,0.26,0.0
0.25,0.26,0.03
0.26,0.26,0.07
0.26,0.26,0.11
0.25,0.26,0.14
0.23,0.26,0.18
0.21,0.26,0.21
0.18,0.26,0.24
0.15,0.26,0.26
0.11,0.26,0.27
0.07,0.26,0.28
0.04,0.26,0.28
-0.0,0.26,0.27
-0.03,0.26,0.26
-0.06,0.26,0.24
-0.09,0.26,0.21
-0.11,0.26,0.19
-0.12,0.26,0.16
-0.13,0.26,0.13
-0.14,0.26,0.11
-0.15,0.26,0.08
-0.16,0.26,0.06
-0.16,0.26,0.04
-0.17,0.26,0.02
-0.17,0.26,-0.0
-0.17,0.26,-0.02
-0.16,0.26,-0.04
-0.16,0.26,-0.07
-0.15,0.26,-0.09
-0.14,0.26,-0.11
-0.13,0.26,-0.13
-0.11,0.26,-0.15
-0.09,0.26,-0.16
-0.07,0.26,-0.18
-0.05,0.26,-0.19
-0.03,0.26,-0.2
0.0,0.26,-0.2
0.03,0.26,-0.21
0.06,0.26,-0.21
0.08,0.26,-0.2
0.11,0.26,-0.19
0.14,0.26,-0.18
0.16,0.26,-0.16
0.18,0.26,-0.14
0.2,0.26,-0.11
0.22,0.26,-0.09
0.23,0.26,-0.06
0.23,0.26,-0.03
0.24,0.24,0.0
0.25,0.24,0.03
0.26,0.24,0.07
0.26,0.24,0.11
0.25,0.24,0.14
0.23,0.24,0.18
0.21,0.24,0.21
0.18,0.24,0.24
0.15,0.24,0.26
0.11,0.24,0.27
0.07,0.24,0.28
0.04,0.24,0.28
-0.0,0.24,0.27
-0.03,0.24,0.26
-0.06,0.24,0.24
-0.09,0.24,0.21
-0.11,0.24,0.19
-0.12,0.24,0.16
-0.14,0.24,0.13
-0.14,0.24,0.11
-0.15,0.24,0.08
-0.16,0.24,0.06
-0.16,0.24,0.04
-0.17,0.24,0.02
-0.17,0.24,-0.0
-0.17,0.24,-0.02
-0.16,0.24,-0.04
-0.16,0.24,-0.07
-0.15,0.24,-0.09
-0.14,0.24,-0.11
-0.13,0.24,-0.13
-0.11,0.24,-0.15
-0.09,0.24,-0.16
-0.07,0.24,-0.18
-0.05,0.24,-0.19
-0.03,0.24,-0.2
0.0,0.24,-0.2
0.03,0.24,-0.21
0.06,0.24,-0.2
0.08,0.24,-0.2
0.11,0.24,-0.19
0.14,0.24,-0.18
0.16,0.24,-0.16
0.18,0.24,-0.14
0.2,0.24,-0.11
0.21,0.24,-0.09
0.22,0.24,-0.06
0.23,0.24,-0.03
0.24,0.22,0.0
0.25,0.22,0.03
0.26,0.22,0.07
0.25,0.22,0.11
0.25,0.22,0.14
0.23,0.22,0.18
0.21,0.22,0.21
0.18,0.22,0.23
0.15,0.22,0.26
0.11,0.22,0.27
0.07,0.22,0.28
0.04,0.22,0.28
-0.0,0.22,0.27
-0.03,0.22,0.26
-0.06,0.22,0.24
-0.09,0.22,0.22
-0.11,0.22,0.19
-0.13,0.22,0.16
-0.14,0.22,0.14
-0.14,0.22,0.11
-0.15,0.22,0.09
-0.16,0.22,0.06
-0.16,0.22,0.04
-0.17,0.22,0.02
-0.17,0.22,-0.0
-0.17,0.22,-0.02
-0.16,0.22,-0.04
-0.16,0.22,-0.07
-0.15,0.22,-0.09
-0.14,0.22,-0.11
-0.13,0.22,-0.13
-0.11,0.22,-0.14
-0.09,0.22,-0.16
-0.07,0.22,-0.18
-0.05,0.22,-0.19
-0.03,0.22,-0.2
0.0,0.22,-0.2
0.03,0.22,-0.2
0.06,0.22,-0.2
0.08,0.22,-0.2
0.11,0.22,-0.19
0.14,0.22,-0.17
0.16,0.22,-0.16
0.18,0.22,-0.14
0.2,0.22,-0.11
0.21,0.22,-0.09
0.22,0.22,-0.06
0.23,0.22,-0.03
0.24,0.2,0.0
0.25,0.2,0.03
0.25,0.2,0.07
0.25,0.2,0.1
0.24,0.2,0.14
0.23,0.2,0.18
0.21,0.2,0.21
0.18,0.2,0.23
0.15,0.2,0.25
0.11,0.2,0.27
0.07,0.2,0.27
0.04,0.2,0.27
-0.0,0.2,0.27
-0.03,0.2,0.26
-0.06,0.2,0.24
-0.09,0.2,0.22
-0.11,0.2,0.19
-0.13,0.2,0.16
-0.14,0.2,0.14
-0.14,0.2,0.11
-0.15,0.2,0.09
-0.16,0.2,0.07
-0.16,0.2,0.04
-0.17,0.2,0.02
-0.17,0.2,-0.0
-0.17,0.2,-0.02
-0.16,0.2,-0.04
-0.16,0.2,-0.07
-0.15,0.2,-0.09
-0.14,0.2,-0.11
-0.13,0.2,-0.13
-0.11,0.2,-0.14
-0.09,0.2,-0.16
-0.07,0.2,-0.17
-0.05,0.2,-0.19
-0.02,0.2,-0.19
0.0,0.2,-0.2
0.03,0.2,-0.2
0.05,0.2,-0.2
0.08,0.2,-0.2
0.11,0.2,-0.19
0.13,0.2,-0.17
0.16,0.2,-0.16
0.18,0.2,-0.14
0.2,0.2,-0.11
0.21,0.2,-0.09
0.22,0.2,-0.06
0.23,0.2,-0.03
0.24,0.18,0.0
0.25,0.18,0.03
0.25,0.18,0.07
0.25,0.18,0.1
0.24,0.18,0.14
0.23,0.18,0.17
0.2,0.18,0.2
0.18,0.18,0.23
0.15,0.18,0.25
0.11,0.18,0.27
0.07,0.18,0.27
0.04,0.18,0.27
-0.0,0.18,0.27
-0.03,0.18,0.25
-0.06,0.18,0.24
-0.09,0.18,0.22
-0.11,0.18,0.19
-0.13,0.18,0.16
-0.14,0.18,0.14
-0.15,0.18,0.11
-0.15,0.18,0.09
-0.16,0.18,0.07
-0.17,0.18,0.04
-0.17,0.18,0.02
-0.17,0.18,-0.0
-0.17,0.18,-0.02
-0.17,0.18,-0.04
-0.16,0.18,-0.07
-0.15,0.18,-0.09
-0.14,0.18,-0.11
-0.13,0.18,-0.13
-0.11,0.18,-0.14
-0.09,0.18,-0.16
-0.07,0.18,-0.17
-0.05,0.18,-0.19
-0.02,0.18,-0.19
0.0,0.18,-0.2
0.03,0.18,-0.2
0.05,0.18,-0.2
0.08,0.18,-0.19
0.11,0.18,-0.19
0.13,0.18,-0.17
0.16,0.18,-0.16
0.18,0.18,-0.14
0.2,0.18,-0.11
0.21,0.18,-0.09
0.22,0.18,-0.06
0.23,0.18,-0.03
0.24,0.16,0.0
0.25,0.16,0.03
0.25,0.16,0.07
0.25,0.16,0.1
0.24,0.16,0.14
0.22,0.16,0.17
0.2,0.16,0.2
0.18,0.16,0.23
0.14,0.16,0.25
0.11,0.16,0.26
0.07,0.16,0.27
0.04,0.16,0.27
-0.0,0.16,0.27
-0.03,0.16,0.25
-0.06,0.16,0.24
-0.09,0.16,0.22
-0.11,0.16,0.19
-0.13,0.16,0.17
-0.14,0.16,0.14
-0.15,0.16,0.11
-0.15,0.16,0.09
-0.16,0.16,0.07
-0.17,0.16,0.04
-0.17,0.16,0.02
-0.17,0.16,-0.0
-0.17,0.16,-0.02
-0.17,0.16,-0.04
-0.16,0.16,-0.07
-0.15,0.16,-0.09
-0.14,0.16,-0.11
-0.13,0.16,-0.13
-0.11,0.16,-0.14
-0.09,0.16,-0.16
-0.07,0.16,-0.17
-0.05,0.16,-0.18
-0.02,0.16,-0.19
0.0,0.16,-0.2
0.03,0.16,-0.2
0.05,0.16,-0.2
0.08,0.16,-0.19
0.11,0.16,-0.18
0.13,0.16,-0.17
0.16,0.16,-0.15
0.18,0.16,-0.13
0.2,0.16,-0.11
0.21,0.16,-0.09
0.22,0.16,-0.06
0.23,0.16,-0.03
0.24,0.14,0.0
0.25,0.14,0.03
0.25,0.14,0.07
0.25,0.14,0.1
0.24,0.14,0.14
0.22,0.14,0.17
0.2,0.14,0.2
0.17,0.14,0.23
0.14,0.14,0.25
0.11,0.14,0.26
0.07,0.14,0.27
0.04,0.14,0.27
-0.0,0.14,0.27
-0.03,0.14,0.25
-0.06,0.14,0.24
-0.09,0.14,0.22
-0.11,0.14,0.19
-0.13,0.14,0.17
-0.14,0.14,0.14
-0.15,0.14,0.11
-0.15,0.14,0.09
-0.16,0.14,0.07
-0.17,0.14,0.04
-0.17,0.14,0.02
-0.17,0.14,-0.0
-0.17,0.14,-0.02
-0.17,0.14,-0.05
-0.16,0.14,-0.07
-0.15,0.14,-0.09
-0.14,0.14,-0.11
-0.13,0.14,-0.13
-0.11,0.14,-0.14
-0.09,0.14,-0.16
-0.07,0.14,-0.17
-0.05,0.14,-0.18
-0.02,0.14,-0.19
0.0,0.14,-0.2
0.03,0.14,-0.2
0.05,0.14,-0.2
0.08,0.14,-0.19
0.11,0.14,-0.18
0.13,0.14,-0.17
0.16,0.14,-0.15
0.18,0.14,-0.13
0.19,0.14,-0.11
0.21,0.14,-0.09
0.22,0.14,-0.06
0.23,0.14,-0.03
0.24,0.12,0.0
0.24,0.12,0.03
0.25,0.12,0.07
0.25,0.12,0.1
0.24,0.12,0.14
0.22,0.12,0.17
0.2,0.12,0.2
0.17,0.12,0.23
0.14,0.12,0.25
0.11,0.12,0.26
0.07,0.12,0.27
0.04,0.12,0.27
-0.0,0.12,0.26
-0.03,0.12,0.25
-0.06,0.12,0.24
-0.09,0.12,0.22
-0.11,0.12,0.19
-0.13,0.12,0.17
-0.14,0.12,0.14
-0.15,0.12,0.11
-0.15,0.12,0.09
-0.16,0.12,0.07
-0.17,0.12,0.04
-0.17,0.12,0.02
-0.17,0.12,-0.0
-0.17,0.12,-0.02
-0.17,0.12,-0.05
-0.16,0.12,-0.07
-0.15,0.12,-0.09
-0.14,0.12,-0.11
-0.13,0.12,-0.13
-0.11,0.12,-0.14
-0.09,0.12,-0.16
-0.07,0.12,-0.17
-0.05,0.12,-0.18
-0.02,0.12,-0.19
0.0,0.12,-0.2
0.03,0.12,-0.2
0.05,0.12,-0.2
0.08,0.12,-0.19
0.11,0.12,-0.18
0.13,0.12,-0.17
0.15,0.12,-0.15
0.18,0.12,-0.13
0.19,0.12,-0.11
0.21,0.12,-0.08
0.22,0.12,-0.06
0.23,0.12,-0.03
0.23,0.1,-0.0
0.24,0.1,0.03
0.25,0.1,0.07
0.24,0.1,0.1
0.23,0.1,0.14
0.22,0.1,0.17
0.2,0.1,0.2
0.17,0.1,0.22
0.14,0.1,0.25
0.11,0.1,0.26
0.07,0.1,0.27
0.04,0.1,0.27
-0.0,0.1,0.26
-0.03,0.1,0.25
-0.06,0.1,0.24
-0.09,0.1,0.21
-0.11,0.1,0.19
-0.13,0.1,0.17
-0.14,0.1,0.14
-0.15,0.1,0.11
-0.15,0.1,0.09
-0.16,0.1,0.07
-0.17,0.1,0.04
-0.17,0.1,0.02
-0.17,0.1,-0.0
-0.17,0.1,-0.02
-0.17,0.1,-0.04
-0.16,0.1,-0.07
-0.15,0.1,-0.09
-0.14,0.1,-0.11
-0.12,0.1,-0.13
-0.11,0.1,-0.14
-0.09,0.1,-0.16
-0.07,0.1,-0.17
-0.05,0.1,-0.18
-0.02,0.1,-0.19
0.0,0.1,-0.19
0.03,0.1,-0.19
0.05,0.1,-0.19
0.08,0.1,-0.19
0.1,0.1,-0.18
0.13,0.1,-0.17
0.15,0.1,-0.15
0.17,0.1,-0.13
0.19,0.1,-0.11
0.2,0.1,-0.08
0.22,0.1,-0.06
0.22,0.1,-0.03
0.23,0.08,0.0
0.24,0.08,0.03
0.24,0.08,0.06
0.24,0.08,0.1
0.23,0.08,0.13
0.22,0.08,0.17
0.19,0.08,0.2
0.17,0.08,0.22
0.14,0.08,0.24
0.11,0.08,0.26
0.07,0.08,0.26
0.03,0.08,0.26
-0.0,0.08,0.26
-0.03,0.08,0.25
-0.06,0.08,0.23
-0.09,0.08,0.21
-0.11,0.08,0.19
-0.13,0.08,0.16
-0.14,0.08,0.14
-0.15,0.08,0.11
-0.15,0.08,0.09
-0.16,0.08,0.06
-0.16,0.08,0.04
-0.17,0.08,0.02
-0.17,0.08,-0.0
-0.16,0.08,-0.02
-0.16,0.08,-0.04
-0.15,0.08,-0.06
-0.15,0.08,-0.08
-0.13,0.08,-0.1
-0.12,0.08,-0.12
-0.11,0.08,-0.14
-0.09,0.08,-0.15
-0.07,0.08,-0.17
-0.05,0.08,-0.18
-0.02,0.08,-0.18
0.0,0.08,-0.19
0.03,0.08,-0.19
0.05,0.08,-0.19
0.08,0.08,-0.18
0.1,0.08,-0.17
0.13,0.08,-0.16
0.15,0.08,-0.15
0.17,0.08,-0.13
0.19,0.08,-0.11
0.2,0.08,-0.08
0.21,0.08,-0.06
0.22,0.08,-0.03
0.22,0.06,0.0
0.23,0.06,0.03
0.24,0.06,0.06
0.24,0.06,0.1
0.23,0.06,0.13
0.21,0.06,0.16
0.19,0.06,0.19
0.17,0.06,0.22
0.14,0.06,0.24
0.1,0.06,0.25
0.07,0.06,0.26
0.03,0.06,0.26
-0.0,0.06,0.25
-0.03,0.06,0.24
-0.06,0.06,0.23
-0.09,0.06,0.2
-0.11,0.06,0.18
-0.12,0.06,0.16
-0.13,0.06,0.13
-0.14,0.06,0.11
-0.14,0.06,0.08
-0.15,0.06,0.06
-0.16,0.06,0.04
-0.16,0.06,0.02
-0.16,0.06,-0.0
-0.16,0.06,-0.02
-0.15,0.06,-0.04
-0.15,0.06,-0.06
-0.14,0.06,-0.08
-0.13,0.06,-0.1
-0.12,0.06,-0.12
-0.1,0.06,-0.13
-0.08,0.06,-0.15
-0.07,0.06,-0.16
-0.05,0.06,-0.17
-0.02,0.06,-0.18
0.0,0.06,-0.18
0.03,0.06,-0.19
0.05,0.06,-0.18
0.08,0.06,-0.18
0.1,0.06,-0.17
0.12,0.06,-0.16
0.15,0.06,-0.15
0.17,0.06,-0.13
0.18,0.06,-0.1
0.2,0.06,-0.08
0.21,0.06,-0.05
0.21,0.06,-0.03
0.22,0.04,0.0
0.23,0.04,0.03
0.23,0.04,0.06
0.23,0.04,0.09
0.22,0.04,0.13
0.21,0.04,0.16
0.19,0.04,0.19
0.16,0.04,0.21
0.13,0.04,0.23
0.1,0.04,0.24
0.07,0.04,0.25
0.03,0.04,0.25
-0.0,0.04,0.25
-0.03,0.04,0.23
-0.06,0.04,0.22
-0.08,0.04,0.2
-0.1,0.04,0.18
-0.12,0.04,0.15
-0.13,0.04,0.13
-0.13,0.04,0.1
-0.14,0.04,0.08
-0.14,0.04,0.06
-0.15,0.04,0.04
-0.15,0.04,0.02
-0.15,0.04,-0.0
-0.15,0.04,-0.02
-0.15,0.04,-0.04
-0.14,0.04,-0.06
-0.13,0.04,-0.08
-0.12,0.04,-0.1
-0.11,0.04,-0.11
-0.1,0.04,-0.13
-0.08,0.04,-0.14
-0.06,0.04,-0.15
-0.04,0.04,-0.16
-0.02,0.04,-0.17
0.0,0.04,-0.18
0.02,0.04,-0.18
0.05,0.04,-0.18
0.07,0.04,-0.17
0.1,0.04,-0.16
0.12,0.04,-0.15
0.14,0.04,-0.14
0.16,0.04,-0.12
0.18,0.04,-0.1
0.19,0.04,-0.08
0.2,0.04,-0.05
0.21,0.04,-0.03
0.21,0.02,0.0
0.21,0.02,0.03
0.22,0.02,0.06
0.22,0.02,0.09
0.21,0.02,0.12
0.2,0.02,0.15
0.18,0.02,0.18
0.16,0.02,0.2
0.13,0.02,0.22
0.1,0.02,0.23
0.06,0.02,0.24
0.03,0.02,0.24
-0.0,0.02,0.24
-0.03,0.02,0.22
-0.06,0.02,0.21
-0.08,0.02,0.19
-0.1,0.02,0.17
-0.11,0.02,0.14
-0.12,0.02,0.12
-0.12,0.02,0.09
-0.13,0.02,0.07
-0.13,0.02,0.05
-0.14,0.02,0.04
-0.14,0.02,0.02
-0.14,0.02,-0.0
-0.14,0.02,-0.02
-0.14,0.02,-0.04
-0.13,0.02,-0.06
-0.12,0.02,-0.07
-0.12,0.02,-0.09
-0.1,0.02,-0.1
-0.09,0.02,-0.12
-0.08,0.02,-0.13
-0.06,0.02,-0.14
-0.04,0.02,-0.15
-0.02,0.02,-0.16
0.0,0.02,-0.17
0.02,0.02,-0.17
0.05,0.02,-0.17
0.07,0.02,-0.16
0.09,0.02,-0.16
0.11,0.02,-0.15
0.13,0.02,-0.13
0.15,0.02,-0.11
0.17,0.02,-0.1
0.18,0.02,-0.07
