-4.96,2.3,-0.65
-4.83,2.3,-1.3
-4.62,2.3,-1.91
-4.33,2.3,-2.5
-3.97,2.3,-3.05
-3.53,2.3,-3.54
-3.04,2.3,-3.97
-2.5,2.3,-4.33
-1.91,2.3,-4.62
-1.29,2.3,-4.83
-0.65,2.3,-4.96
0.01,2.3,-5.0
0.66,2.3,-4.96
1.3,2.3,-4.83
1.92,2.3,-4.62
2.51,2.3,-4.33
3.05,2.3,-3.96
3.54,2.3,-3.53
3.97,2.3,-3.04
4.34,2.3,-2.49
4.62,2.3,-1.9
4.83,2.3,-1.28
4.96,2.3,-0.64
5.0,2.3,0.01
4.96,2.3,0.67
4.83,2.3,1.31
4.61,2.3,1.93
4.32,2.3,2.51
3.96,2.3,3.06
3.52,2.3,3.55
3.03,2.3,3.98
2.49,2.3,4.34
1.9,2.3,4.63
1.28,2.3,4.83
0.64,2.3,4.96
-0.02,2.3,5.0
-0.67,2.3,4.95
-1.31,2.3,4.82
-1.93,2.3,4.61
-2.52,2.3,4.32
-3.06,2.3,3.95
-3.55,2.3,3.52
-3.98,2.3,3.03
-4.34,2.3,2.48
-4.63,2.3,1.89
-4.84,2.3,1.27
-4.96,2.3,0.63
-5.0,2.28,0.0
-4.96,2.28,-0.65
-4.83,2.28,-1.3
-4.62,2.28,-1.91
-4.33,2.28,-2.5
-3.97,2.28,-3.05
-3.53,2.28,-3.54
-3.04,2.28,-3.97
-2.5,2.28,-4.33
-1.91,2.28,-4.62
-1.29,2.28,-4.83
-0.65,2.28,-4.96
0.01,2.28,-5.0
0.66,2.28,-4.96
1.3,2.28,-4.83
1.92,2.28,-4.62
2.51,2.28,-4.33
3.05,2.28,-3.96
3.54,2.28,-3.53
3.97,2.28,-3.04
4.34,2.28,-2.49
4.62,2.28,-1.9
4.83,2.28,-1.28
4.96,2.28,-0.64
5.0,2.28,0.01
4.96,2.28,0.67
4.83,2.28,1.31
4.61,2.28,1.93
4.32,2.28,2.51
3.96,2.28,3.06
3.52,2.28,3.55
3.03,2.28,3.98
2.49,2.28,4.34
1.9,2.28,4.63
1.28,2.28,4.83
0.64,2.28,4.96
-0.02,2.28,5.0
-0.67,2.28,4.95
-1.31,2.28,4.82
-1.93,2.28,4.61
-2.52,2.28,4.32
-3.06,2.28,3.95
-3.55,2.28,3.52
-3.98,2.28,3.03
-4.34,2.28,2.48
-4.63,2.28,1.89
-4.84,2.28,1.27
-4.96,2.28,0.63
-5.0,2.26,0.0
-4.96,2.26,-0.65
-4.83,2.26,-1.3
-4.62,2.26,-1.91
-4.33,2.26,-2.5
-3.97,2.26,-3.05
-3.53,2.26,-3.54
-3.04,2.26,-3.97
-2.5,2.26,-4.33
-1.91,2.26,-4.62
-1.29,2.26,-4.83
-0.65,2.26,-4.96
0.01,2.26,-5.0
0.66,2.26,-4.96
1.3,2.26,-4.83
1.92,2.26,-4.62
2.51,2.26,-4.33
3.05,2.26,-3.96
3.54,2.26,-3.53
3.97,2.26,-3.04
4.34,2.26,-2.49
4.62,2.26,-1.9
4.83,2.26,-1.28
4.96,2.26,-0.64
5.0,2.26,0.01
4.96,2.26,0.67
4.83,2.26,1.31
4.61,2.26,1.93
4.32,2.26,2.51
3.96,2.26,3.06
3.52,2.26,3.55
3.03,2.26,3.98
2.49,2.26,4.34
1.9,2.26,4.63
1.28,2.26,4.83
0.64,2.26,4.96
-0.02,2.26,5.0
-0.67,2.26,4.95
-1.31,2.26,4.82
-1.93,2.26,4.61
-2.52,2.26,4.32
-3.06,2.26,3.95
-3.55,2.26,3.52
-3.98,2.26,3.03
-4.34,2.26,2.48
-4.63,2.26,1.89
-4.84,2.26,1.27
-4.96,2.26,0.63
-5.0,2.23,0.0
-4.96,2.23,-0.65
-4.83,2.23,-1.3
-4.62,2.23,-1.91
-4.33,2.23,-2.5
-3.97,2.23,-3.05
-3.53,2.23,-3.54
-3.04,2.23,-3.97
-2.5,2.23,-4.33
-1.91,2.23,-4.62
-1.29,2.23,-4.83
-0.65,2.23,-4.96
0.01,2.23,-5.0
0.66,2.23,-4.96
1.3,2.23,-4.83
1.92,2.23,-4.62
2.51,2.23,-4.33
3.05,2.23,-3.96
3.54,2.23,-3.53
3.97,2.23,-3.04
4.34,2.23,-2.49
4.62,2.23,-1.9
4.83,2.23,-1.28
4.96,2.23,-0.64
5.0,2.23,0.01
4.96,2.23,0.67
4.83,2.23,1.31
4.61,2.23,1.93
4.32,2.23,2.51
3.96,2.23,3.06
3.52,2.23,3.55
3.03,2.23,3.98
2.49,2.23,4.34
1.9,2.23,4.63
1.28,2.23,4.83
0.64,2.23,4.96
-0.02,2.23,5.0
-0.67,2.23,4.95
-1.31,2.23,4.82
-1.93,2.23,4.61
-2.52,2.23,4.32
-3.06,2.23,3.95
-3.55,2.23,3.52
-3.98,2.23,3.03
-4.34,2.23,2.48
-4.63,2.23,1.89
-4.84,2.23,1.27
-4.96,2.23,0.63
-5.0,2.21,0.0
-4.96,2.21,-0.65
-4.83,2.21,-1.3
-4.62,2.21,-1.91
-4.33,2.21,-2.5
-3.97,2.21,-3.05
-3.53,2.21,-3.54
-3.04,2.21,-3.97
-2.5,2.21,-4.33
-1.91,2.21,-4.62
-1.29,2.21,-4.83
-0.65,2.21,-4.96
0.01,2.21,-5.0
0.66,2.21,-4.96
1.3,2.21,-4.83
1.92,2.21,-4.62
2.51,2.21,-4.33
3.05,2.21,-3.96
3.54,2.21,-3.53
3.97,2.21,-3.04
4.34,2.21,-2.49
4.62,2.21,-1.9
4.83,2.21,-1.28
4.96,2.21,-0.64
5.0,2.21,0.01
4.96,2.21,0.67
4.83,2.21,1.31
4.61,2.21,1.93
4.32,2.21,2.51
3.96,2.21,3.06
3.52,2.21,3.55
3.03,2.21,3.98
2.49,2.21,4.34
1.9,2.21,4.63
1.28,2.21,4.83
0.64,2.21,4.96
-0.02,2.21,5.0
-0.67,2.21,4.95
-1.31,2.21,4.82
-1.93,2.21,4.61
-2.52,2.21,4.32
-3.06,2.21,3.95
-3.55,2.21,3.52
-3.98,2.21,3.03
-4.34,2.21,2.48
-4.63,2.21,1.89
-4.84,2.21,1.27
-4.96,2.21,0.63
-5.0,2.19,0.0
-4.96,2.19,-0.65
-4.83,2.19,-1.3
-4.62,2.19,-1.91
-4.33,2.19,-2.5
-3.97,2.19,-3.05
-3.53,2.19,-3.54
-3.04,2.19,-3.97
0.21,2.19,0.36
0.17,2.19,0.41
-1.29,2.19,-4.83
-0.65,2.19,-4.96
0.01,2.19,-5.0
0.66,2.19,-4.96
1.3,2.19,-4.83
1.92,2.19,-4.62
2.51,2.19,-4.33
3.05,2.19,-3.96
3.54,2.19,-3.53
3.97,2.19,-3.04
4.34,2.19,-2.49
4.62,2.19,-1.9
4.83,2.19,-1.28
4.96,2.19,-0.64
5.0,2.19,0.01
4.96,2.19,0.67
4.83,2.19,1.31
4.61,2.19,1.93
4.32,2.19,2.51
3.96,2.19,3.06
3.52,2.19,3.55
3.03,2.19,3.98
2.49,2.19,4.34
1.9,2.19,4.63
1.28,2.19,4.83
0.64,2.19,4.96
-0.02,2.19,5.0
-0.67,2.19,4.95
-1.31,2.19,4.82
-1.93,2.19,4.61
-2.52,2.19,4.32
-3.06,2.19,3.95
-3.55,2.19,3.52
-3.98,2.19,3.03
-4.34,2.19,2.48
-4.63,2.19,1.89
-4.84,2.19,1.27
-4.96,2.19,0.63
-5.0,2.16,0.0
-4.96,2.16,-0.65
-4.83,2.16,-1.3
-4.62,2.16,-1.91
-4.33,2.16,-2.5
-3.97,2.16,-3.05
-3.53,2.16,-3.54
-3.04,2.16,-3.97
0.22,2.16,0.38
0.18,2.16,0.43
0.12,2.16,0.44
-0.65,2.16,-4.96
0.01,2.16,-5.0
0.66,2.16,-4.96
1.3,2.16,-4.83
1.92,2.16,-4.62
2.51,2.16,-4.33
3.05,2.16,-3.96
3.54,2.16,-3.53
3.97,2.16,-3.04
4.34,2.16,-2.49
4.62,2.16,-1.9
4.83,2.16,-1.28
4.96,2.16,-0.64
5.0,2.16,0.01
4.96,2.16,0.67
4.83,2.16,1.31
4.61,2.16,1.93
4.32,2.16,2.51
3.96,2.16,3.06
3.52,2.16,3.55
3.03,2.16,3.98
0.16,2.16,0.27
0.11,2.16,0.28
0.08,2.16,0.3
0.64,2.16,4.96
-0.02,2.16,5.0
-0.67,2.16,4.95
-1.31,2.16,4.82
-1.93,2.16,4.61
-2.52,2.16,4.32
-3.06,2.16,3.95
-3.55,2.16,3.52
-3.98,2.16,3.03
-4.34,2.16,2.48
-4.63,2.16,1.89
-4.84,2.16,1.27
-4.96,2.16,0.63
-5.0,2.14,0.0
-4.96,2.14,-0.65
-4.83,2.14,-1.3
-4.62,2.14,-1.91
-4.33,2.14,-2.5
-3.97,2.14,-3.05
-3.53,2.14,-3.54
0.27,2.14,0.35
0.25,2.14,0.43
0.2,2.14,0.48
0.13,2.14,0.49
0.06,2.14,0.47
0.01,2.14,-5.0
0.66,2.14,-4.96
1.3,2.14,-4.83
1.92,2.14,-4.62
2.51,2.14,-4.33
3.05,2.14,-3.96
3.54,2.14,-3.53
3.97,2.14,-3.04
4.34,2.14,-2.49
4.62,2.14,-1.9
4.83,2.14,-1.28
4.96,2.14,-0.64
5.0,2.14,0.01
4.96,2.14,0.67
4.83,2.14,1.31
4.61,2.14,1.93
4.32,2.14,2.51
3.96,2.14,3.06
3.52,2.14,3.55
0.17,2.14,0.22
0.12,2.14,0.22
0.09,2.14,0.23
0.06,2.14,0.24
0.03,2.14,0.27
-0.02,2.14,5.0
-0.67,2.14,4.95
-1.31,2.14,4.82
-1.93,2.14,4.61
-2.52,2.14,4.32
-3.06,2.14,3.95
-3.55,2.14,3.52
-3.98,2.14,3.03
-4.34,2.14,2.48
-4.63,2.14,1.89
-4.84,2.14,1.27
-4.96,2.14,0.63
-5.0,2.12,0.0
-4.96,2.12,-0.65
-4.83,2.12,-1.3
-4.62,2.12,-1.91
-4.33,2.12,-2.5
-3.97,2.12,-3.05
0.32,2.12,0.32
0.31,2.12,0.41
0.27,2.12,0.47
0.21,2.12,0.51
0.14,2.12,0.52
0.07,2.12,0.5
-0.0,2.12,0.44
0.66,2.12,-4.96
1.3,2.12,-4.83
1.92,2.12,-4.62
2.51,2.12,-4.33
3.05,2.12,-3.96
3.54,2.12,-3.53
3.97,2.12,-3.04
-0.5,2.12,0.29
-0.51,2.12,0.21
4.83,2.12,-1.28
4.96,2.12,-0.64
5.0,2.12,0.01
4.96,2.12,0.67
4.83,2.12,1.31
4.61,2.12,1.93
4.32,2.12,2.51
3.96,2.12,3.06
0.16,2.12,0.16
0.12,2.12,0.16
0.1,2.12,0.17
0.07,2.12,0.18
0.05,2.12,0.19
0.03,2.12,0.2
-0.0,2.12,0.23
-0.67,2.12,4.95
-1.31,2.12,4.82
-1.93,2.12,4.61
-2.52,2.12,4.32
-3.06,2.12,3.95
-3.55,2.12,3.52
-3.98,2.12,3.03
-0.4,2.12,0.23
-0.43,2.12,0.18
-4.84,2.12,1.27
-4.96,2.12,0.63
-5.0,2.09,0.0
-4.96,2.09,-0.65
-4.83,2.09,-1.3
-4.62,2.09,-1.91
-4.33,2.09,-2.5
0.3,2.09,0.23
0.34,2.09,0.34
0.32,2.09,0.42
0.28,2.09,0.48
0.22,2.09,0.53
0.14,2.09,0.54
0.07,2.09,0.53
-0.0,2.09,0.48
-0.05,2.09,0.39
1.3,2.09,-4.83
1.92,2.09,-4.62
2.51,2.09,-4.33
3.05,2.09,-3.96
3.54,2.09,-3.53
-0.48,2.09,0.36
-0.56,2.09,0.32
-0.58,2.09,0.24
4.83,2.09,-1.28
4.96,2.09,-0.64
5.0,2.09,0.01
4.96,2.09,0.67
4.83,2.09,1.31
4.61,2.09,1.93
4.32,2.09,2.51
3.96,2.09,3.06
0.17,2.09,0.17
0.13,2.09,0.17
0.1,2.09,0.17
0.07,2.09,0.18
0.05,2.09,0.19
0.03,2.09,0.21
-0.0,2.09,0.23
-0.04,2.09,0.3
-1.31,2.09,4.82
-1.93,2.09,4.61
-2.52,2.09,4.32
-3.06,2.09,3.95
-3.55,2.09,3.52
-0.36,2.09,0.27
-0.37,2.09,0.21
-0.4,2.09,0.17
-4.84,2.09,1.27
-4.96,2.09,0.63
-0.04,2.07,-0.0
-0.03,2.07,-0.0
-0.03,2.07,-0.01
-0.02,2.07,-0.01
-0.02,2.07,-0.01
0.29,2.07,0.22
0.34,2.07,0.34
0.33,2.07,0.43
0.29,2.07,0.5
0.22,2.07,0.54
0.15,2.07,0.56
0.07,2.07,0.55
-0.0,2.07,0.51
-0.06,2.07,0.43
0.01,2.07,-0.04
1.92,2.07,-4.62
2.51,2.07,-4.33
3.05,2.07,-3.96
-0.42,2.07,0.42
-0.54,2.07,0.41
-0.61,2.07,0.35
-0.64,2.07,0.26
-0.61,2.07,0.16
-0.1,2.07,0.01
-0.16,2.07,-0.0
-0.2,2.07,-0.03
-0.22,2.07,-0.06
-0.24,2.07,-0.1
-0.24,2.07,-0.14
-0.23,2.07,-0.18
-0.21,2.07,-0.21
-0.18,2.07,-0.24
-0.15,2.07,-0.26
-0.11,2.07,-0.26
-0.07,2.07,-0.26
-0.03,2.07,-0.25
0.0,2.07,-0.22
0.03,2.07,-0.19
0.04,2.07,-0.14
-1.93,2.07,4.61
-2.52,2.07,4.32
-3.06,2.07,3.95
-0.3,2.07,0.29
-0.29,2.07,0.22
-0.31,2.07,0.18
-0.34,2.07,0.14
-0.39,2.07,0.1
-0.05,2.07,0.01
0.6,2.05,0.0
0.59,2.05,0.08
0.53,2.05,0.14
0.04,2.05,0.02
0.03,2.05,0.02
0.31,2.05,0.23
0.34,2.05,0.34
0.32,2.05,0.42
0.28,2.05,0.49
0.22,2.05,0.54
0.15,2.05,0.57
0.07,2.05,0.57
-0.0,2.05,0.54
-0.06,2.05,0.49
-0.11,2.05,0.4
-0.02,2.05,0.06
-0.04,2.05,0.06
-0.33,2.05,0.43
-0.48,2.05,0.47
-0.58,2.05,0.44
-0.65,2.05,0.37
-0.68,2.05,0.28
-0.67,2.05,0.18
-0.59,2.05,0.08
-0.25,2.05,-0.0
-0.27,2.05,-0.04
-0.29,2.05,-0.08
-0.29,2.05,-0.12
-0.29,2.05,-0.17
-0.28,2.05,-0.21
-0.25,2.05,-0.25
-0.22,2.05,-0.29
-0.18,2.05,-0.31
-0.13,2.05,-0.33
-0.09,2.05,-0.33
-0.04,2.05,-0.32
0.0,2.05,-0.3
0.04,2.05,-0.28
0.07,2.05,-0.25
0.09,2.05,-0.21
0.1,2.05,-0.17
0.11,2.05,-0.14
0.1,2.05,-0.1
0.1,2.05,-0.07
0.09,2.05,-0.05
0.08,2.05,-0.03
0.5,2.05,-0.13
0.6,2.05,-0.08
0.69,2.02,0.0
0.68,2.02,0.09
0.62,2.02,0.17
0.53,2.02,0.22
0.28,2.02,0.16
0.35,2.02,0.27
0.36,2.02,0.36
0.34,2.02,0.44
0.29,2.02,0.5
0.23,2.02,0.55
0.15,2.02,0.57
0.07,2.02,0.57
-0.0,2.02,0.55
-0.07,2.02,0.49
-0.11,2.02,0.41
-0.12,2.02,0.28
-0.06,2.02,0.11
-0.38,2.02,0.49
-0.5,2.02,0.5
-0.6,2.02,0.46
-0.68,2.02,0.39
-0.72,2.02,0.3
-0.72,2.02,0.19
-0.68,2.02,0.09
-0.57,2.02,-0.0
-0.32,2.02,-0.04
-0.33,2.02,-0.09
-0.34,2.02,-0.14
-0.33,2.02,-0.19
-0.31,2.02,-0.24
-0.28,2.02,-0.28
-0.25,2.02,-0.32
-0.2,2.02,-0.35
-0.15,2.02,-0.37
-0.1,2.02,-0.37
-0.05,2.02,-0.36
0.0,2.02,-0.35
0.04,2.02,-0.32
0.08,2.02,-0.29
0.11,2.02,-0.25
0.12,2.02,-0.21
0.14,2.02,-0.17
0.14,2.02,-0.14
0.14,2.02,-0.1
0.13,2.02,-0.07
0.12,2.02,-0.05
0.57,2.02,-0.15
0.64,2.02,-0.08
0.71,2.0,0.0
0.71,2.0,0.09
0.66,2.0,0.18
0.58,2.0,0.24
0.43,2.0,0.25
0.28,2.0,0.22
0.32,2.0,0.32
0.31,2.0,0.41
0.28,2.0,0.48
0.22,2.0,0.54
0.15,2.0,0.57
0.08,2.0,0.59
-0.0,2.0,0.57
-0.07,2.0,0.54
-0.13,2.0,0.48
-0.16,2.0,0.39
-0.15,2.0,0.26
-0.4,2.0,0.52
-0.52,2.0,0.52
-0.62,2.0,0.48
-0.7,2.0,0.4
-0.73,2.0,0.3
-0.73,2.0,0.19
-0.68,2.0,0.09
-0.56,2.0,-0.0
-0.36,2.0,-0.05
-0.37,2.0,-0.1
-0.37,2.0,-0.15
-0.36,2.0,-0.21
-0.33,2.0,-0.26
-0.3,2.0,-0.3
-0.26,2.0,-0.34
-0.21,2.0,-0.37
-0.16,2.0,-0.39
-0.1,2.0,-0.4
-0.05,2.0,-0.39
0.0,2.0,-0.38
0.05,2.0,-0.35
0.09,2.0,-0.32
0.12,2.0,-0.28
0.14,2.0,-0.25
0.16,2.0,-0.21
0.17,2.0,-0.17
0.17,2.0,-0.13
0.17,2.0,-0.1
0.44,2.0,-0.18
0.59,2.0,-0.16
0.66,2.0,-0.08
0.73,1.98,-0.0
0.72,1.98,0.1
0.68,1.98,0.18
0.6,1.98,0.25
0.49,1.98,0.28
0.29,1.98,0.23
0.32,1.98,0.32
0.32,1.98,0.41
0.28,1.98,0.49
0.22,1.98,0.54
0.15,1.98,0.58
0.08,1.98,0.59
-0.0,1.98,0.58
-0.07,1.98,0.54
-0.13,1.98,0.48
-0.16,1.98,0.39
-0.28,1.98,0.49
-0.42,1.98,0.55
-0.54,1.98,0.54
-0.64,1.98,0.49
-0.72,1.98,0.41
-0.76,1.98,0.31
-0.76,1.98,0.2
-0.71,1.98,0.09
-0.61,1.98,-0.0
-0.39,1.98,-0.05
-0.4,1.98,-0.11
-0.4,1.98,-0.17
-0.38,1.98,-0.22
-0.36,1.98,-0.28
-0.32,1.98,-0.32
-0.28,1.98,-0.36
-0.23,1.98,-0.39
-0.17,1.98,-0.41
-0.11,1.98,-0.42
-0.05,1.98,-0.42
0.0,1.98,-0.41
0.05,1.98,-0.38
0.1,1.98,-0.35
0.13,1.98,-0.31
0.16,1.98,-0.27
0.18,1.98,-0.23
0.19,1.98,-0.19
0.2,1.98,-0.15
0.2,1.98,-0.12
0.49,1.98,-0.2
0.61,1.98,-0.16
0.69,1.98,-0.09
0.76,1.96,0.0
0.76,1.96,0.1
0.72,1.96,0.19
0.65,1.96,0.27
0.54,1.96,0.31
0.38,1.96,0.29
0.35,1.96,0.35
0.36,1.96,0.47
0.32,1.96,0.55
0.25,1.96,0.61
0.17,1.96,0.64
0.08,1.96,0.64
-0.0,1.96,0.61
-0.07,1.96,0.55
-0.12,1.96,0.45
-0.21,1.96,0.5
-0.34,1.96,0.58
-0.46,1.96,0.6
-0.58,1.96,0.57
-0.67,1.96,0.51
-0.74,1.96,0.42
-0.77,1.96,0.32
-0.77,1.96,0.2
-0.72,1.96,0.09
-0.63,1.96,-0.0
-0.51,1.96,-0.07
-0.42,1.96,-0.11
-0.42,1.96,-0.17
-0.4,1.96,-0.23
-0.38,1.96,-0.29
-0.34,1.96,-0.34
-0.29,1.96,-0.38
-0.24,1.96,-0.42
-0.18,1.96,-0.44
-0.12,1.96,-0.47
-0.06,1.96,-0.47
0.0,1.96,-0.45
0.06,1.96,-0.43
0.11,1.96,-0.4
0.15,1.96,-0.36
0.19,1.96,-0.32
0.21,1.96,-0.28
0.23,1.96,-0.23
0.38,1.96,-0.29
0.53,1.96,-0.3
0.64,1.96,-0.26
0.72,1.96,-0.19
0.77,1.96,-0.1
0.81,1.93,-0.0
0.79,1.93,0.1
0.74,1.93,0.2
0.66,1.93,0.28
0.55,1.93,0.32
0.42,1.93,0.32
0.38,1.93,0.38
0.34,1.93,0.45
0.29,1.93,0.5
0.22,1.93,0.54
0.15,1.93,0.55
0.07,1.93,0.55
-0.0,1.93,0.51
-0.06,1.93,0.47
-0.11,1.93,0.41
-0.14,1.93,0.34
-0.29,1.93,0.51
-0.43,1.93,0.55
-0.55,1.93,0.55
-0.66,1.93,0.5
-0.74,1.93,0.42
-0.79,1.93,0.33
-0.8,1.93,0.21
-0.77,1.93,0.1
-0.71,1.93,-0.0
-0.59,1.93,-0.08
-0.43,1.93,-0.12
-0.43,1.93,-0.18
-0.42,1.93,-0.24
-0.39,1.93,-0.3
-0.35,1.93,-0.36
-0.3,1.93,-0.4
-0.25,1.93,-0.43
-0.19,1.93,-0.46
-0.12,1.93,-0.47
-0.06,1.93,-0.47
0.0,1.93,-0.45
0.06,1.93,-0.43
0.11,1.93,-0.4
0.15,1.93,-0.36
0.19,1.93,-0.32
0.21,1.93,-0.27
0.23,1.93,-0.23
0.24,1.93,-0.18
0.48,1.93,-0.27
0.6,1.93,-0.25
0.7,1.93,-0.18
0.76,1.93,-0.1
0.8,1.91,-0.0
0.79,1.91,0.1
0.75,1.91,0.2
0.68,1.91,0.28
0.58,1.91,0.33
0.46,1.91,0.35
0.38,1.91,0.38
0.36,1.91,0.47
0.31,1.91,0.54
0.24,1.91,0.58
0.16,1.91,0.61
0.08,1.91,0.6
-0.0,1.91,0.57
-0.07,1.91,0.51
-0.12,1.91,0.44
-0.2,1.91,0.47
-0.33,1.91,0.57
-0.46,1.91,0.6
-0.58,1.91,0.58
-0.68,1.91,0.52
-0.76,1.91,0.44
-0.8,1.91,0.33
-0.81,1.91,0.21
-0.77,1.91,0.1
-0.7,1.91,-0.0
-0.56,1.91,-0.08
-0.46,1.91,-0.12
-0.46,1.91,-0.19
-0.44,1.91,-0.25
-0.41,1.91,-0.31
-0.37,1.91,-0.37
-0.32,1.91,-0.41
-0.26,1.91,-0.45
-0.19,1.91,-0.47
-0.13,1.91,-0.49
-0.06,1.91,-0.48
0.0,1.91,-0.47
0.06,1.91,-0.45
0.11,1.91,-0.42
0.16,1.91,-0.38
0.2,1.91,-0.34
0.22,1.91,-0.29
0.24,1.91,-0.24
0.3,1.91,-0.23
0.5,1.91,-0.28
0.62,1.91,-0.25
0.71,1.91,-0.19
0.77,1.91,-0.1
0.81,1.89,0.0
0.81,1.89,0.11
0.77,1.89,0.21
0.7,1.89,0.29
0.6,1.89,0.35
0.48,1.89,0.37
0.38,1.89,0.38
0.36,1.89,0.47
0.31,1.89,0.54
0.24,1.89,0.58
0.16,1.89,0.6
0.08,1.89,0.6
-0.0,1.89,0.56
-0.07,1.89,0.51
-0.12,1.89,0.44
-0.21,1.89,0.51
-0.34,1.89,0.59
-0.47,1.89,0.61
-0.59,1.89,0.59
-0.69,1.89,0.53
-0.77,1.89,0.44
-0.81,1.89,0.34
-0.82,1.89,0.22
-0.79,1.89,0.1
-0.72,1.89,-0.0
-0.59,1.89,-0.08
-0.48,1.89,-0.13
-0.47,1.89,-0.2
-0.45,1.89,-0.26
-0.42,1.89,-0.32
-0.38,1.89,-0.38
-0.33,1.89,-0.43
-0.27,1.89,-0.46
-0.2,1.89,-0.49
-0.13,1.89,-0.5
-0.06,1.89,-0.5
0.0,1.89,-0.49
0.06,1.89,-0.47
0.12,1.89,-0.44
0.17,1.89,-0.4
0.21,1.89,-0.35
0.24,1.89,-0.31
0.26,1.89,-0.26
0.38,1.89,-0.29
0.53,1.89,-0.3
0.65,1.89,-0.26
0.74,1.89,-0.19
0.79,1.89,-0.1
0.83,1.86,0.0
0.82,1.86,0.11
0.78,1.86,0.21
0.71,1.86,0.29
0.61,1.86,0.35
0.49,1.86,0.38
0.39,1.86,0.39
0.36,1.86,0.47
0.31,1.86,0.53
0.24,1.86,0.58
0.16,1.86,0.59
0.08,1.86,0.58
-0.0,1.86,0.55
-0.07,1.86,0.49
-0.12,1.86,0.43
-0.22,1.86,0.53
-0.35,1.86,0.6
-0.48,1.86,0.62
-0.6,1.86,0.59
-0.7,1.86,0.53
-0.77,1.86,0.45
-0.82,1.86,0.34
-0.83,1.86,0.22
-0.81,1.86,0.1
-0.74,1.86,-0.0
-0.63,1.86,-0.09
-0.49,1.86,-0.13
-0.48,1.86,-0.2
-0.46,1.86,-0.27
-0.43,1.86,-0.33
-0.39,1.86,-0.39
-0.34,1.86,-0.44
-0.28,1.86,-0.48
-0.21,1.86,-0.51
-0.14,1.86,-0.52
-0.07,1.86,-0.53
0.0,1.86,-0.51
0.07,1.86,-0.49
0.12,1.86,-0.46
0.18,1.86,-0.42
0.22,1.86,-0.37
0.25,1.86,-0.32
0.27,1.86,-0.27
0.44,1.86,-0.34
0.57,1.86,-0.33
0.69,1.86,-0.28
0.77,1.86,-0.2
0.82,1.86,-0.1
0.86,1.84,-0.0
0.85,1.84,0.11
0.8,1.84,0.22
0.73,1.84,0.3
0.63,1.84,0.36
0.51,1.84,0.39
0.37,1.84,0.37
0.34,1.84,0.45
0.29,1.84,0.51
0.23,1.84,0.55
0.15,1.84,0.57
0.07,1.84,0.56
-0.0,1.84,0.53
-0.07,1.84,0.49
-0.12,1.84,0.43
-0.22,1.84,0.54
-0.35,1.84,0.61
-0.48,1.84,0.62
-0.6,1.84,0.6
-0.71,1.84,0.54
-0.78,1.84,0.45
-0.83,1.84,0.34
-0.84,1.84,0.22
-0.82,1.84,0.11
-0.75,1.84,-0.0
-0.65,1.84,-0.09
-0.5,1.84,-0.14
-0.49,1.84,-0.21
-0.47,1.84,-0.28
-0.44,1.84,-0.34
-0.4,1.84,-0.4
-0.34,1.84,-0.45
-0.28,1.84,-0.49
-0.21,1.84,-0.51
-0.14,1.84,-0.53
-0.07,1.84,-0.53
0.0,1.84,-0.52
0.07,1.84,-0.49
0.13,1.84,-0.46
0.18,1.84,-0.42
0.22,1.84,-0.37
0.25,1.84,-0.33
0.28,1.84,-0.27
0.43,1.84,-0.32
0.56,1.84,-0.32
0.67,1.84,-0.27
0.76,1.84,-0.2
0.81,1.84,-0.1
0.85,1.82,0.0
0.84,1.82,0.11
0.8,1.82,0.22
0.73,1.82,0.3
0.64,1.82,0.37
0.52,1.82,0.4
0.39,1.82,0.39
0.34,1.82,0.45
0.3,1.82,0.51
0.23,1.82,0.56
0.16,1.82,0.58
0.07,1.82,0.57
-0.0,1.82,0.55
-0.07,1.82,0.5
-0.12,1.82,0.44
-0.23,1.82,0.56
-0.36,1.82,0.63
-0.49,1.82,0.64
-0.61,1.82,0.61
-0.72,1.82,0.55
-0.79,1.82,0.46
-0.84,1.82,0.35
-0.85,1.82,0.23
-0.82,1.82,0.11
-0.75,1.82,-0.0
-0.64,1.82,-0.09
-0.51,1.82,-0.14
-0.51,1.82,-0.21
-0.48,1.82,-0.28
-0.45,1.82,-0.35
-0.4,1.82,-0.41
-0.35,1.82,-0.46
-0.28,1.82,-0.5
-0.21,1.82,-0.52
-0.14,1.82,-0.54
-0.07,1.82,-0.54
0.0,1.82,-0.53
0.07,1.82,-0.5
0.13,1.82,-0.47
0.18,1.82,-0.43
0.22,1.82,-0.38
0.26,1.82,-0.33
0.28,1.82,-0.28
0.44,1.82,-0.34
0.57,1.82,-0.33
0.68,1.82,-0.28
0.77,1.82,-0.2
0.82,1.82,-0.1
0.86,1.79,0.0
0.85,1.79,0.11
0.81,1.79,0.22
0.74,1.79,0.31
0.65,1.79,0.37
0.53,1.79,0.41
0.4,1.79,0.4
0.33,1.79,0.44
0.29,1.79,0.5
0.23,1.79,0.55
0.15,1.79,0.57
0.07,1.79,0.56
-0.0,1.79,0.54
-0.07,1.79,0.49
-0.12,1.79,0.44
-0.24,1.79,0.58
-0.37,1.79,0.63
-0.5,1.79,0.65
-0.62,1.79,0.62
-0.72,1.79,0.55
-0.8,1.79,0.46
-0.84,1.79,0.35
-0.85,1.79,0.23
-0.82,1.79,0.11
-0.76,1.79,-0.0
-0.65,1.79,-0.09
-0.52,1.79,-0.14
-0.51,1.79,-0.21
-0.49,1.79,-0.28
-0.46,1.79,-0.35
-0.41,1.79,-0.41
-0.35,1.79,-0.46
-0.29,1.79,-0.5
-0.22,1.79,-0.53
-0.14,1.79,-0.55
-0.07,1.79,-0.55
0.0,1.79,-0.54
0.07,1.79,-0.52
0.13,1.79,-0.48
0.19,1.79,-0.44
0.23,1.79,-0.4
0.27,1.79,-0.35
0.32,1.79,-0.31
0.46,1.79,-0.35
0.59,1.79,-0.34
0.7,1.79,-0.29
0.79,1.79,-0.21
0.84,1.79,-0.11
0.87,1.77,-0.0
0.86,1.77,0.11
0.82,1.77,0.22
0.75,1.77,0.31
0.65,1.77,0.38
0.53,1.77,0.41
0.4,1.77,0.4
0.32,1.77,0.42
0.28,1.77,0.49
0.22,1.77,0.53
0.14,1.77,0.54
0.07,1.77,0.53
-0.0,1.77,0.51
-0.06,1.77,0.47
-0.12,1.77,0.45
-0.24,1.77,0.57
-0.36,1.77,0.63
-0.49,1.77,0.64
-0.61,1.77,0.61
-0.72,1.77,0.55
-0.8,1.77,0.46
-0.84,1.77,0.35
-0.86,1.77,0.23
-0.83,1.77,0.11
-0.77,1.77,-0.0
-0.68,1.77,-0.09
-0.54,1.77,-0.15
-0.52,1.77,-0.22
-0.5,1.77,-0.29
-0.46,1.77,-0.36
-0.42,1.77,-0.42
-0.36,1.77,-0.47
-0.3,1.77,-0.52
-0.22,1.77,-0.55
-0.15,1.77,-0.56
-0.07,1.77,-0.57
0.0,1.77,-0.55
0.07,1.77,-0.53
0.14,1.77,-0.5
0.19,1.77,-0.46
0.24,1.77,-0.41
0.28,1.77,-0.36
0.35,1.77,-0.35
0.49,1.77,-0.37
0.61,1.77,-0.35
0.72,1.77,-0.29
0.8,1.77,-0.21
0.85,1.77,-0.11
0.88,1.75,-0.0
0.87,1.75,0.11
0.83,1.75,0.22
0.75,1.75,0.31
0.66,1.75,0.38
0.54,1.75,0.41
0.41,1.75,0.41
0.3,1.75,0.4
0.27,1.75,0.46
0.21,1.75,0.5
0.14,1.75,0.53
0.07,1.75,0.53
-0.0,1.75,0.51
-0.06,1.75,0.46
-0.12,1.75,0.45
-0.24,1.75,0.57
-0.37,1.75,0.64
-0.5,1.75,0.65
-0.62,1.75,0.62
-0.72,1.75,0.55
-0.8,1.75,0.46
-0.85,1.75,0.35
-0.86,1.75,0.23
-0.84,1.75,0.11
-0.77,1.75,-0.0
-0.67,1.75,-0.09
-0.54,1.75,-0.15
-0.53,1.75,-0.22
-0.5,1.75,-0.29
-0.47,1.75,-0.36
-0.42,1.75,-0.42
-0.36,1.75,-0.48
-0.3,1.75,-0.52
-0.22,1.75,-0.54
-0.15,1.75,-0.56
-0.07,1.75,-0.56
0.0,1.75,-0.55
0.07,1.75,-0.53
0.13,1.75,-0.49
0.19,1.75,-0.45
0.24,1.75,-0.41
0.27,1.75,-0.35
0.33,1.75,-0.33
0.47,1.75,-0.36
0.6,1.75,-0.34
0.7,1.75,-0.29
0.79,1.75,-0.21
0.85,1.75,-0.11
0.87,1.73,-0.0
0.87,1.73,0.11
0.83,1.73,0.22
0.76,1.73,0.31
0.66,1.73,0.38
0.55,1.73,0.42
0.42,1.73,0.42
0.3,1.73,0.39
0.26,1.73,0.45
0.21,1.73,0.5
0.14,1.73,0.53
0.07,1.73,0.53
-0.0,1.73,0.51
-0.06,1.73,0.46
-0.13,1.73,0.47
-0.24,1.73,0.59
-0.37,1.73,0.64
-0.5,1.73,0.65
-0.62,1.73,0.62
-0.73,1.73,0.56
-0.81,1.73,0.46
-0.85,1.73,0.35
-0.86,1.73,0.23
-0.84,1.73,0.11
-0.77,1.73,-0.0
-0.67,1.73,-0.09
-0.54,1.73,-0.15
-0.53,1.73,-0.22
-0.51,1.73,-0.3
-0.47,1.73,-0.36
-0.42,1.73,-0.43
-0.37,1.73,-0.48
-0.3,1.73,-0.52
-0.23,1.73,-0.55
-0.15,1.73,-0.56
-0.07,1.73,-0.57
0.0,1.73,-0.56
0.07,1.73,-0.53
0.14,1.73,-0.5
0.19,1.73,-0.46
0.24,1.73,-0.41
0.28,1.73,-0.36
0.34,1.73,-0.34
0.48,1.73,-0.36
0.6,1.73,-0.34
0.71,1.73,-0.29
0.79,1.73,-0.21
0.85,1.73,-0.11
0.88,1.7,0.0
0.87,1.7,0.11
0.83,1.7,0.22
0.76,1.7,0.32
0.67,1.7,0.38
0.55,1.7,0.42
0.43,1.7,0.43
0.29,1.7,0.38
0.25,1.7,0.44
0.2,1.7,0.48
0.14,1.7,0.51
0.07,1.7,0.51
-0.0,1.7,0.49
-0.06,1.7,0.44
-0.13,1.7,0.47
-0.25,1.7,0.59
-0.37,1.7,0.64
-0.5,1.7,0.65
-0.62,1.7,0.62
-0.73,1.7,0.55
-0.8,1.7,0.46
-0.85,1.7,0.35
-0.86,1.7,0.23
-0.83,1.7,0.11
-0.77,1.7,-0.0
-0.67,1.7,-0.09
-0.54,1.7,-0.15
-0.53,1.7,-0.22
-0.51,1.7,-0.3
-0.47,1.7,-0.37
-0.43,1.7,-0.43
-0.37,1.7,-0.48
-0.3,1.7,-0.52
-0.23,1.7,-0.55
-0.15,1.7,-0.57
-0.07,1.7,-0.57
0.0,1.7,-0.56
0.07,1.7,-0.54
0.14,1.7,-0.51
0.2,1.7,-0.47
0.24,1.7,-0.42
0.28,1.7,-0.37
0.35,1.7,-0.35
0.49,1.7,-0.37
0.62,1.7,-0.35
0.72,1.7,-0.3
0.81,1.7,-0.21
0.86,1.7,-0.11
0.89,1.68,-0.0
0.88,1.68,0.12
0.83,1.68,0.22
0.76,1.68,0.32
0.66,1.68,0.38
0.54,1.68,0.42
0.42,1.68,0.42
0.28,1.68,0.36
0.23,1.68,0.4
0.18,1.68,0.45
0.12,1.68,0.47
0.06,1.68,0.46
-0.0,1.68,0.43
-0.05,1.68,0.4
-0.12,1.68,0.45
-0.24,1.68,0.57
-0.36,1.68,0.63
-0.49,1.68,0.64
-0.61,1.68,0.61
-0.72,1.68,0.55
-0.8,1.68,0.46
-0.85,1.68,0.35
-0.86,1.68,0.23
-0.84,1.68,0.11
-0.78,1.68,-0.0
-0.68,1.68,-0.09
-0.55,1.68,-0.15
-0.54,1.68,-0.22
-0.51,1.68,-0.3
-0.48,1.68,-0.37
-0.43,1.68,-0.43
-0.37,1.68,-0.49
-0.3,1.68,-0.53
-0.23,1.68,-0.56
-0.15,1.68,-0.58
-0.07,1.68,-0.58
0.0,1.68,-0.57
0.07,1.68,-0.55
0.14,1.68,-0.52
0.2,1.68,-0.47
0.25,1.68,-0.42
0.29,1.68,-0.37
0.36,1.68,-0.36
0.49,1.68,-0.37
0.62,1.68,-0.35
0.72,1.68,-0.3
0.81,1.68,-0.21
0.86,1.68,-0.11
0.88,1.66,0.0
0.87,1.66,0.12
0.83,1.66,0.22
0.76,1.66,0.32
0.67,1.66,0.38
0.55,1.66,0.42
0.43,1.66,0.43
0.29,1.66,0.38
0.22,1.66,0.38
0.18,1.66,0.43
0.12,1.66,0.46
0.06,1.66,0.46
-0.0,1.66,0.45
-0.06,1.66,0.43
-0.12,1.66,0.45
-0.24,1.66,0.58
-0.37,1.66,0.64
-0.5,1.66,0.65
-0.62,1.66,0.62
-0.72,1.66,0.55
-0.8,1.66,0.46
-0.85,1.66,0.35
-0.86,1.66,0.23
-0.83,1.66,0.11
-0.77,1.66,-0.0
-0.66,1.66,-0.09
-0.55,1.66,-0.15
-0.54,1.66,-0.22
-0.51,1.66,-0.3
-0.48,1.66,-0.37
-0.43,1.66,-0.43
-0.37,1.66,-0.48
-0.3,1.66,-0.53
-0.23,1.66,-0.56
-0.15,1.66,-0.57
-0.07,1.66,-0.57
0.0,1.66,-0.56
0.07,1.66,-0.54
0.14,1.66,-0.51
0.19,1.66,-0.47
0.24,1.66,-0.42
0.28,1.66,-0.36
0.35,1.66,-0.34
0.48,1.66,-0.37
0.61,1.66,-0.35
0.71,1.66,-0.29
0.8,1.66,-0.21
0.85,1.66,-0.11
0.88,1.63,-0.0
0.87,1.63,0.11
0.83,1.63,0.22
0.76,1.63,0.32
0.67,1.63,0.39
0.55,1.63,0.42
0.43,1.63,0.43
0.3,1.63,0.39
0.22,1.63,0.38
0.18,1.63,0.43
0.12,1.63,0.46
0.06,1.63,0.47
-0.0,1.63,0.48
-0.06,1.63,0.47
-0.12,1.63,0.44
-0.24,1.63,0.58
-0.37,1.63,0.64
-0.5,1.63,0.65
-0.62,1.63,0.62
-0.72,1.63,0.55
-0.8,1.63,0.46
-0.85,1.63,0.35
-0.86,1.63,0.23
-0.83,1.63,0.11
-0.76,1.63,-0.0
-0.66,1.63,-0.09
-0.55,1.63,-0.15
-0.54,1.63,-0.22
-0.51,1.63,-0.3
-0.48,1.63,-0.37
-0.43,1.63,-0.43
-0.37,1.63,-0.49
-0.3,1.63,-0.53
-0.23,1.63,-0.56
-0.15,1.63,-0.57
-0.07,1.63,-0.57
0.0,1.63,-0.56
0.07,1.63,-0.54
0.14,1.63,-0.51
0.2,1.63,-0.47
0.24,1.63,-0.42
0.28,1.63,-0.36
0.35,1.63,-0.34
0.48,1.63,-0.37
0.61,1.63,-0.35
0.71,1.63,-0.29
0.8,1.63,-0.21
0.86,1.63,-0.11
0.88,1.61,0.0
0.87,1.61,0.11
0.83,1.61,0.22
0.76,1.61,0.31
0.66,1.61,0.38
0.55,1.61,0.42
0.42,1.61,0.42
0.28,1.61,0.37
0.24,1.61,0.41
0.19,1.61,0.46
0.13,1.61,0.49
0.07,1.61,0.51
-0.0,1.61,0.51
-0.07,1.61,0.5
-0.13,1.61,0.47
-0.24,1.61,0.57
-0.36,1.61,0.63
-0.49,1.61,0.64
-0.61,1.61,0.61
-0.71,1.61,0.54
-0.79,1.61,0.45
-0.84,1.61,0.34
-0.85,1.61,0.22
-0.82,1.61,0.11
-0.75,1.61,-0.0
-0.65,1.61,-0.09
-0.54,1.61,-0.15
-0.53,1.61,-0.22
-0.51,1.61,-0.3
-0.48,1.61,-0.37
-0.43,1.61,-0.43
-0.37,1.61,-0.48
-0.3,1.61,-0.53
-0.23,1.61,-0.56
-0.15,1.61,-0.58
-0.07,1.61,-0.58
0.0,1.61,-0.57
0.07,1.61,-0.55
0.14,1.61,-0.51
0.2,1.61,-0.47
0.25,1.61,-0.42
0.29,1.61,-0.37
0.35,1.61,-0.35
0.49,1.61,-0.37
0.62,1.61,-0.35
0.72,1.61,-0.3
0.81,1.61,-0.21
0.86,1.61,-0.11
0.88,1.59,0.0
0.87,1.59,0.11
0.82,1.59,0.22
0.75,1.59,0.31
0.65,1.59,0.37
0.53,1.59,0.41
0.4,1.59,0.4
0.3,1.59,0.39
0.26,1.59,0.44
0.2,1.59,0.49
0.14,1.59,0.52
0.07,1.59,0.53
-0.0,1.59,0.54
-0.07,1.59,0.52
-0.13,1.59,0.5
-0.22,1.59,0.52
-0.35,1.59,0.6
-0.47,1.59,0.62
-0.59,1.59,0.59
-0.7,1.59,0.53
-0.78,1.59,0.45
-0.83,1.59,0.34
-0.84,1.59,0.22
-0.82,1.59,0.11
-0.75,1.59,-0.0
-0.65,1.59,-0.09
-0.54,1.59,-0.15
-0.53,1.59,-0.22
-0.51,1.59,-0.3
-0.48,1.59,-0.37
-0.43,1.59,-0.43
-0.37,1.59,-0.48
-0.3,1.59,-0.53
-0.23,1.59,-0.56
-0.15,1.59,-0.57
-0.07,1.59,-0.58
0.0,1.59,-0.57
0.07,1.59,-0.54
0.14,1.59,-0.51
0.2,1.59,-0.47
0.24,1.59,-0.42
0.28,1.59,-0.36
0.33,1.59,-0.33
0.47,1.59,-0.36
0.6,1.59,-0.34
0.71,1.59,-0.29
0.79,1.59,-0.21
0.85,1.59,-0.11
0.87,1.56,0.0
0.86,1.56,0.11
0.82,1.56,0.22
0.75,1.56,0.31
0.66,1.56,0.38
0.54,1.56,0.42
0.41,1.56,0.41
0.3,1.56,0.4
0.26,1.56,0.45
0.21,1.56,0.5
0.14,1.56,0.53
0.07,1.56,0.55
-0.0,1.56,0.55
-0.07,1.56,0.54
-0.14,1.56,0.52
-0.23,1.56,0.56
-0.36,1.56,0.62
-0.49,1.56,0.64
-0.61,1.56,0.61
-0.71,1.56,0.54
-0.78,1.56,0.45
-0.82,1.56,0.34
-0.82,1.56,0.22
-0.78,1.56,0.1
-0.7,1.56,-0.0
-0.58,1.56,-0.08
-0.54,1.56,-0.15
-0.53,1.56,-0.22
-0.5,1.56,-0.29
-0.46,1.56,-0.36
-0.41,1.56,-0.42
-0.36,1.56,-0.47
-0.29,1.56,-0.51
-0.22,1.56,-0.53
-0.15,1.56,-0.55
-0.07,1.56,-0.55
0.0,1.56,-0.54
0.07,1.56,-0.52
0.13,1.56,-0.49
0.19,1.56,-0.45
0.24,1.56,-0.41
0.28,1.56,-0.36
0.31,1.56,-0.3
0.43,1.56,-0.33
0.57,1.56,-0.32
0.69,1.56,-0.28
0.78,1.56,-0.2
0.84,1.56,-0.11
0.86,1.54,0.0
0.86,1.54,0.11
0.82,1.54,0.22
0.75,1.54,0.31
0.66,1.54,0.38
0.54,1.54,0.42
0.42,1.54,0.42
0.33,1.54,0.43
0.28,1.54,0.48
0.22,1.54,0.53
0.15,1.54,0.56
0.08,1.54,0.58
-0.0,1.54,0.58
-0.08,1.54,0.57
-0.15,1.54,0.54
-0.21,1.54,0.51
-0.33,1.54,0.57
-0.46,1.54,0.6
-0.58,1.54,0.58
-0.69,1.54,0.52
-0.76,1.54,0.44
-0.81,1.54,0.33
-0.82,1.54,0.22
-0.8,1.54,0.1
-0.73,1.54,-0.0
-0.63,1.54,-0.09
-0.53,1.54,-0.14
-0.52,1.54,-0.22
-0.5,1.54,-0.29
-0.47,1.54,-0.36
-0.42,1.54,-0.42
-0.36,1.54,-0.48
-0.3,1.54,-0.52
-0.23,1.54,-0.55
-0.15,1.54,-0.57
-0.07,1.54,-0.57
0.0,1.54,-0.56
0.07,1.54,-0.54
0.14,1.54,-0.5
0.19,1.54,-0.46
0.24,1.54,-0.41
0.28,1.54,-0.36
0.34,1.54,-0.34
0.48,1.54,-0.36
0.6,1.54,-0.34
0.71,1.54,-0.29
0.79,1.54,-0.21
0.84,1.54,-0.11
0.85,1.52,-0.0
0.83,1.52,0.11
0.79,1.52,0.21
0.71,1.52,0.3
0.63,1.52,0.37
0.51,1.52,0.39
0.38,1.52,0.38
0.32,1.52,0.42
0.27,1.52,0.47
0.21,1.52,0.52
0.15,1.52,0.55
0.07,1.52,0.57
-0.0,1.52,0.57
-0.08,1.52,0.57
-0.15,1.52,0.54
-0.21,1.52,0.5
-0.33,1.52,0.57
-0.46,1.52,0.6
-0.58,1.52,0.58
-0.68,1.52,0.52
-0.75,1.52,0.43
-0.8,1.52,0.33
-0.8,1.52,0.21
-0.77,1.52,0.1
-0.7,1.52,-0.0
-0.58,1.52,-0.08
-0.53,1.52,-0.14
-0.52,1.52,-0.22
-0.5,1.52,-0.29
-0.46,1.52,-0.36
-0.42,1.52,-0.42
-0.36,1.52,-0.47
-0.3,1.52,-0.52
-0.22,1.52,-0.54
-0.15,1.52,-0.56
-0.07,1.52,-0.56
0.0,1.52,-0.55
0.07,1.52,-0.53
0.14,1.52,-0.5
0.19,1.52,-0.46
0.24,1.52,-0.41
0.27,1.52,-0.36
0.3,1.52,-0.3
0.45,1.52,-0.34
0.58,1.52,-0.33
0.69,1.52,-0.28
0.77,1.52,-0.2
0.83,1.52,-0.11
0.84,1.5,-0.0
0.83,1.5,0.11
0.78,1.5,0.21
0.71,1.5,0.29
0.61,1.5,0.35
0.48,1.5,0.37
0.38,1.5,0.38
0.34,1.5,0.45
0.29,1.5,0.5
0.23,1.5,0.55
0.15,1.5,0.58
0.08,1.5,0.6
-0.0,1.5,0.6
-0.08,1.5,0.59
-0.15,1.5,0.56
-0.22,1.5,0.52
-0.31,1.5,0.53
-0.44,1.5,0.57
-0.56,1.5,0.56
-0.67,1.5,0.51
-0.74,1.5,0.43
-0.79,1.5,0.32
-0.8,1.5,0.21
-0.77,1.5,0.1
-0.69,1.5,-0.0
-0.56,1.5,-0.08
-0.52,1.5,-0.14
-0.51,1.5,-0.21
-0.49,1.5,-0.29
-0.46,1.5,-0.35
-0.41,1.5,-0.42
-0.36,1.5,-0.47
-0.29,1.5,-0.51
-0.22,1.5,-0.54
-0.15,1.5,-0.55
-0.07,1.5,-0.55
0.0,1.5,-0.54
0.07,1.5,-0.52
0.13,1.5,-0.48
0.19,1.5,-0.44
0.23,1.5,-0.4
0.27,1.5,-0.34
0.29,1.5,-0.29
0.43,1.5,-0.32
0.56,1.5,-0.32
0.67,1.5,-0.27
0.76,1.5,-0.2
0.82,1.5,-0.1
0.83,1.47,0.0
0.82,1.47,0.11
0.78,1.47,0.21
0.71,1.47,0.29
0.61,1.47,0.36
0.5,1.47,0.38
0.38,1.47,0.38
0.34,1.47,0.45
0.29,1.47,0.51
0.23,1.47,0.55
0.16,1.47,0.59
0.08,1.47,0.61
-0.0,1.47,0.61
-0.08,1.47,0.6
-0.15,1.47,0.57
-0.22,1.47,0.53
-0.31,1.47,0.54
-0.44,1.47,0.58
-0.56,1.47,0.56
-0.67,1.47,0.51
-0.74,1.47,0.42
-0.78,1.47,0.32
-0.78,1.47,0.21
-0.75,1.47,0.1
-0.66,1.47,-0.0
-0.51,1.47,-0.07
-0.52,1.47,-0.14
-0.51,1.47,-0.21
-0.49,1.47,-0.28
-0.45,1.47,-0.35
-0.41,1.47,-0.41
-0.35,1.47,-0.46
-0.29,1.47,-0.5
-0.22,1.47,-0.53
-0.14,1.47,-0.54
-0.07,1.47,-0.54
0.0,1.47,-0.53
0.07,1.47,-0.51
0.13,1.47,-0.47
0.18,1.47,-0.43
0.23,1.47,-0.39
0.26,1.47,-0.34
0.29,1.47,-0.28
0.41,1.47,-0.31
0.54,1.47,-0.31
0.66,1.47,-0.27
0.75,1.47,-0.2
0.8,1.47,-0.1
0.81,1.45,0.0
0.81,1.45,0.11
0.77,1.45,0.21
0.7,1.45,0.29
0.6,1.45,0.35
0.48,1.45,0.37
0.39,1.45,0.39
0.35,1.45,0.46
0.3,1.45,0.51
0.23,1.45,0.56
0.16,1.45,0.6
0.08,1.45,0.62
-0.0,1.45,0.62
-0.08,1.45,0.61
-0.16,1.45,0.58
-0.23,1.45,0.54
-0.29,1.45,0.5
-0.43,1.45,0.56
-0.55,1.45,0.55
-0.65,1.45,0.5
-0.72,1.45,0.42
-0.76,1.45,0.31
-0.76,1.45,0.2
-0.72,1.45,0.09
-0.62,1.45,-0.0
-0.5,1.45,-0.07
-0.5,1.45,-0.14
-0.5,1.45,-0.21
-0.48,1.45,-0.28
-0.44,1.45,-0.34
-0.4,1.45,-0.4
-0.34,1.45,-0.45
-0.28,1.45,-0.49
-0.21,1.45,-0.52
-0.14,1.45,-0.53
-0.07,1.45,-0.53
0.0,1.45,-0.52
0.07,1.45,-0.5
0.13,1.45,-0.47
0.18,1.45,-0.42
0.22,1.45,-0.38
0.26,1.45,-0.33
0.28,1.45,-0.28
0.38,1.45,-0.29
0.53,1.45,-0.3
0.65,1.45,-0.26
0.74,1.45,-0.19
0.79,1.45,-0.1
0.8,1.43,0.0
0.79,1.43,0.1
0.75,1.43,0.2
0.67,1.43,0.28
0.57,1.43,0.33
0.44,1.43,0.34
0.4,1.43,0.4
0.36,1.43,0.47
0.3,1.43,0.53
0.24,1.43,0.57
0.16,1.43,0.61
0.08,1.43,0.63
-0.0,1.43,0.63
-0.08,1.43,0.62
-0.16,1.43,0.59
-0.23,1.43,0.55
-0.29,1.43,0.5
-0.4,1.43,0.51
-0.52,1.43,0.52
-0.62,1.43,0.47
-0.69,1.43,0.4
-0.73,1.43,0.3
-0.73,1.43,0.19
-0.7,1.43,0.09
-0.58,1.43,-0.0
-0.48,1.43,-0.06
-0.49,1.43,-0.13
-0.48,1.43,-0.2
-0.46,1.43,-0.27
-0.43,1.43,-0.33
-0.39,1.43,-0.39
-0.34,1.43,-0.44
-0.28,1.43,-0.48
-0.21,1.43,-0.51
-0.14,1.43,-0.52
-0.07,1.43,-0.53
0.0,1.43,-0.51
0.07,1.43,-0.49
0.13,1.43,-0.46
0.18,1.43,-0.42
0.22,1.43,-0.37
0.25,1.43,-0.32
0.27,1.43,-0.27
0.29,1.43,-0.22
0.49,1.43,-0.28
0.62,1.43,-0.25
0.71,1.43,-0.19
0.76,1.43,-0.1
0.77,1.4,0.0
0.75,1.4,0.1
0.71,1.4,0.19
0.63,1.4,0.26
0.52,1.4,0.3
0.44,1.4,0.34
0.41,1.4,0.41
0.36,1.4,0.47
0.31,1.4,0.53
0.24,1.4,0.58
0.16,1.4,0.62
0.08,1.4,0.63
-0.0,1.4,0.64
-0.08,1.4,0.63
-0.16,1.4,0.6
-0.23,1.4,0.56
-0.29,1.4,0.51
-0.37,1.4,0.48
-0.5,1.4,0.5
-0.6,1.4,0.46
-0.68,1.4,0.39
-0.71,1.4,0.29
-0.73,1.4,0.2
-0.74,1.4,0.1
-0.55,1.4,-0.0
-0.48,1.4,-0.06
-0.48,1.4,-0.13
-0.47,1.4,-0.2
-0.45,1.4,-0.26
-0.42,1.4,-0.33
-0.38,1.4,-0.38
-0.33,1.4,-0.43
-0.27,1.4,-0.47
-0.2,1.4,-0.49
-0.13,1.4,-0.51
-0.06,1.4,-0.51
0.0,1.4,-0.49
0.06,1.4,-0.47
0.12,1.4,-0.44
0.17,1.4,-0.4
0.21,1.4,-0.35
0.24,1.4,-0.31
0.26,1.4,-0.26
0.27,1.4,-0.21
0.47,1.4,-0.27
0.6,1.4,-0.24
0.69,1.4,-0.18
0.75,1.4,-0.1
0.77,1.38,0.0
0.75,1.38,0.1
0.71,1.38,0.19
0.64,1.38,0.26
0.53,1.38,0.31
0.44,1.38,0.33
0.41,1.38,0.41
0.36,1.38,0.47
0.31,1.38,0.53
0.24,1.38,0.58
0.17,1.38,0.62
0.08,1.38,0.64
-0.0,1.38,0.65
-0.08,1.38,0.63
-0.16,1.38,0.61
-0.24,1.38,0.57
-0.3,1.38,0.51
-0.35,1.38,0.45
-0.48,1.38,0.48
-0.59,1.38,0.45
-0.66,1.38,0.38
-0.69,1.38,0.28
-0.76,1.38,0.2
-0.76,1.38,0.1
-0.44,1.38,-0.0
-0.46,1.38,-0.06
-0.47,1.38,-0.13
-0.46,1.38,-0.19
-0.44,1.38,-0.26
-0.41,1.38,-0.32
-0.37,1.38,-0.37
-0.32,1.38,-0.42
-0.26,1.38,-0.45
-0.2,1.38,-0.48
-0.13,1.38,-0.49
-0.06,1.38,-0.49
0.0,1.38,-0.48
0.06,1.38,-0.45
0.11,1.38,-0.42
0.16,1.38,-0.38
0.2,1.38,-0.34
0.23,1.38,-0.29
0.25,1.38,-0.24
0.26,1.38,-0.2
0.42,1.38,-0.24
0.57,1.38,-0.23
0.67,1.38,-0.18
0.74,1.38,-0.09
0.79,1.36,0.0
0.75,1.36,0.1
0.68,1.36,0.18
0.61,1.36,0.25
0.49,1.36,0.29
0.44,1.36,0.34
0.41,1.36,0.41
0.37,1.36,0.48
0.31,1.36,0.54
0.24,1.36,0.59
0.17,1.36,0.63
0.08,1.36,0.65
-0.0,1.36,0.65
-0.08,1.36,0.64
-0.16,1.36,0.61
-0.24,1.36,0.57
-0.3,1.36,0.52
-0.35,1.36,0.45
-0.44,1.36,0.44
-0.55,1.36,0.42
-0.62,1.36,0.35
-0.71,1.36,0.29
-0.77,1.36,0.21
-0.78,1.36,0.1
-0.69,1.36,-0.0
-0.44,1.36,-0.06
-0.44,1.36,-0.12
-0.44,1.36,-0.18
-0.42,1.36,-0.25
-0.39,1.36,-0.3
-0.36,1.36,-0.36
-0.31,1.36,-0.4
-0.25,1.36,-0.44
-0.19,1.36,-0.46
-0.13,1.36,-0.47
-0.06,1.36,-0.47
0.0,1.36,-0.46
0.06,1.36,-0.44
0.11,1.36,-0.41
0.15,1.36,-0.37
0.19,1.36,-0.33
0.22,1.36,-0.28
0.23,1.36,-0.23
0.25,1.36,-0.19
0.27,1.36,-0.16
0.53,1.36,-0.22
0.65,1.36,-0.17
0.76,1.36,-0.1
0.82,1.33,0.0
0.78,1.33,0.1
0.69,1.33,0.19
0.55,1.33,0.23
0.47,1.33,0.27
0.45,1.33,0.34
0.42,1.33,0.42
0.37,1.33,0.49
0.31,1.33,0.55
0.25,1.33,0.59
0.17,1.33,0.63
0.08,1.33,0.65
-0.0,1.33,0.65
-0.09,1.33,0.64
-0.17,1.33,0.61
-0.24,1.33,0.57
-0.3,1.33,0.52
-0.35,1.33,0.45
-0.39,1.33,0.39
-0.45,1.33,0.35
-0.6,1.33,0.35
-0.71,1.33,0.29
-0.78,1.33,0.21
-0.79,1.33,0.1
-0.73,1.33,-0.0
-0.41,1.33,-0.06
-0.42,1.33,-0.11
-0.42,1.33,-0.17
-0.4,1.33,-0.23
-0.38,1.33,-0.29
-0.34,1.33,-0.34
-0.3,1.33,-0.39
-0.24,1.33,-0.42
-0.18,1.33,-0.45
-0.12,1.33,-0.46
-0.06,1.33,-0.46
0.0,1.33,-0.45
0.06,1.33,-0.42
0.11,1.33,-0.39
0.15,1.33,-0.35
0.18,1.33,-0.31
0.2,1.33,-0.26
0.22,1.33,-0.22
0.24,1.33,-0.18
0.28,1.33,-0.16
0.32,1.33,-0.13
0.64,1.33,-0.17
0.8,1.33,-0.1
0.84,1.31,0.0
0.81,1.31,0.11
0.75,1.31,0.2
0.47,1.31,0.2
0.46,1.31,0.27
0.45,1.31,0.34
0.42,1.31,0.42
0.37,1.31,0.49
0.31,1.31,0.55
0.25,1.31,0.6
0.17,1.31,0.63
0.09,1.31,0.65
-0.0,1.31,0.66
-0.09,1.31,0.65
-0.17,1.31,0.62
-0.24,1.31,0.58
-0.3,1.31,0.52
-0.35,1.31,0.46
-0.39,1.31,0.39
-0.42,1.31,0.32
-0.64,1.31,0.37
-0.74,1.31,0.3
-0.8,1.31,0.21
-0.8,1.31,0.1
-0.74,1.31,-0.0
-0.4,1.31,-0.05
-0.4,1.31,-0.11
-0.4,1.31,-0.17
-0.39,1.31,-0.23
-0.36,1.31,-0.28
-0.33,1.31,-0.33
-0.28,1.31,-0.37
-0.23,1.31,-0.4
-0.17,1.31,-0.42
-0.11,1.31,-0.43
-0.05,1.31,-0.43
0.0,1.31,-0.41
0.05,1.31,-0.39
0.1,1.31,-0.36
0.13,1.31,-0.32
0.16,1.31,-0.28
0.18,1.31,-0.24
0.2,1.31,-0.2
0.24,1.31,-0.18
0.28,1.31,-0.16
0.31,1.31,-0.13
0.62,1.31,-0.16
0.8,1.31,-0.1
0.84,1.29,0.0
0.82,1.29,0.11
0.76,1.29,0.2
0.67,1.29,0.28
0.46,1.29,0.27
0.45,1.29,0.34
0.42,1.29,0.42
0.37,1.29,0.49
0.31,1.29,0.55
0.25,1.29,0.6
0.17,1.29,0.63
0.09,1.29,0.65
-0.0,1.29,0.66
-0.09,1.29,0.65
-0.17,1.29,0.62
-0.24,1.29,0.58
-0.3,1.29,0.52
-0.36,1.29,0.46
-0.39,1.29,0.39
-0.42,1.29,0.32
-0.67,1.29,0.38
-0.75,1.29,0.31
-0.8,1.29,0.21
-0.81,1.29,0.1
-0.74,1.29,-0.0
-0.37,1.29,-0.05
-0.38,1.29,-0.1
-0.38,1.29,-0.16
-0.36,1.29,-0.21
-0.34,1.29,-0.26
-0.31,1.29,-0.31
-0.27,1.29,-0.35
-0.22,1.29,-0.38
-0.16,1.29,-0.4
-0.11,1.29,-0.4
-0.05,1.29,-0.4
0.0,1.29,-0.38
0.05,1.29,-0.36
0.09,1.29,-0.33
0.12,1.29,-0.29
0.15,1.29,-0.25
0.17,1.29,-0.22
0.2,1.29,-0.2
0.24,1.29,-0.18
0.28,1.29,-0.16
0.31,1.29,-0.13
0.67,1.29,-0.18
0.81,1.29,-0.1
0.85,1.27,0.0
0.83,1.27,0.11
0.78,1.27,0.21
0.72,1.27,0.3
0.46,1.27,0.27
0.45,1.27,0.34
0.42,1.27,0.42
0.37,1.27,0.49
0.32,1.27,0.55
0.25,1.27,0.6
0.17,1.27,0.63
0.09,1.27,0.65
-0.0,1.27,0.66
-0.09,1.27,0.65
-0.17,1.27,0.62
-0.24,1.27,0.58
-0.3,1.27,0.52
-0.35,1.27,0.46
-0.39,1.27,0.39
-0.56,1.27,0.43
-0.69,1.27,0.39
-0.76,1.27,0.31
-0.8,1.27,0.21
-0.81,1.27,0.1
-0.74,1.27,-0.0
-0.35,1.27,-0.05
-0.34,1.27,-0.09
-0.34,1.27,-0.14
-0.33,1.27,-0.19
-0.31,1.27,-0.24
-0.28,1.27,-0.28
-0.24,1.27,-0.32
-0.2,1.27,-0.35
-0.15,1.27,-0.37
-0.1,1.27,-0.37
-0.05,1.27,-0.37
0.0,1.27,-0.35
0.04,1.27,-0.33
0.08,1.27,-0.3
0.11,1.27,-0.26
0.13,1.27,-0.23
0.17,1.27,-0.22
0.21,1.27,-0.2
0.24,1.27,-0.18
0.28,1.27,-0.16
0.32,1.27,-0.13
0.72,1.27,-0.19
0.83,1.27,-0.11
0.86,1.24,0.0
0.84,1.24,0.11
0.81,1.24,0.22
0.75,1.24,0.31
0.63,1.24,0.37
0.45,1.24,0.35
0.42,1.24,0.42
0.37,1.24,0.49
0.32,1.24,0.55
0.25,1.24,0.6
0.17,1.24,0.63
0.08,1.24,0.65
-0.0,1.24,0.65
-0.09,1.24,0.64
-0.17,1.24,0.61
-0.24,1.24,0.57
-0.3,1.24,0.52
-0.35,1.24,0.45
-0.39,1.24,0.39
-0.59,1.24,0.45
-0.69,1.24,0.4
-0.76,1.24,0.31
-0.8,1.24,0.21
-0.8,1.24,0.1
-0.75,1.24,-0.0
-0.35,1.24,-0.05
-0.32,1.24,-0.09
-0.3,1.24,-0.12
-0.29,1.24,-0.17
-0.28,1.24,-0.22
-0.26,1.24,-0.26
-0.23,1.24,-0.3
-0.18,1.24,-0.32
-0.14,1.24,-0.34
-0.09,1.24,-0.34
-0.04,1.24,-0.33
0.0,1.24,-0.32
0.04,1.24,-0.29
0.07,1.24,-0.26
0.1,1.24,-0.24
0.13,1.24,-0.23
0.17,1.24,-0.22
0.2,1.24,-0.2
0.24,1.24,-0.18
0.28,1.24,-0.16
0.32,1.24,-0.13
0.74,1.24,-0.19
0.84,1.24,-0.11
0.87,1.22,0.0
0.84,1.22,0.11
0.81,1.22,0.22
0.76,1.22,0.32
0.66,1.22,0.38
0.44,1.22,0.34
0.41,1.22,0.41
0.37,1.22,0.48
0.31,1.22,0.54
0.25,1.22,0.59
0.17,1.22,0.63
0.08,1.22,0.65
-0.0,1.22,0.66
-0.09,1.22,0.64
-0.17,1.22,0.62
-0.24,1.22,0.57
-0.3,1.22,0.52
-0.35,1.22,0.46
-0.39,1.22,0.39
-0.62,1.22,0.47
-0.72,1.22,0.41
-0.78,1.22,0.32
-0.81,1.22,0.22
-0.81,1.22,0.11
-0.75,1.22,-0.0
-0.41,1.22,-0.06
-0.33,1.22,-0.09
-0.29,1.22,-0.12
-0.25,1.22,-0.15
-0.24,1.22,-0.19
-0.22,1.22,-0.22
-0.19,1.22,-0.25
-0.15,1.22,-0.27
-0.11,1.22,-0.28
-0.07,1.22,-0.28
-0.03,1.22,-0.26
0.0,1.22,-0.24
0.03,1.22,-0.24
0.06,1.22,-0.24
0.1,1.22,-0.23
0.13,1.22,-0.22
0.16,1.22,-0.21
0.2,1.22,-0.2
0.24,1.22,-0.18
0.27,1.22,-0.16
0.31,1.22,-0.13
0.72,1.22,-0.19
0.83,1.22,-0.11
0.87,1.2,0.0
0.85,1.2,0.11
0.82,1.2,0.22
0.78,1.2,0.32
0.68,1.2,0.39
0.44,1.2,0.34
0.41,1.2,0.41
0.37,1.2,0.48
0.31,1.2,0.54
0.24,1.2,0.59
0.17,1.2,0.63
0.08,1.2,0.65
-0.0,1.2,0.65
-0.09,1.2,0.64
-0.17,1.2,0.61
-0.24,1.2,0.57
-0.3,1.2,0.52
-0.35,1.2,0.46
-0.63,1.2,0.63
-0.64,1.2,0.49
-0.73,1.2,0.42
-0.78,1.2,0.32
-0.81,1.2,0.21
-0.81,1.2,0.1
-0.74,1.2,-0.0
-0.46,1.2,-0.06
-0.39,1.2,-0.1
-0.3,1.2,-0.12
-0.25,1.2,-0.15
-0.22,1.2,-0.17
-0.19,1.2,-0.19
-0.15,1.2,-0.2
-0.12,1.2,-0.21
-0.09,1.2,-0.22
-0.06,1.2,-0.23
-0.03,1.2,-0.23
0.0,1.2,-0.23
0.03,1.2,-0.23
0.06,1.2,-0.23
0.1,1.2,-0.23
0.13,1.2,-0.22
0.16,1.2,-0.21
0.2,1.2,-0.2
0.23,1.2,-0.18
0.27,1.2,-0.16
0.34,1.2,-0.14
0.73,1.2,-0.19
0.84,1.2,-0.11
0.87,1.17,0.0
0.85,1.17,0.11
0.83,1.17,0.22
0.79,1.17,0.33
0.69,1.17,0.4
0.46,1.17,0.36
0.41,1.17,0.41
0.37,1.17,0.48
0.31,1.17,0.54
0.24,1.17,0.59
0.17,1.17,0.62
0.08,1.17,0.64
-0.0,1.17,0.65
-0.08,1.17,0.63
-0.16,1.17,0.61
-0.23,1.17,0.56
-0.3,1.17,0.51
-0.58,1.17,0.76
-0.69,1.17,0.68
-0.65,1.17,0.49
-0.73,1.17,0.42
-0.78,1.17,0.32
-0.8,1.17,0.21
-0.79,1.17,0.1
-0.72,1.17,-0.0
-0.49,1.17,-0.07
-0.43,1.17,-0.12
-0.35,1.17,-0.15
-0.26,1.17,-0.15
-0.21,1.17,-0.16
-0.18,1.17,-0.18
-0.15,1.17,-0.19
-0.12,1.17,-0.21
-0.09,1.17,-0.22
-0.06,1.17,-0.22
-0.03,1.17,-0.23
0.0,1.17,-0.23
0.03,1.17,-0.23
0.06,1.17,-0.23
0.09,1.17,-0.22
0.13,1.17,-0.22
0.16,1.17,-0.21
0.2,1.17,-0.19
0.24,1.17,-0.18
0.31,1.17,-0.18
0.38,1.17,-0.15
0.72,1.17,-0.19
0.83,1.17,-0.11
0.86,1.15,-0.0
0.85,1.15,0.11
0.84,1.15,0.23
0.8,1.15,0.33
0.7,1.15,0.4
0.67,1.15,0.52
0.6,1.15,0.6
0.36,1.15,0.47
0.31,1.15,0.53
0.24,1.15,0.58
0.16,1.15,0.61
0.08,1.15,0.63
-0.0,1.15,0.64
-0.08,1.15,0.62
-0.16,1.15,0.6
-0.23,1.15,0.55
-0.29,1.15,0.5
-0.61,1.15,0.8
-0.71,1.15,0.71
-0.72,1.15,0.55
-0.74,1.15,0.42
-0.78,1.15,0.32
-0.79,1.15,0.21
-0.78,1.15,0.1
-0.71,1.15,-0.0
-0.51,1.15,-0.07
-0.45,1.15,-0.12
-0.38,1.15,-0.16
-0.29,1.15,-0.17
-0.21,1.15,-0.16
-0.18,1.15,-0.18
-0.15,1.15,-0.19
-0.12,1.15,-0.2
-0.09,1.15,-0.21
-0.06,1.15,-0.22
-0.03,1.15,-0.22
0.0,1.15,-0.22
0.03,1.15,-0.22
0.06,1.15,-0.22
0.09,1.15,-0.22
0.12,1.15,-0.21
0.16,1.15,-0.2
0.19,1.15,-0.19
0.25,1.15,-0.19
0.32,1.15,-0.18
0.39,1.15,-0.16
0.72,1.15,-0.19
0.83,1.15,-0.11
0.85,1.13,0.0
0.85,1.13,0.11
0.84,1.13,0.22
0.8,1.13,0.33
0.7,1.13,0.41
0.68,1.13,0.52
0.62,1.13,0.62
0.49,1.13,0.64
0.3,1.13,0.52
0.24,1.13,0.57
0.16,1.13,0.61
0.08,1.13,0.63
-0.0,1.13,0.63
-0.08,1.13,0.62
-0.16,1.13,0.6
-0.23,1.13,0.55
-0.44,1.13,0.76
-0.63,1.13,0.82
-0.73,1.13,0.73
-0.74,1.13,0.56
-0.75,1.13,0.43
-0.79,1.13,0.32
-0.8,1.13,0.21
-0.77,1.13,0.1
-0.67,1.13,-0.0
-0.54,1.13,-0.07
-0.48,1.13,-0.13
-0.4,1.13,-0.17
-0.32,1.13,-0.19
-0.24,1.13,-0.18
-0.17,1.13,-0.17
-0.14,1.13,-0.19
-0.11,1.13,-0.2
-0.08,1.13,-0.2
-0.06,1.13,-0.21
-0.03,1.13,-0.21
0.0,1.13,-0.22
0.03,1.13,-0.22
0.06,1.13,-0.21
0.09,1.13,-0.21
0.12,1.13,-0.2
0.15,1.13,-0.2
0.21,1.13,-0.21
0.27,1.13,-0.2
0.34,1.13,-0.19
0.4,1.13,-0.16
0.7,1.13,-0.18
0.82,1.13,-0.1
0.84,1.1,0.0
0.85,1.1,0.11
0.84,1.1,0.22
0.8,1.1,0.33
0.72,1.1,0.42
0.66,1.1,0.51
0.59,1.1,0.59
0.38,1.1,0.5
0.3,1.1,0.52
0.24,1.1,0.57
0.16,1.1,0.61
0.08,1.1,0.63
-0.0,1.1,0.63
-0.08,1.1,0.63
-0.16,1.1,0.6
-0.23,1.1,0.55
-0.47,1.1,0.8
-0.64,1.1,0.83
-0.75,1.1,0.74
-0.77,1.1,0.59
-0.75,1.1,0.43
-0.78,1.1,0.32
-0.76,1.1,0.2
-0.71,1.1,0.09
-0.58,1.1,-0.0
-0.54,1.1,-0.07
-0.48,1.1,-0.13
-0.4,1.1,-0.17
-0.33,1.1,-0.19
-0.25,1.1,-0.19
-0.18,1.1,-0.18
-0.13,1.1,-0.17
-0.1,1.1,-0.17
-0.07,1.1,-0.18
-0.05,1.1,-0.18
-0.02,1.1,-0.19
0.0,1.1,-0.19
0.03,1.1,-0.19
0.05,1.1,-0.19
0.08,1.1,-0.19
0.12,1.1,-0.2
0.17,1.1,-0.21
0.23,1.1,-0.22
0.29,1.1,-0.22
0.36,1.1,-0.21
0.43,1.1,-0.18
0.49,1.1,-0.13
0.81,1.1,-0.1
0.82,1.08,0.0
0.82,1.08,0.11
0.82,1.08,0.22
0.78,1.08,0.32
0.81,1.08,0.47
0.79,1.08,0.61
0.72,1.08,0.72
0.6,1.08,0.78
0.43,1.08,0.75
0.23,1.08,0.55
0.15,1.08,0.58
0.08,1.08,0.6
-0.0,1.08,0.6
-0.08,1.08,0.59
-0.15,1.08,0.56
-0.36,1.08,0.86
-0.55,1.08,0.96
-0.7,1.08,0.91
-0.78,1.08,0.78
-0.79,1.08,0.6
-0.73,1.08,0.42
-0.76,1.08,0.31
-0.75,1.08,0.2
-0.7,1.08,0.09
-0.62,1.08,-0.0
-0.58,1.08,-0.08
-0.52,1.08,-0.14
-0.46,1.08,-0.19
-0.38,1.08,-0.22
-0.3,1.08,-0.23
-0.23,1.08,-0.23
-0.16,1.08,-0.21
-0.11,1.08,-0.18
-0.08,1.08,-0.19
-0.05,1.08,-0.2
-0.03,1.08,-0.2
0.0,1.08,-0.2
0.03,1.08,-0.21
0.06,1.08,-0.21
0.09,1.08,-0.2
0.13,1.08,-0.22
0.18,1.08,-0.23
0.24,1.08,-0.24
0.31,1.08,-0.23
0.38,1.08,-0.21
0.44,1.08,-0.18
0.51,1.08,-0.13
0.78,1.08,-0.1
0.8,1.06,-0.0
0.82,1.06,0.11
0.83,1.06,0.22
0.8,1.06,0.33
0.78,1.06,0.45
0.76,1.06,0.58
0.69,1.06,0.69
0.57,1.06,0.75
0.38,1.06,0.66
0.22,1.06,0.54
0.15,1.06,0.57
0.08,1.06,0.59
-0.0,1.06,0.6
-0.08,1.06,0.58
-0.15,1.06,0.56
-0.21,1.06,0.52
-0.51,1.06,0.89
-0.67,1.06,0.87
-0.77,1.06,0.77
-0.8,1.06,0.61
-0.75,1.06,0.43
-0.78,1.06,0.32
-0.76,1.06,0.2
-0.69,1.06,0.09
-0.62,1.06,-0.0
-0.58,1.06,-0.08
-0.53,1.06,-0.14
-0.46,1.06,-0.19
-0.38,1.06,-0.22
-0.3,1.06,-0.23
-0.22,1.06,-0.22
-0.16,1.06,-0.2
-0.1,1.06,-0.18
-0.07,1.06,-0.17
-0.05,1.06,-0.18
-0.02,1.06,-0.18
0.0,1.06,-0.19
0.03,1.06,-0.19
0.05,1.06,-0.19
0.09,1.06,-0.21
0.13,1.06,-0.23
0.18,1.06,-0.24
0.24,1.06,-0.24
0.31,1.06,-0.24
0.38,1.06,-0.22
0.44,1.06,-0.18
0.5,1.06,-0.13
0.77,1.06,-0.1
0.79,1.04,0.0
0.82,1.04,0.11
0.83,1.04,0.22
0.79,1.04,0.33
0.77,1.04,0.44
0.75,1.04,0.57
0.69,1.04,0.69
0.57,1.04,0.75
0.4,1.04,0.7
0.23,1.04,0.55
0.15,1.04,0.57
0.08,1.04,0.59
-0.0,1.04,0.59
-0.08,1.04,0.58
-0.15,1.04,0.55
-0.21,1.04,0.51
-0.53,1.04,0.91
-0.69,1.04,0.89
-0.78,1.04,0.78
-0.81,1.04,0.62
-0.75,1.04,0.43
-0.78,1.04,0.32
-0.75,1.04,0.2
-0.66,1.04,0.09
-0.64,1.04,-0.0
-0.6,1.04,-0.08
-0.54,1.04,-0.15
-0.47,1.04,-0.2
-0.39,1.04,-0.23
-0.31,1.04,-0.24
-0.23,1.04,-0.24
-0.17,1.04,-0.22
-0.11,1.04,-0.19
-0.07,1.04,-0.17
-0.04,1.04,-0.17
-0.02,1.04,-0.17
0.0,1.04,-0.17
0.03,1.04,-0.19
0.06,1.04,-0.2
0.09,1.04,-0.22
0.14,1.04,-0.24
0.19,1.04,-0.25
0.25,1.04,-0.25
0.32,1.04,-0.24
0.39,1.04,-0.22
0.45,1.04,-0.19
0.51,1.04,-0.13
0.73,1.04,-0.09
0.76,1.01,0.0
0.8,1.01,0.11
0.82,1.01,0.22
0.79,1.01,0.33
0.78,1.01,0.45
0.76,1.01,0.58
0.69,1.01,0.69
0.58,1.01,0.76
0.42,1.01,0.73
0.23,1.01,0.57
0.15,1.01,0.55
0.07,1.01,0.57
-0.0,1.01,0.57
-0.07,1.01,0.56
-0.14,1.01,0.54
-0.21,1.01,0.5
-0.54,1.01,0.92
-0.69,1.01,0.9
-0.79,1.01,0.79
-0.81,1.01,0.62
-0.74,1.01,0.43
-0.77,1.01,0.32
-0.72,1.01,0.19
-0.67,1.01,0.09
-0.65,1.01,-0.0
-0.61,1.01,-0.08
-0.55,1.01,-0.15
-0.48,1.01,-0.2
-0.4,1.01,-0.23
-0.32,1.01,-0.25
-0.25,1.01,-0.25
-0.18,1.01,-0.23
-0.12,1.01,-0.21
-0.08,1.01,-0.19
-0.04,1.01,-0.16
-0.02,1.01,-0.16
0.0,1.01,-0.17
0.03,1.01,-0.19
0.06,1.01,-0.21
0.1,1.01,-0.23
0.14,1.01,-0.25
0.2,1.01,-0.26
0.26,1.01,-0.26
0.33,1.01,-0.25
0.4,1.01,-0.23
0.46,1.01,-0.19
0.53,1.01,-0.14
0.58,1.01,-0.07
0.71,0.99,0.0
0.78,0.99,0.1
0.81,0.99,0.22
0.78,0.99,0.32
0.8,0.99,0.46
0.78,0.99,0.6
0.71,0.99,0.71
0.59,0.99,0.76
0.42,0.99,0.72
0.24,0.99,0.58
0.14,0.99,0.54
0.07,0.99,0.55
-0.0,0.99,0.55
-0.07,0.99,0.54
-0.14,0.99,0.51
-0.21,0.99,0.51
-0.54,0.99,0.92
-0.69,0.99,0.9
-0.79,0.99,0.79
-0.82,0.99,0.62
-0.72,0.99,0.41
-0.75,0.99,0.31
-0.69,0.99,0.18
-0.68,0.99,0.09
-0.66,0.99,-0.0
-0.62,0.99,-0.08
-0.56,0.99,-0.15
-0.49,0.99,-0.2
-0.41,0.99,-0.24
-0.33,0.99,-0.26
-0.26,0.99,-0.26
-0.19,0.99,-0.25
-0.13,0.99,-0.23
-0.08,0.99,-0.21
-0.05,0.99,-0.18
-0.02,0.99,-0.14
0.0,0.99,-0.18
0.03,0.99,-0.2
0.06,0.99,-0.22
0.1,0.99,-0.24
0.15,0.99,-0.25
0.2,0.99,-0.26
0.27,0.99,-0.27
0.33,0.99,-0.25
0.4,0.99,-0.23
0.47,0.99,-0.19
0.53,0.99,-0.14
0.58,0.99,-0.07
0.63,0.97,0.0
0.72,0.97,0.09
0.77,0.97,0.21
0.76,0.97,0.32
0.8,0.97,0.46
0.78,0.97,0.6
0.71,0.97,0.71
0.59,0.97,0.77
0.43,0.97,0.74
0.25,0.97,0.6
0.15,0.97,0.56
0.07,0.97,0.53
-0.0,0.97,0.53
-0.07,0.97,0.52
-0.13,0.97,0.5
-0.21,0.97,0.52
-0.54,0.97,0.94
-0.7,0.97,0.91
-0.8,0.97,0.8
-0.82,0.97,0.63
-0.72,0.97,0.41
-0.74,0.97,0.31
-0.7,0.97,0.19
-0.7,0.97,0.09
-0.68,0.97,-0.0
-0.64,0.97,-0.09
-0.57,0.97,-0.16
-0.5,0.97,-0.21
-0.42,0.97,-0.24
-0.33,0.97,-0.26
-0.26,0.97,-0.26
-0.19,0.97,-0.25
-0.13,0.97,-0.22
-0.08,0.97,-0.2
-0.05,0.97,-0.17
-0.02,0.97,-0.17
0.0,0.97,-0.19
0.03,0.97,-0.2
0.06,0.97,-0.22
0.1,0.97,-0.24
0.15,0.97,-0.25
0.2,0.97,-0.26
0.27,0.97,-0.26
0.33,0.97,-0.25
0.4,0.97,-0.23
0.47,0.97,-0.19
0.53,0.97,-0.14
0.58,0.97,-0.07
0.62,0.94,0.0
0.69,0.94,0.09
0.76,0.94,0.2
0.74,0.94,0.31
0.79,0.94,0.46
0.78,0.94,0.6
0.71,0.94,0.71
0.59,0.94,0.78
0.44,0.94,0.76
0.26,0.94,0.62
0.15,0.94,0.57
0.07,0.94,0.52
-0.0,0.94,0.51
-0.07,0.94,0.5
-0.13,0.94,0.49
-0.22,0.94,0.52
-0.55,0.94,0.94
-0.7,0.94,0.91
-0.81,0.94,0.8
-0.82,0.94,0.63
-0.71,0.94,0.41
-0.72,0.94,0.3
-0.71,0.94,0.19
-0.71,0.94,0.09
-0.69,0.94,-0.0
-0.65,0.94,-0.09
-0.58,0.94,-0.16
-0.51,0.94,-0.21
-0.42,0.94,-0.25
-0.34,0.94,-0.26
-0.26,0.94,-0.26
-0.19,0.94,-0.25
-0.13,0.94,-0.23
-0.08,0.94,-0.21
-0.05,0.94,-0.18
-0.02,0.94,-0.17
0.0,0.94,-0.19
0.03,0.94,-0.21
0.06,0.94,-0.23
0.1,0.94,-0.24
0.15,0.94,-0.26
0.2,0.94,-0.26
0.27,0.94,-0.27
0.34,0.94,-0.26
0.4,0.94,-0.23
0.47,0.94,-0.19
0.53,0.94,-0.14
0.58,0.94,-0.07
0.63,0.92,0.0
0.67,0.92,0.09
0.73,0.92,0.2
0.74,0.92,0.31
0.8,0.92,0.46
0.78,0.92,0.6
0.71,0.92,0.71
0.6,0.92,0.78
0.44,0.92,0.77
0.26,0.92,0.64
0.16,0.92,0.59
0.07,0.92,0.52
-0.0,0.92,0.49
-0.06,0.92,0.47
-0.13,0.92,0.5
-0.22,0.92,0.52
-0.55,0.92,0.94
-0.7,0.92,0.91
-0.8,0.92,0.8
-0.82,0.92,0.63
-0.68,0.92,0.39
-0.68,0.92,0.28
-0.72,0.92,0.19
-0.72,0.92,0.09
-0.7,0.92,-0.0
-0.66,0.92,-0.09
-0.6,0.92,-0.16
-0.52,0.92,-0.22
-0.43,0.92,-0.25
-0.35,0.92,-0.27
-0.27,0.92,-0.27
-0.2,0.92,-0.26
-0.14,0.92,-0.24
-0.09,0.92,-0.22
-0.05,0.92,-0.2
-0.02,0.92,-0.17
0.0,0.92,-0.19
0.03,0.92,-0.21
0.06,0.92,-0.23
0.1,0.92,-0.24
0.15,0.92,-0.26
0.21,0.92,-0.27
0.28,0.92,-0.28
0.34,0.92,-0.26
0.41,0.92,-0.24
0.48,0.92,-0.2
0.54,0.92,-0.14
0.59,0.92,-0.08
0.64,0.9,0.0
0.69,0.9,0.09
0.72,0.9,0.19
0.76,0.9,0.32
0.81,0.9,0.47
0.79,0.9,0.61
0.72,0.9,0.72
0.59,0.9,0.77
0.43,0.9,0.75
0.27,0.9,0.64
0.16,0.9,0.59
0.07,0.9,0.52
-0.0,0.9,0.46
-0.06,0.9,0.46
-0.13,0.9,0.5
-0.22,0.9,0.52
-0.54,0.9,0.93
-0.69,0.9,0.9
-0.8,0.9,0.79
-0.82,0.9,0.62
-0.63,0.9,0.36
-0.69,0.9,0.28
-0.72,0.9,0.19
-0.73,0.9,0.09
-0.72,0.9,-0.0
-0.68,0.9,-0.09
-0.61,0.9,-0.17
-0.53,0.9,-0.22
-0.44,0.9,-0.26
-0.35,0.9,-0.27
-0.27,0.9,-0.28
-0.2,0.9,-0.26
-0.14,0.9,-0.25
-0.09,0.9,-0.22
-0.05,0.9,-0.2
-0.02,0.9,-0.18
0.0,0.9,-0.19
0.03,0.9,-0.21
0.06,0.9,-0.23
0.1,0.9,-0.24
0.15,0.9,-0.26
0.21,0.9,-0.27
0.27,0.9,-0.27
0.34,0.9,-0.26
0.41,0.9,-0.23
0.48,0.9,-0.2
0.54,0.9,-0.14
0.59,0.9,-0.07
0.64,0.87,0.0
0.69,0.87,0.09
0.73,0.87,0.2
0.75,0.87,0.31
0.79,0.87,0.46
0.78,0.87,0.6
0.71,0.87,0.71
0.59,0.87,0.77
0.43,0.87,0.75
0.27,0.87,0.66
0.16,0.87,0.61
0.07,0.87,0.54
-0.0,0.87,0.47
-0.06,0.87,0.46
-0.13,0.87,0.5
-0.22,0.87,0.52
-0.54,0.87,0.94
-0.7,0.87,0.91
-0.8,0.87,0.8
-0.82,0.87,0.62
-0.65,0.87,0.37
-0.71,0.87,0.29
-0.74,0.87,0.2
-0.75,0.87,0.1
-0.73,0.87,-0.0
-0.69,0.87,-0.09
-0.62,0.87,-0.17
-0.53,0.87,-0.22
-0.44,0.87,-0.26
-0.35,0.87,-0.27
-0.27,0.87,-0.27
-0.2,0.87,-0.26
-0.14,0.87,-0.24
-0.09,0.87,-0.21
-0.05,0.87,-0.19
-0.02,0.87,-0.17
0.0,0.87,-0.19
0.03,0.87,-0.21
0.06,0.87,-0.22
0.1,0.87,-0.24
0.15,0.87,-0.26
0.2,0.87,-0.26
0.27,0.87,-0.26
0.33,0.87,-0.25
0.4,0.87,-0.23
0.47,0.87,-0.19
0.53,0.87,-0.14
0.58,0.87,-0.07
0.64,0.85,0.0
0.69,0.85,0.09
0.74,0.85,0.2
0.75,0.85,0.31
0.79,0.85,0.45
0.77,0.85,0.59
0.71,0.85,0.71
0.59,0.85,0.77
0.44,0.85,0.76
0.28,0.85,0.67
0.17,0.85,0.62
0.07,0.85,0.55
-0.0,0.85,0.47
-0.06,0.85,0.46
-0.13,0.85,0.5
-0.22,0.85,0.52
-0.54,0.85,0.94
-0.7,0.85,0.91
-0.8,0.85,0.8
-0.81,0.85,0.62
-0.65,0.85,0.38
-0.71,0.85,0.29
-0.75,0.85,0.2
-0.76,0.85,0.1
-0.74,0.85,-0.0
-0.7,0.85,-0.09
-0.63,0.85,-0.17
-0.54,0.85,-0.23
-0.45,0.85,-0.26
-0.35,0.85,-0.27
-0.27,0.85,-0.27
-0.2,0.85,-0.26
-0.13,0.85,-0.24
-0.09,0.85,-0.21
-0.05,0.85,-0.19
-0.02,0.85,-0.17
0.0,0.85,-0.18
0.03,0.85,-0.2
0.06,0.85,-0.22
0.1,0.85,-0.24
0.15,0.85,-0.25
0.2,0.85,-0.26
0.26,0.85,-0.26
0.33,0.85,-0.25
0.4,0.85,-0.23
0.47,0.85,-0.19
0.53,0.85,-0.14
0.59,0.85,-0.07
0.64,0.83,-0.0
0.7,0.83,0.09
0.75,0.83,0.2
0.76,0.83,0.32
0.79,0.83,0.45
0.77,0.83,0.59
0.71,0.83,0.71
0.59,0.83,0.77
0.43,0.83,0.75
0.28,0.83,0.68
0.17,0.83,0.63
0.07,0.83,0.56
-0.0,0.83,0.47
-0.06,0.83,0.45
-0.13,0.83,0.49
-0.22,0.83,0.52
-0.54,0.83,0.92
-0.69,0.83,0.9
-0.79,0.83,0.79
-0.79,0.83,0.6
-0.66,0.83,0.38
-0.72,0.83,0.3
-0.76,0.83,0.2
-0.77,0.83,0.1
-0.76,0.83,-0.0
-0.72,0.83,-0.1
-0.65,0.83,-0.18
-0.57,0.83,-0.24
-0.46,0.83,-0.27
-0.36,0.83,-0.28
-0.28,0.83,-0.28
-0.2,0.83,-0.26
-0.14,0.83,-0.24
-0.09,0.83,-0.22
-0.05,0.83,-0.19
-0.02,0.83,-0.17
0.0,0.83,-0.17
0.03,0.83,-0.19
0.06,0.83,-0.21
0.1,0.83,-0.23
0.14,0.83,-0.25
0.2,0.83,-0.26
0.26,0.83,-0.26
0.33,0.83,-0.25
0.4,0.83,-0.23
0.47,0.83,-0.19
0.53,0.83,-0.14
0.59,0.83,-0.08
0.65,0.81,0.0
0.73,0.81,0.1
0.77,0.81,0.21
0.77,0.81,0.32
0.78,0.81,0.45
0.77,0.81,0.59
0.7,0.81,0.7
0.57,0.81,0.75
0.4,0.81,0.69
0.28,0.81,0.68
0.17,0.81,0.63
0.07,0.81,0.55
-0.0,0.81,0.46
-0.06,0.81,0.45
-0.13,0.81,0.49
-0.21,0.81,0.51
-0.52,0.81,0.89
-0.67,0.81,0.88
-0.77,0.81,0.77
-0.77,0.81,0.59
-0.66,0.81,0.38
-0.72,0.81,0.3
-0.77,0.81,0.2
-0.78,0.81,0.1
-0.77,0.81,-0.0
-0.73,0.81,-0.1
-0.67,0.81,-0.18
-0.59,0.81,-0.25
-0.48,0.81,-0.28
-0.37,0.81,-0.28
-0.27,0.81,-0.28
-0.2,0.81,-0.26
-0.13,0.81,-0.23
-0.09,0.81,-0.21
-0.05,0.81,-0.18
-0.02,0.81,-0.16
0.0,0.81,-0.17
0.03,0.81,-0.19
0.06,0.81,-0.2
0.09,0.81,-0.22
0.14,0.81,-0.24
0.19,0.81,-0.25
0.25,0.81,-0.25
0.32,0.81,-0.24
0.39,0.81,-0.22
0.46,0.81,-0.19
0.52,0.81,-0.14
0.58,0.81,-0.07
0.65,0.78,0.0
0.73,0.78,0.1
0.77,0.78,0.21
0.78,0.78,0.32
0.75,0.78,0.43
0.75,0.78,0.57
0.68,0.78,0.69
0.57,0.78,0.75
0.41,0.78,0.71
0.28,0.78,0.69
0.17,0.78,0.65
0.07,0.78,0.57
-0.0,0.78,0.48
-0.06,0.78,0.44
-0.13,0.78,0.48
-0.21,0.78,0.51
-0.52,0.78,0.9
-0.68,0.78,0.88
-0.78,0.78,0.77
-0.75,0.78,0.57
-0.67,0.78,0.39
-0.74,0.78,0.31
-0.78,0.78,0.21
-0.8,0.78,0.1
-0.78,0.78,-0.0
-0.74,0.78,-0.1
-0.68,0.78,-0.19
-0.6,0.78,-0.25
-0.5,0.78,-0.29
-0.37,0.78,-0.28
-0.27,0.78,-0.27
-0.19,0.78,-0.25
-0.13,0.78,-0.22
-0.08,0.78,-0.19
-0.04,0.78,-0.16
-0.02,0.78,-0.14
0.0,0.78,-0.16
0.02,0.78,-0.18
0.05,0.78,-0.2
0.09,0.78,-0.21
0.13,0.78,-0.23
0.19,0.78,-0.24
0.25,0.78,-0.24
0.31,0.78,-0.24
0.38,0.78,-0.22
0.45,0.78,-0.18
0.51,0.78,-0.13
0.58,0.78,-0.07
0.66,0.76,0.0
0.74,0.76,0.1
0.78,0.76,0.21
0.79,0.76,0.33
0.76,0.76,0.44
0.74,0.76,0.57
0.68,0.76,0.68
0.57,0.76,0.74
0.4,0.76,0.7
0.28,0.76,0.69
0.17,0.76,0.65
0.07,0.76,0.57
-0.0,0.76,0.47
-0.06,0.76,0.43
-0.13,0.76,0.47
-0.21,0.76,0.5
-0.51,0.76,0.88
-0.67,0.76,0.87
-0.76,0.76,0.76
-0.59,0.76,0.45
-0.68,0.76,0.39
-0.75,0.76,0.31
-0.79,0.76,0.21
-0.8,0.76,0.1
-0.79,0.76,-0.0
-0.76,0.76,-0.1
-0.7,0.76,-0.19
-0.63,0.76,-0.26
-0.53,0.76,-0.31
-0.4,0.76,-0.31
-0.27,0.76,-0.27
-0.19,0.76,-0.25
-0.12,0.76,-0.22
-0.08,0.76,-0.18
-0.04,0.76,-0.16
-0.02,0.76,-0.13
0.0,0.76,-0.15
0.02,0.76,-0.16
0.05,0.76,-0.18
0.08,0.76,-0.2
0.13,0.76,-0.22
0.18,0.76,-0.23
0.24,0.76,-0.24
0.3,0.76,-0.23
0.37,0.76,-0.21
0.44,0.76,-0.18
0.51,0.76,-0.13
0.58,0.76,-0.07
0.68,0.74,-0.0
0.76,0.74,0.1
0.79,0.74,0.21
0.8,0.74,0.33
0.76,0.74,0.44
0.73,0.74,0.56
0.67,0.74,0.67
0.55,0.74,0.72
0.4,0.74,0.7
0.28,0.74,0.69
0.17,0.74,0.64
0.07,0.74,0.56
-0.0,0.74,0.46
-0.06,0.74,0.42
-0.12,0.74,0.46
-0.21,0.74,0.49
-0.48,0.74,0.83
-0.65,0.74,0.84
-0.74,0.74,0.74
-0.59,0.74,0.45
-0.68,0.74,0.39
-0.74,0.74,0.31
-0.79,0.74,0.21
-0.81,0.74,0.1
-0.8,0.74,-0.0
-0.77,0.74,-0.1
-0.72,0.74,-0.2
-0.66,0.74,-0.27
-0.57,0.74,-0.33
-0.45,0.74,-0.35
-0.32,0.74,-0.32
-0.19,0.74,-0.26
-0.13,0.74,-0.22
-0.08,0.74,-0.19
-0.04,0.74,-0.16
-0.02,0.74,-0.13
0.0,0.74,-0.13
0.02,0.74,-0.14
0.04,0.74,-0.16
0.08,0.74,-0.18
0.12,0.74,-0.2
0.17,0.74,-0.22
0.23,0.74,-0.23
0.29,0.74,-0.22
0.36,0.74,-0.21
0.43,0.74,-0.18
0.5,0.74,-0.13
0.58,0.74,-0.07
0.7,0.71,-0.0
0.77,0.71,0.1
0.81,0.71,0.22
0.81,0.71,0.33
0.77,0.71,0.44
0.71,0.71,0.54
0.64,0.71,0.64
0.52,0.71,0.67
0.4,0.71,0.69
0.28,0.71,0.68
0.17,0.71,0.64
0.07,0.71,0.56
-0.0,0.71,0.45
-0.05,0.71,0.4
-0.12,0.71,0.45
-0.2,0.71,0.49
-0.29,0.71,0.51
-0.62,0.71,0.81
-0.71,0.71,0.7
-0.59,0.71,0.45
-0.68,0.71,0.39
-0.75,0.71,0.31
-0.8,0.71,0.21
-0.81,0.71,0.11
-0.81,0.71,-0.0
-0.78,0.71,-0.1
-0.74,0.71,-0.2
-0.67,0.71,-0.28
-0.58,0.71,-0.34
-0.47,0.71,-0.36
-0.33,0.71,-0.33
-0.18,0.71,-0.24
-0.12,0.71,-0.2
-0.07,0.71,-0.16
-0.03,0.71,-0.13
-0.01,0.71,-0.1
0.0,0.71,-0.12
0.02,0.71,-0.13
0.04,0.71,-0.15
0.07,0.71,-0.17
0.11,0.71,-0.19
0.16,0.71,-0.2
0.21,0.71,-0.21
0.28,0.71,-0.21
0.34,0.71,-0.2
0.41,0.71,-0.17
0.48,0.71,-0.13
0.58,0.71,-0.07
0.7,0.69,0.0
0.78,0.69,0.1
0.81,0.69,0.22
0.81,0.69,0.34
0.77,0.69,0.45
0.71,0.69,0.54
0.63,0.69,0.63
0.52,0.69,0.68
0.4,0.69,0.7
0.28,0.69,0.69
0.17,0.69,0.65
0.07,0.69,0.57
-0.0,0.69,0.46
-0.05,0.69,0.39
-0.12,0.69,0.44
-0.2,0.69,0.48
-0.29,0.69,0.51
-0.61,0.69,0.8
-0.68,0.69,0.68
-0.6,0.69,0.46
-0.69,0.69,0.4
-0.76,0.69,0.31
-0.8,0.69,0.21
-0.82,0.69,0.11
-0.82,0.69,-0.0
-0.79,0.69,-0.11
-0.75,0.69,-0.2
-0.69,0.69,-0.29
-0.6,0.69,-0.35
-0.49,0.69,-0.38
-0.35,0.69,-0.35
-0.17,0.69,-0.23
-0.11,0.69,-0.18
-0.06,0.69,-0.14
-0.03,0.69,-0.11
-0.01,0.69,-0.08
0.0,0.69,-0.1
0.01,0.69,-0.11
0.03,0.69,-0.13
0.06,0.69,-0.15
0.1,0.69,-0.17
0.14,0.69,-0.18
0.2,0.69,-0.2
0.26,0.69,-0.2
0.33,0.69,-0.19
0.4,0.69,-0.16
0.47,0.69,-0.12
0.59,0.69,-0.07
0.72,0.67,0.0
0.79,0.67,0.1
0.82,0.67,0.22
0.82,0.67,0.34
0.78,0.67,0.45
0.71,0.67,0.55
0.62,0.67,0.62
0.52,0.67,0.67
0.4,0.67,0.7
0.28,0.67,0.69
0.17,0.67,0.64
0.07,0.67,0.56
-0.0,0.67,0.45
-0.05,0.67,0.37
-0.12,0.67,0.43
-0.2,0.67,0.47
-0.29,0.67,0.5
-0.39,0.67,0.51
-0.5,0.67,0.5
-0.6,0.67,0.46
-0.69,0.67,0.4
-0.76,0.67,0.31
-0.81,0.67,0.21
-0.83,0.67,0.11
-0.82,0.67,-0.0
-0.8,0.67,-0.11
-0.77,0.67,-0.21
-0.7,0.67,-0.29
-0.62,0.67,-0.36
-0.52,0.67,-0.4
-0.39,0.67,-0.39
-0.23,0.67,-0.31
-0.1,0.67,-0.18
-0.05,0.67,-0.13
-0.02,0.67,-0.09
-0.01,0.67,-0.07
0.0,0.67,-0.07
0.01,0.67,-0.08
0.02,0.67,-0.09
0.05,0.67,-0.11
0.08,0.67,-0.13
0.12,0.67,-0.15
0.17,0.67,-0.17
0.24,0.67,-0.18
0.3,0.67,-0.17
0.38,0.67,-0.15
0.46,0.67,-0.12
0.61,0.67,-0.08
0.74,0.64,0.0
0.8,0.64,0.11
0.83,0.64,0.22
0.83,0.64,0.34
0.78,0.64,0.45
0.71,0.64,0.55
0.62,0.64,0.62
0.51,0.64,0.67
0.4,0.64,0.69
0.28,0.64,0.67
0.17,0.64,0.63
0.07,0.64,0.54
-0.0,0.64,0.42
-0.05,0.64,0.35
-0.11,0.64,0.41
-0.19,0.64,0.46
-0.28,0.64,0.49
-0.39,0.64,0.5
-0.49,0.64,0.49
-0.6,0.64,0.45
-0.68,0.64,0.39
-0.75,0.64,0.31
-0.8,0.64,0.21
-0.82,0.64,0.11
-0.83,0.64,-0.0
-0.81,0.64,-0.11
-0.78,0.64,-0.21
-0.73,0.64,-0.3
-0.65,0.64,-0.38
-0.55,0.64,-0.42
-0.43,0.64,-0.43
-0.28,0.64,-0.37
-0.1,0.64,-0.18
-0.05,0.64,-0.12
-0.02,0.64,-0.08
-0.01,0.64,-0.06
0.0,0.64,-0.04
0.0,0.64,-0.03
0.01,0.64,-0.04
0.02,0.64,-0.05
0.05,0.64,-0.08
0.09,0.64,-0.11
0.14,0.64,-0.14
0.21,0.64,-0.16
0.28,0.64,-0.16
0.36,0.64,-0.15
0.48,0.64,-0.13
0.63,0.64,-0.08
0.75,0.62,0.0
0.82,0.62,0.11
0.84,0.62,0.23
0.83,0.62,0.35
0.79,0.62,0.46
0.72,0.62,0.55
0.62,0.62,0.62
0.51,0.62,0.67
0.4,0.62,0.69
0.28,0.62,0.67
0.17,0.62,0.62
0.07,0.62,0.53
-0.0,0.62,0.4
-0.04,0.62,0.33
-0.11,0.62,0.4
-0.19,0.62,0.45
-0.28,0.62,0.49
-0.39,0.62,0.51
-0.5,0.62,0.5
-0.6,0.62,0.46
-0.69,0.62,0.4
-0.76,0.62,0.31
-0.81,0.62,0.22
-0.83,0.62,0.11
-0.84,0.62,-0.0
-0.82,0.62,-0.11
-0.79,0.62,-0.21
-0.74,0.62,-0.31
-0.66,0.62,-0.38
-0.56,0.62,-0.43
-0.43,0.62,-0.43
-0.28,0.62,-0.37
-0.07,0.62,-0.11
0.0,0.62,0.0
0.0,0.62,0.01
0.0,0.62,0.01
-0.0,0.62,0.0
-0.0,0.62,0.0
-0.0,0.62,0.0
-0.0,0.62,0.0
-0.0,0.62,0.0
-0.0,0.62,0.0
0.09,0.62,-0.09
0.16,0.62,-0.12
0.24,0.62,-0.14
0.32,0.62,-0.13
0.47,0.62,-0.12
0.63,0.62,-0.08
0.76,0.6,0.0
0.83,0.6,0.11
0.86,0.6,0.23
0.84,0.6,0.35
0.8,0.6,0.46
0.72,0.6,0.56
0.63,0.6,0.63
0.52,0.6,0.68
0.4,0.6,0.69
0.28,0.6,0.67
0.17,0.6,0.62
0.07,0.6,0.53
-0.0,0.6,0.36
-0.04,0.6,0.34
-0.11,0.6,0.41
-0.19,0.6,0.46
-0.29,0.6,0.5
-0.4,0.6,0.51
-0.51,0.6,0.5
-0.6,0.6,0.46
-0.69,0.6,0.39
-0.75,0.6,0.31
-0.8,0.6,0.21
-0.82,0.6,0.11
-0.83,0.6,-0.0
-0.82,0.6,-0.11
-0.79,0.6,-0.21
-0.74,0.6,-0.31
-0.67,0.6,-0.39
-0.58,0.6,-0.45
-0.46,0.6,-0.47
-0.33,0.6,-0.43
-0.19,0.6,-0.33
0.02,0.6,0.05
0.02,0.6,0.07
0.0,0.6,0.01
-0.0,0.6,0.01
-0.0,0.6,0.01
-0.0,0.6,0.01
-0.0,0.6,0.01
-0.0,0.6,0.01
-0.0,0.6,0.0
-0.0,0.6,0.0
-0.0,0.6,0.0
-0.0,0.6,0.0
0.28,0.6,-0.11
0.51,0.6,-0.13
0.66,0.6,-0.08
0.77,0.58,0.0
0.84,0.58,0.11
0.86,0.58,0.23
0.84,0.58,0.35
0.79,0.58,0.46
0.72,0.58,0.55
0.62,0.58,0.62
0.5,0.58,0.66
0.39,0.58,0.67
0.27,0.58,0.65
0.16,0.58,0.59
0.06,0.58,0.5
-0.0,0.58,0.33
-0.03,0.58,0.24
-0.09,0.58,0.34
-0.17,0.58,0.41
-0.27,0.58,0.46
-0.37,0.58,0.48
-0.48,0.58,0.48
-0.59,0.58,0.45
-0.68,0.58,0.39
-0.75,0.58,0.31
-0.8,0.58,0.21
-0.83,0.58,0.11
-0.85,0.58,-0.0
-0.84,0.58,-0.11
-0.82,0.58,-0.22
-0.78,0.58,-0.32
-0.71,0.58,-0.41
-0.61,0.58,-0.47
-0.49,0.58,-0.49
-0.35,0.58,-0.45
-0.18,0.58,-0.32
0.03,0.58,0.06
0.02,0.58,0.07
0.01,0.58,0.09
-0.0,0.58,0.09
-0.01,0.58,0.05
-0.01,0.58,0.03
-0.01,0.58,0.03
-0.01,0.58,0.02
-0.01,0.58,0.02
-0.01,0.58,0.01
-0.01,0.58,0.01
-0.01,0.58,0.01
0.24,0.58,-0.1
0.52,0.58,-0.14
0.67,0.58,-0.09
0.79,0.55,-0.0
0.85,0.55,0.11
0.87,0.55,0.23
0.85,0.55,0.35
0.8,0.55,0.46
0.72,0.55,0.55
0.62,0.55,0.62
0.51,0.55,0.66
0.38,0.55,0.67
0.27,0.55,0.64
0.15,0.55,0.58
0.06,0.55,0.47
0.01,0.55,-5.0
-0.03,0.55,0.22
-0.09,0.55,0.33
-0.17,0.55,0.4
-0.26,0.55,0.45
-0.37,0.55,0.48
-0.48,0.55,0.48
-0.58,0.55,0.45
-0.67,0.55,0.39
-0.74,0.55,0.31
-0.8,0.55,0.21
-0.83,0.55,0.11
-0.85,0.55,-0.0
-0.85,0.55,-0.11
-0.83,0.55,-0.22
-0.79,0.55,-0.33
-0.72,0.55,-0.42
-0.62,0.55,-0.48
-0.51,0.55,-0.51
-0.37,0.55,-0.49
-0.22,0.55,-0.39
0.04,0.55,0.1
0.03,0.55,0.12
0.02,0.55,0.17
-0.02,0.55,5.0
-0.01,0.55,0.09
-0.02,0.55,0.06
-0.02,0.55,0.04
-0.02,0.55,0.03
-0.02,0.55,0.03
-0.02,0.55,0.02
-0.02,0.55,0.02
-0.03,0.55,0.01
-0.03,0.55,0.01
0.53,0.55,-0.14
0.69,0.55,-0.09
0.8,0.53,0.0
0.86,0.53,0.11
0.88,0.53,0.24
0.86,0.53,0.36
0.81,0.53,0.47
0.73,0.53,0.56
0.62,0.53,0.62
0.51,0.53,0.66
0.39,0.53,0.67
0.26,0.53,0.64
0.15,0.53,0.58
0.06,0.53,0.46
0.01,0.53,-5.0
0.66,0.53,-4.96
-0.08,0.53,0.3
-0.17,0.53,0.4
-0.27,0.53,0.46
-0.38,0.53,0.49
-0.49,0.53,0.49
-0.59,0.53,0.45
-0.68,0.53,0.39
-0.75,0.53,0.31
-0.8,0.53,0.21
-0.84,0.53,0.11
-0.86,0.53,-0.0
-0.86,0.53,-0.11
-0.84,0.53,-0.23
-0.79,0.53,-0.33
-0.72,0.53,-0.42
-0.63,0.53,-0.48
-0.51,0.53,-0.51
-0.37,0.53,-0.49
-0.22,0.53,-0.38
0.05,0.53,0.12
0.04,0.53,0.15
0.03,0.53,0.21
-0.02,0.53,5.0
-0.67,0.53,4.95
-0.03,0.53,0.1
-0.03,0.53,0.07
-0.03,0.53,0.06
-0.04,0.53,0.05
-0.04,0.53,0.04
-0.04,0.53,0.03
-0.04,0.53,0.02
-0.04,0.53,0.02
0.53,0.53,-0.14
0.69,0.53,-0.09
0.81,0.51,-0.0
0.87,0.51,0.11
0.89,0.51,0.24
0.87,0.51,0.36
0.81,0.51,0.47
0.73,0.51,0.56
0.62,0.51,0.62
0.51,0.51,0.66
0.38,0.51,0.67
0.26,0.51,0.63
0.15,0.51,0.56
0.06,0.51,0.43
0.01,0.51,-5.0
0.66,0.51,-4.96
-0.07,0.51,0.25
-0.16,0.51,0.38
-0.26,0.51,0.45
-0.37,0.51,0.48
-0.48,0.51,0.48
-0.59,0.51,0.45
-0.68,0.51,0.39
-0.75,0.51,0.31
-0.8,0.51,0.21
-0.84,0.51,0.11
-0.86,0.51,-0.0
-0.86,0.51,-0.12
-0.84,0.51,-0.23
-0.81,0.51,-0.34
-0.74,0.51,-0.43
-0.64,0.51,-0.49
-0.52,0.51,-0.52
-0.39,0.51,-0.51
-0.24,0.51,-0.42
0.06,0.51,0.14
0.05,0.51,0.17
0.03,0.51,0.24
-0.02,0.51,5.0
-0.67,0.51,4.95
-0.04,0.51,0.16
-0.04,0.51,0.1
-0.04,0.51,0.07
-0.04,0.51,0.06
-0.05,0.51,0.04
-0.04,0.51,0.03
-0.05,0.51,0.03
-0.05,0.51,0.02
0.55,0.51,-0.14
0.7,0.51,-0.09
0.82,0.48,-0.0
0.88,0.48,0.12
0.89,0.48,0.24
0.87,0.48,0.36
0.81,0.48,0.47
0.73,0.48,0.56
0.62,0.48,0.62
0.5,0.48,0.66
0.38,0.48,0.66
0.26,0.48,0.62
0.14,0.48,0.54
0.05,0.48,0.36
0.01,0.48,-5.0
0.66,0.48,-4.96
1.3,0.48,-4.83
-0.15,0.48,0.35
-0.25,0.48,0.43
-0.36,0.48,0.47
-0.47,0.48,0.47
-0.57,0.48,0.44
-0.66,0.48,0.38
-0.74,0.48,0.3
-0.79,0.48,0.21
-0.83,0.48,0.11
-0.86,0.48,-0.0
-0.87,0.48,-0.12
-0.85,0.48,-0.23
-0.82,0.48,-0.34
-0.75,0.48,-0.44
-0.66,0.48,-0.51
-0.54,0.48,-0.54
-0.41,0.48,-0.54
-0.27,0.48,-0.48
0.06,0.48,0.15
0.05,0.48,0.19
0.64,0.48,4.96
-0.02,0.48,5.0
-0.67,0.48,4.95
-1.31,0.48,4.82
-0.05,0.48,0.12
-0.05,0.48,0.08
-0.04,0.48,0.06
-0.04,0.48,0.04
-0.04,0.48,0.03
-0.04,0.48,0.03
-0.04,0.48,0.02
0.58,0.48,-0.15
0.73,0.48,-0.09
0.84,0.46,0.0
0.89,0.46,0.12
0.9,0.46,0.24
0.88,0.46,0.36
0.82,0.46,0.47
0.73,0.46,0.56
0.62,0.46,0.62
0.5,0.46,0.65
0.37,0.46,0.64
0.25,0.46,0.6
0.14,0.46,0.51
-0.65,0.46,-4.96
0.01,0.46,-5.0
0.66,0.46,-4.96
1.3,0.46,-4.83
-0.12,0.46,0.3
-0.23,0.46,0.4
-0.34,0.46,0.44
-0.45,0.46,0.45
-0.55,0.46,0.42
-0.65,0.46,0.37
-0.72,0.46,0.3
-0.78,0.46,0.21
-0.83,0.46,0.11
-0.86,0.46,-0.0
-0.87,0.46,-0.12
-0.86,0.46,-0.23
-0.83,0.46,-0.35
-0.76,0.46,-0.44
-0.66,0.46,-0.51
-0.55,0.46,-0.55
-0.42,0.46,-0.55
-0.28,0.46,-0.49
0.07,0.46,0.16
0.06,0.46,0.21
0.64,0.46,4.96
-0.02,0.46,5.0
-0.67,0.46,4.95
-1.31,0.46,4.82
-0.07,0.46,0.16
-0.06,0.46,0.1
-0.05,0.46,0.07
-0.05,0.46,0.05
-0.05,0.46,0.04
-0.05,0.46,0.03
-0.05,0.46,0.02
0.58,0.46,-0.15
0.73,0.46,-0.09
0.84,0.44,0.0
0.89,0.44,0.12
0.91,0.44,0.24
0.88,0.44,0.37
0.84,0.44,0.48
0.74,0.44,0.57
0.62,0.44,0.62
0.5,0.44,0.65
0.37,0.44,0.65
0.25,0.44,0.6
0.13,0.44,0.5
-0.65,0.44,-4.96
0.01,0.44,-5.0
0.66,0.44,-4.96
1.3,0.44,-4.83
1.92,0.44,-4.62
-0.23,0.44,0.39
-0.34,0.44,0.44
-0.45,0.44,0.45
-0.56,0.44,0.43
-0.65,0.44,0.37
-0.73,0.44,0.3
-0.79,0.44,0.21
-0.83,0.44,0.11
-0.86,0.44,-0.0
-0.88,0.44,-0.12
-0.87,0.44,-0.24
-0.83,0.44,-0.35
-0.76,0.44,-0.44
-0.66,0.44,-0.51
-0.55,0.44,-0.55
-0.41,0.44,-0.54
-0.28,0.44,-0.49
0.07,0.44,0.17
0.06,0.44,0.22
0.64,0.44,4.96
-0.02,0.44,5.0
-0.67,0.44,4.95
-1.31,0.44,4.82
-1.93,0.44,4.61
-0.07,0.44,0.12
-0.06,0.44,0.08
-0.06,0.44,0.06
-0.06,0.44,0.05
-0.06,0.44,0.03
-0.06,0.44,0.02
0.59,0.44,-0.15
0.74,0.44,-0.09
0.84,0.41,0.0
0.9,0.41,0.12
0.91,0.41,0.25
0.9,0.41,0.38
0.87,0.41,0.5
0.77,0.41,0.59
0.62,0.41,0.62
0.5,0.41,0.65
0.37,0.41,0.64
0.24,0.41,0.59
0.13,0.41,0.48
-0.65,0.41,-4.96
0.01,0.41,-5.0
0.66,0.41,-4.96
1.3,0.41,-4.83
1.92,0.41,-4.62
-0.21,0.41,0.36
-0.33,0.41,0.42
-0.44,0.41,0.44
-0.55,0.41,0.42
-0.64,0.41,0.37
-0.72,0.41,0.29
-0.78,0.41,0.21
-0.83,0.41,0.11
-0.86,0.41,-0.0
-0.88,0.41,-0.12
-0.88,0.41,-0.24
-0.84,0.41,-0.35
-0.77,0.41,-0.45
-0.68,0.41,-0.53
-0.58,0.41,-0.58
-0.43,0.41,-0.57
-0.29,0.41,-0.5
-0.13,0.41,-0.31
0.06,0.41,0.25
0.64,0.41,4.96
-0.02,0.41,5.0
-0.67,0.41,4.95
-1.31,0.41,4.82
-1.93,0.41,4.61
-0.08,0.41,0.14
-0.07,0.41,0.09
-0.07,0.41,0.07
-0.07,0.41,0.05
-0.06,0.41,0.04
-0.06,0.41,0.03
0.6,0.41,-0.16
0.75,0.41,-0.1
0.85,0.39,0.0
0.9,0.39,0.12
0.92,0.39,0.25
0.93,0.39,0.38
0.89,0.39,0.51
0.79,0.39,0.6
0.64,0.39,0.64
0.49,0.39,0.64
0.36,0.39,0.63
0.24,0.39,0.57
0.11,0.39,0.43
-0.65,0.39,-4.96
0.01,0.39,-5.0
0.66,0.39,-4.96
1.3,0.39,-4.83
1.92,0.39,-4.62
-0.17,0.39,0.29
-0.3,0.39,0.39
-0.42,0.39,0.41
-0.52,0.39,0.4
-0.61,0.39,0.35
-0.69,0.39,0.29
-0.76,0.39,0.2
-0.82,0.39,0.11
-0.86,0.39,-0.0
-0.88,0.39,-0.12
-0.88,0.39,-0.24
-0.85,0.39,-0.35
-0.79,0.39,-0.46
-0.71,0.39,-0.55
-0.61,0.39,-0.61
-0.47,0.39,-0.62
-0.3,0.39,-0.53
-0.17,0.39,-0.41
0.08,0.39,0.3
0.64,0.39,4.96
-0.02,0.39,5.0
-0.67,0.39,4.95
-1.31,0.39,4.82
-1.93,0.39,4.61
-0.11,0.39,0.2
-0.08,0.39,0.11
-0.08,0.39,0.08
-0.07,0.39,0.06
-0.07,0.39,0.04
-0.07,0.39,0.03
0.62,0.39,-0.16
0.76,0.39,-0.1
0.86,0.37,0.0
0.91,0.37,0.12
0.93,0.37,0.25
0.95,0.37,0.39
0.9,0.37,0.52
0.8,0.37,0.62
0.66,0.37,0.66
0.49,0.37,0.63
0.35,0.37,0.61
0.23,0.37,0.54
-1.29,0.37,-4.83
-0.65,0.37,-4.96
0.01,0.37,-5.0
0.66,0.37,-4.96
1.3,0.37,-4.83
1.92,0.37,-4.62
2.51,0.37,-4.33
-0.27,0.37,0.36
-0.4,0.37,0.39
-0.5,0.37,0.39
-0.6,0.37,0.35
-0.69,0.37,0.28
-0.76,0.37,0.2
-0.81,0.37,0.11
-0.86,0.37,-0.0
-0.88,0.37,-0.12
-0.88,0.37,-0.24
-0.85,0.37,-0.35
-0.8,0.37,-0.46
-0.73,0.37,-0.56
-0.62,0.37,-0.62
-0.48,0.37,-0.63
-0.32,0.37,-0.56
-0.17,0.37,-0.41
1.28,0.37,4.83
0.64,0.37,4.96
-0.02,0.37,5.0
-0.67,0.37,4.95
-1.31,0.37,4.82
-1.93,0.37,4.61
-2.52,0.37,4.32
-0.1,0.37,0.13
-0.09,0.37,0.09
-0.09,0.37,0.06
-0.08,0.37,0.05
-0.08,0.37,0.03
0.61,0.37,-0.16
0.75,0.37,-0.1
0.85,0.35,-0.0
0.91,0.35,0.12
0.95,0.35,0.25
0.97,0.35,0.4
0.93,0.35,0.54
0.83,0.35,0.64
0.69,0.35,0.69
0.49,0.35,0.64
0.35,0.35,0.61
0.22,0.35,0.54
-1.29,0.35,-4.83
-0.65,0.35,-4.96
0.01,0.35,-5.0
0.66,0.35,-4.96
1.3,0.35,-4.83
1.92,0.35,-4.62
2.51,0.35,-4.33
-0.25,0.35,0.33
-0.38,0.35,0.38
-0.5,0.35,0.38
-0.6,0.35,0.34
-0.68,0.35,0.28
-0.76,0.35,0.2
-0.82,0.35,0.11
-0.87,0.35,-0.0
-0.9,0.35,-0.12
-0.89,0.35,-0.24
-0.85,0.35,-0.36
-0.81,0.35,-0.47
-0.73,0.35,-0.57
-0.63,0.35,-0.63
-0.49,0.35,-0.64
-0.33,0.35,-0.58
-0.16,0.35,-0.39
1.28,0.35,4.83
0.64,0.35,4.96
-0.02,0.35,5.0
-0.67,0.35,4.95
-1.31,0.35,4.82
-1.93,0.35,4.61
-2.52,0.35,4.32
-0.12,0.35,0.16
-0.1,0.35,0.1
-0.1,0.35,0.07
-0.09,0.35,0.05
-0.09,0.35,0.04
0.61,0.35,-0.16
0.76,0.35,-0.1
0.87,0.32,0.0
0.92,0.32,0.12
0.97,0.32,0.26
0.99,0.32,0.41
0.94,0.32,0.54
0.84,0.32,0.65
0.7,0.32,0.7
0.51,0.32,0.67
0.35,0.32,0.6
0.22,0.32,0.52
-1.29,0.32,-4.83
-0.65,0.32,-4.96
0.01,0.32,-5.0
0.66,0.32,-4.96
1.3,0.32,-4.83
1.92,0.32,-4.62
2.51,0.32,-4.33
3.05,0.32,-3.96
-0.36,0.32,0.35
-0.47,0.32,0.36
-0.58,0.32,0.33
-0.67,0.32,0.28
-0.75,0.32,0.2
-0.81,0.32,0.1
-0.89,0.32,-0.0
-0.92,0.32,-0.12
-0.91,0.32,-0.25
-0.87,0.32,-0.36
-0.83,0.32,-0.48
-0.75,0.32,-0.58
-0.64,0.32,-0.65
-0.51,0.32,-0.67
-0.36,0.32,-0.62
-0.17,0.32,-0.41
1.28,0.32,4.83
0.64,0.32,4.96
-0.02,0.32,5.0
-0.67,0.32,4.95
-1.31,0.32,4.82
-1.93,0.32,4.61
-2.52,0.32,4.32
-3.06,0.32,3.95
-0.12,0.32,0.12
-0.11,0.32,0.08
-0.1,0.32,0.06
-0.1,0.32,0.04
0.62,0.32,-0.16
0.77,0.32,-0.1
0.89,0.3,0.0
0.94,0.3,0.12
0.99,0.3,0.26
1.0,0.3,0.41
0.95,0.3,0.55
0.85,0.3,0.65
0.71,0.3,0.71
0.52,0.3,0.68
0.34,0.3,0.59
0.2,0.3,0.49
-1.29,0.3,-4.83
-0.65,0.3,-4.96
0.01,0.3,-5.0
0.66,0.3,-4.96
1.3,0.3,-4.83
1.92,0.3,-4.62
2.51,0.3,-4.33
3.05,0.3,-3.96
-0.3,0.3,0.3
-0.43,0.3,0.33
-0.54,0.3,0.31
-0.64,0.3,0.26
-0.72,0.3,0.19
-0.82,0.3,0.11
-0.91,0.3,-0.0
-0.94,0.3,-0.13
-0.93,0.3,-0.25
-0.89,0.3,-0.37
-0.84,0.3,-0.49
-0.77,0.3,-0.59
-0.66,0.3,-0.66
-0.53,0.3,-0.69
-0.38,0.3,-0.66
-0.18,0.3,-0.43
1.28,0.3,4.83
0.64,0.3,4.96
-0.02,0.3,5.0
-0.67,0.3,4.95
-1.31,0.3,4.82
-1.93,0.3,4.61
-2.52,0.3,4.32
-3.06,0.3,3.95
-0.16,0.3,0.15
-0.13,0.3,0.1
-0.12,0.3,0.07
-0.11,0.3,0.04
0.64,0.3,-0.17
0.8,0.3,-0.1
0.9,0.28,0.0
0.95,0.28,0.13
1.0,0.28,0.27
1.01,0.28,0.42
0.96,0.28,0.56
0.86,0.28,0.66
0.72,0.28,0.72
0.54,0.28,0.7
0.33,0.28,0.57
0.18,0.28,0.45
-1.29,0.28,-4.83
-0.65,0.28,-4.96
0.01,0.28,-5.0
0.66,0.28,-4.96
1.3,0.28,-4.83
1.92,0.28,-4.62
2.51,0.28,-4.33
3.05,0.28,-3.96
-0.25,0.28,0.25
-0.42,0.28,0.32
-0.53,0.28,0.31
-0.63,0.28,0.26
-0.72,0.28,0.19
-0.84,0.28,0.11
-0.92,0.28,-0.0
-0.95,0.28,-0.13
-0.93,0.28,-0.25
-0.89,0.28,-0.37
-0.85,0.28,-0.49
-0.77,0.28,-0.59
-0.66,0.28,-0.66
-0.52,0.28,-0.69
-0.38,0.28,-0.65
-0.16,0.28,-0.39
1.28,0.28,4.83
0.64,0.28,4.96
-0.02,0.28,5.0
-0.67,0.28,4.95
-1.31,0.28,4.82
-1.93,0.28,4.61
-2.52,0.28,4.32
-3.06,0.28,3.95
-0.19,0.28,0.19
-0.14,0.28,0.11
-0.13,0.28,0.07
-0.12,0.28,0.05
0.64,0.28,-0.17
0.81,0.28,-0.1
0.91,0.25,0.0
0.96,0.25,0.13
1.02,0.25,0.27
1.02,0.25,0.42
0.98,0.25,0.56
0.87,0.25,0.67
0.73,0.25,0.73
0.56,0.25,0.73
0.33,0.25,0.57
0.17,0.25,0.42
-1.29,0.25,-4.83
-0.65,0.25,-4.96
0.01,0.25,-5.0
0.66,0.25,-4.96
1.3,0.25,-4.83
1.92,0.25,-4.62
2.51,0.25,-4.33
3.05,0.25,-3.96
3.54,0.25,-3.53
-0.39,0.25,0.3
-0.52,0.25,0.3
-0.62,0.25,0.26
-0.74,0.25,0.2
-0.86,0.25,0.11
-0.94,0.25,-0.0
-0.96,0.25,-0.13
-0.95,0.25,-0.26
-0.9,0.25,-0.38
-0.86,0.25,-0.5
-0.78,0.25,-0.6
-0.67,0.25,-0.67
-0.53,0.25,-0.7
-0.38,0.25,-0.67
-0.22,0.25,-0.54
1.28,0.25,4.83
0.64,0.25,4.96
-0.02,0.25,5.0
-0.67,0.25,4.95
-1.31,0.25,4.82
-1.93,0.25,4.61
-2.52,0.25,4.32
-3.06,0.25,3.95
-3.55,0.25,3.52
-0.17,0.25,0.13
-0.15,0.25,0.08
-0.13,0.25,0.05
0.67,0.25,-0.18
0.82,0.25,-0.1
0.92,0.23,0.0
0.97,0.23,0.13
1.02,0.23,0.27
1.03,0.23,0.43
0.98,0.23,0.57
0.88,0.23,0.68
0.74,0.23,0.74
0.56,0.23,0.74
0.32,0.23,0.56
-0.13,0.23,-0.32
-1.29,0.23,-4.83
-0.65,0.23,-4.96
0.01,0.23,-5.0
0.66,0.23,-4.96
1.3,0.23,-4.83
1.92,0.23,-4.62
2.51,0.23,-4.33
3.05,0.23,-3.96
3.54,0.23,-3.53
-0.34,0.23,0.26
-0.49,0.23,0.28
-0.6,0.23,0.25
-0.75,0.23,0.2
-0.87,0.23,0.11
-0.95,0.23,-0.0
-0.98,0.23,-0.13
-0.96,0.23,-0.26
-0.91,0.23,-0.38
-0.87,0.23,-0.5
-0.79,0.23,-0.61
-0.68,0.23,-0.68
-0.54,0.23,-0.71
-0.39,0.23,-0.69
-0.24,0.23,-0.58
1.28,0.23,4.83
0.64,0.23,4.96
-0.02,0.23,5.0
-0.67,0.23,4.95
-1.31,0.23,4.82
-1.93,0.23,4.61
-2.52,0.23,4.32
-3.06,0.23,3.95
-3.55,0.23,3.52
-0.23,0.23,0.18
-0.17,0.23,0.1
-0.15,0.23,0.06
0.7,0.23,-0.18
0.84,0.23,-0.11
0.93,0.21,-0.0
0.98,0.21,0.13
1.03,0.21,0.28
1.04,0.21,0.43
0.98,0.21,0.57
0.88,0.21,0.68
0.74,0.21,0.74
0.56,0.21,0.74
0.3,0.21,0.53
-0.14,0.21,-0.33
-1.29,0.21,-4.83
-0.65,0.21,-4.96
0.01,0.21,-5.0
0.66,0.21,-4.96
1.3,0.21,-4.83
1.92,0.21,-4.62
2.51,0.21,-4.33
3.05,0.21,-3.96
3.54,0.21,-3.53
3.97,0.21,-3.04
-0.43,0.21,0.25
-0.56,0.21,0.23
-0.75,0.21,0.2
-0.87,0.21,0.11
-0.95,0.21,-0.0
-0.98,0.21,-0.13
-0.97,0.21,-0.26
-0.92,0.21,-0.39
-0.87,0.21,-0.51
-0.8,0.21,-0.62
-0.69,0.21,-0.69
-0.55,0.21,-0.72
-0.4,0.21,-0.71
-0.25,0.21,-0.61
1.28,0.21,4.83
0.64,0.21,4.96
-0.02,0.21,5.0
-0.67,0.21,4.95
-1.31,0.21,4.82
-1.93,0.21,4.61
-2.52,0.21,4.32
-3.06,0.21,3.95
-3.55,0.21,3.52
-3.98,0.21,3.03
-0.2,0.21,0.12
-0.17,0.21,0.07
0.72,0.21,-0.19
0.85,0.21,-0.11
0.94,0.18,-0.0
0.99,0.18,0.13
1.04,0.18,0.28
1.04,0.18,0.43
0.99,0.18,0.57
0.89,0.18,0.68
0.74,0.18,0.75
0.57,0.18,0.74
0.34,0.18,0.59
-0.13,0.18,-0.32
-1.29,0.18,-4.83
-0.65,0.18,-4.96
0.01,0.18,-5.0
0.66,0.18,-4.96
1.3,0.18,-4.83
1.92,0.18,-4.62
2.51,0.18,-4.33
3.05,0.18,-3.96
3.54,0.18,-3.53
3.97,0.18,-3.04
-0.42,0.18,0.24
-0.6,0.18,0.25
-0.77,0.18,0.21
-0.89,0.18,0.12
-0.96,0.18,-0.0
-0.99,0.18,-0.13
-0.97,0.18,-0.26
-0.92,0.18,-0.39
-0.87,0.18,-0.51
-0.79,0.18,-0.61
-0.68,0.18,-0.68
-0.55,0.18,-0.72
-0.4,0.18,-0.69
-0.25,0.18,-0.6
1.28,0.18,4.83
0.64,0.18,4.96
-0.02,0.18,5.0
-0.67,0.18,4.95
-1.31,0.18,4.82
-1.93,0.18,4.61
-2.52,0.18,4.32
-3.06,0.18,3.95
-3.55,0.18,3.52
-3.98,0.18,3.03
-0.23,0.18,0.13
-0.19,0.18,0.08
0.71,0.18,-0.19
0.85,0.18,-0.11
0.94,0.16,-0.0
0.99,0.16,0.13
1.04,0.16,0.28
1.05,0.16,0.44
1.0,0.16,0.58
0.9,0.16,0.69
0.75,0.16,0.76
0.58,0.16,0.76
0.37,0.16,0.64
-0.13,0.16,-0.31
-1.29,0.16,-4.83
-0.65,0.16,-4.96
0.01,0.16,-5.0
0.66,0.16,-4.96
1.3,0.16,-4.83
1.92,0.16,-4.62
2.51,0.16,-4.33
3.05,0.16,-3.96
3.54,0.16,-3.53
3.97,0.16,-3.04
4.34,0.16,-2.49
-0.61,0.16,0.25
-0.78,0.16,0.21
-0.9,0.16,0.12
-0.97,0.16,-0.0
-1.0,0.16,-0.13
-0.98,0.16,-0.26
-0.93,0.16,-0.39
-0.88,0.16,-0.51
-0.8,0.16,-0.61
-0.68,0.16,-0.69
-0.55,0.16,-0.72
-0.4,0.16,-0.7
-0.25,0.16,-0.61
1.28,0.16,4.83
0.64,0.16,4.96
-0.02,0.16,5.0
-0.67,0.16,4.95
-1.31,0.16,4.82
-1.93,0.16,4.61
-2.52,0.16,4.32
-3.06,0.16,3.95
-3.55,0.16,3.52
-3.98,0.16,3.03
-4.34,0.16,2.48
0.48,0.16,-0.19
0.72,0.16,-0.19
0.86,0.16,-0.11
0.94,0.14,-0.0
0.99,0.14,0.13
1.05,0.14,0.28
1.05,0.14,0.44
1.0,0.14,0.58
0.9,0.14,0.69
0.75,0.14,0.76
0.58,0.14,0.76
0.37,0.14,0.65
-0.13,0.14,-0.31
-1.29,0.14,-4.83
-0.65,0.14,-4.96
0.01,0.14,-5.0
0.66,0.14,-4.96
1.3,0.14,-4.83
1.92,0.14,-4.62
2.51,0.14,-4.33
3.05,0.14,-3.96
3.54,0.14,-3.53
3.97,0.14,-3.04
4.34,0.14,-2.49
-0.61,0.14,0.25
-0.78,0.14,0.21
-0.9,0.14,0.12
-0.97,0.14,-0.0
-1.0,0.14,-0.13
-0.98,0.14,-0.27
-0.93,0.14,-0.39
-0.88,0.14,-0.51
-0.8,0.14,-0.62
-0.69,0.14,-0.7
-0.56,0.14,-0.73
-0.41,0.14,-0.72
-0.26,0.14,-0.63
1.28,0.14,4.83
0.64,0.14,4.96
-0.02,0.14,5.0
-0.67,0.14,4.95
-1.31,0.14,4.82
-1.93,0.14,4.61
-2.52,0.14,4.32
-3.06,0.14,3.95
-3.55,0.14,3.52
-3.98,0.14,3.03
-4.34,0.14,2.48
0.54,0.14,-0.22
0.74,0.14,-0.19
0.87,0.14,-0.11
0.95,0.12,-0.0
1.0,0.12,0.13
1.05,0.12,0.28
1.05,0.12,0.44
1.0,0.12,0.58
0.89,0.12,0.69
0.75,0.12,0.75
0.58,0.12,0.75
0.37,0.12,0.63
-0.13,0.12,-0.3
-1.29,0.12,-4.83
-0.65,0.12,-4.96
0.01,0.12,-5.0
0.66,0.12,-4.96
1.3,0.12,-4.83
1.92,0.12,-4.62
2.51,0.12,-4.33
3.05,0.12,-3.96
3.54,0.12,-3.53
3.97,0.12,-3.04
4.34,0.12,-2.49
-0.59,0.12,0.24
-0.77,0.12,0.21
-0.9,0.12,0.12
-0.97,0.12,-0.0
-1.0,0.12,-0.13
-0.99,0.12,-0.27
-0.94,0.12,-0.39
-0.88,0.12,-0.51
-0.8,0.12,-0.62
-0.69,0.12,-0.7
-0.56,0.12,-0.73
-0.41,0.12,-0.72
-0.26,0.12,-0.64
1.28,0.12,4.83
0.64,0.12,4.96
-0.02,0.12,5.0
-0.67,0.12,4.95
-1.31,0.12,4.82
-1.93,0.12,4.61
-2.52,0.12,4.32
-3.06,0.12,3.95
-3.55,0.12,3.52
-3.98,0.12,3.03
-4.34,0.12,2.48
0.54,0.12,-0.22
0.73,0.12,-0.19
0.87,0.12,-0.11
0.95,0.09,-0.0
1.0,0.09,0.13
1.05,0.09,0.28
1.05,0.09,0.44
1.0,0.09,0.58
0.9,0.09,0.69
0.76,0.09,0.76
0.59,0.09,0.76
0.38,0.09,0.65
-0.12,0.09,-0.3
-1.29,0.09,-4.83
-0.65,0.09,-4.96
0.01,0.09,-5.0
0.66,0.09,-4.96
1.3,0.09,-4.83
1.92,0.09,-4.62
2.51,0.09,-4.33
3.05,0.09,-3.96
3.54,0.09,-3.53
3.97,0.09,-3.04
4.34,0.09,-2.49
-0.63,0.09,0.26
-0.79,0.09,0.21
-0.9,0.09,0.12
-0.97,0.09,-0.0
-0.99,0.09,-0.13
-0.97,0.09,-0.26
-0.92,0.09,-0.38
-0.87,0.09,-0.51
-0.79,0.09,-0.61
-0.68,0.09,-0.69
-0.55,0.09,-0.72
-0.41,0.09,-0.71
-0.26,0.09,-0.63
1.28,0.09,4.83
0.64,0.09,4.96
-0.02,0.09,5.0
-0.67,0.09,4.95
-1.31,0.09,4.82
-1.93,0.09,4.61
-2.52,0.09,4.32
-3.06,0.09,3.95
-3.55,0.09,3.52
-3.98,0.09,3.03
-4.34,0.09,2.48
0.49,0.09,-0.2
0.74,0.09,-0.19
0.88,0.09,-0.11
0.96,0.07,0.0
1.01,0.07,0.13
1.06,0.07,0.29
1.07,0.07,0.44
1.01,0.07,0.58
0.9,0.07,0.69
0.76,0.07,0.76
0.58,0.07,0.76
0.36,0.07,0.62
-0.12,0.07,-0.29
-1.29,0.07,-4.83
-0.65,0.07,-4.96
0.01,0.07,-5.0
0.66,0.07,-4.96
1.3,0.07,-4.83
1.92,0.07,-4.62
2.51,0.07,-4.33
3.05,0.07,-3.96
3.54,0.07,-3.53
3.97,0.07,-3.04
4.34,0.07,-2.49
-0.61,0.07,0.25
-0.79,0.07,0.21
-0.91,0.07,0.12
-0.98,0.07,-0.0
-1.01,0.07,-0.14
-0.99,0.07,-0.27
-0.94,0.07,-0.39
-0.88,0.07,-0.51
-0.8,0.07,-0.62
-0.69,0.07,-0.69
-0.55,0.07,-0.73
-0.41,0.07,-0.71
-0.25,0.07,-0.61
1.28,0.07,4.83
0.64,0.07,4.96
-0.02,0.07,5.0
-0.67,0.07,4.95
-1.31,0.07,4.82
-1.93,0.07,4.61
-2.52,0.07,4.32
-3.06,0.07,3.95
-3.55,0.07,3.52
-3.98,0.07,3.03
-4.34,0.07,2.48
0.53,0.07,-0.22
0.73,0.07,-0.19
0.86,0.07,-0.11
0.94,0.05,0.0
0.99,0.05,0.13
1.04,0.05,0.28
1.04,0.05,0.43
0.99,0.05,0.57
0.89,0.05,0.68
0.75,0.05,0.75
0.58,0.05,0.75
0.37,0.05,0.64
-0.14,0.05,-0.33
-1.29,0.05,-4.83
-0.65,0.05,-4.96
0.01,0.05,-5.0
0.66,0.05,-4.96
1.3,0.05,-4.83
1.92,0.05,-4.62
2.51,0.05,-4.33
3.05,0.05,-3.96
3.54,0.05,-3.53
3.97,0.05,-3.04
4.34,0.05,-2.49
-0.59,0.05,0.24
-0.78,0.05,0.21
-0.9,0.05,0.12
-0.97,0.05,-0.0
-1.0,0.05,-0.13
-0.99,0.05,-0.27
-0.94,0.05,-0.39
-0.88,0.05,-0.51
-0.8,0.05,-0.62
-0.69,0.05,-0.69
-0.56,0.05,-0.73
-0.41,0.05,-0.71
-0.26,0.05,-0.62
1.28,0.05,4.83
0.64,0.05,4.96
-0.02,0.05,5.0
-0.67,0.05,4.95
-1.31,0.05,4.82
-1.93,0.05,4.61
-2.52,0.05,4.32
-3.06,0.05,3.95
-3.55,0.05,3.52
-3.98,0.05,3.03
-4.34,0.05,2.48
0.53,0.05,-0.22
0.74,0.05,-0.19
0.87,0.05,-0.11
0.94,0.02,0.0
0.99,0.02,0.13
1.04,0.02,0.28
1.05,0.02,0.43
0.99,0.02,0.57
0.89,0.02,0.68
0.75,0.02,0.75
0.57,0.02,0.75
0.35,0.02,0.6
-0.14,0.02,-0.33
-1.29,0.02,-4.83
-0.65,0.02,-4.96
0.01,0.02,-5.0
0.66,0.02,-4.96
1.3,0.02,-4.83
1.92,0.02,-4.62
2.51,0.02,-4.33
3.05,0.02,-3.96
3.54,0.02,-3.53
3.97,0.02,-3.04
4.34,0.02,-2.49
-0.59,0.02,0.24
-0.77,0.02,0.2
-0.89,0.02,0.12
-0.97,0.02,-0.0
-1.0,0.02,-0.13
-0.98,0.02,-0.27
-0.93,0.02,-0.39
-0.87,0.02,-0.51
-0.8,0.02,-0.61
-0.68,0.02,-0.69
-0.55,0.02,-0.72
-0.4,0.02,-0.7
-0.25,0.02,-0.61
1.28,0.02,4.83
0.64,0.02,4.96
-0.02,0.02,5.0
-0.67,0.02,4.95
-1.31,0.02,4.82
-1.93,0.02,4.61
-2.52,0.02,4.32
-3.06,0.02,3.95
-3.55,0.02,3.52
-3.98,0.02,3.03
-4.34,0.02,2.48
-0.32,0.02,0.13
