-4.96,2.6,-0.65
-4.83,2.6,-1.3
-4.62,2.6,-1.91
-4.33,2.6,-2.5
-3.97,2.6,-3.05
-3.53,2.6,-3.54
-3.04,2.6,-3.97
-2.5,2.6,-4.33
-1.91,2.6,-4.62
-1.29,2.6,-4.83
-0.65,2.6,-4.96
0.01,2.6,-5.0
0.66,2.6,-4.96
1.3,2.6,-4.83
1.92,2.6,-4.62
2.51,2.6,-4.33
3.05,2.6,-3.96
3.54,2.6,-3.53
3.97,2.6,-3.04
4.34,2.6,-2.49
4.62,2.6,-1.9
4.83,2.6,-1.28
4.96,2.6,-0.64
5.0,2.6,0.01
4.96,2.6,0.67
4.83,2.6,1.31
4.61,2.6,1.93
4.32,2.6,2.51
3.96,2.6,3.06
3.52,2.6,3.55
3.03,2.6,3.98
2.49,2.6,4.34
1.9,2.6,4.63
1.28,2.6,4.83
0.64,2.6,4.96
-0.02,2.6,5.0
-0.67,2.6,4.95
-1.31,2.6,4.82
-1.93,2.6,4.61
-2.52,2.6,4.32
-3.06,2.6,3.95
-3.55,2.6,3.52
-3.98,2.6,3.03
-4.34,2.6,2.48
-4.63,2.6,1.89
-4.84,2.6,1.27
-4.96,2.6,0.63
-5.0,2.58,0.0
-4.96,2.58,-0.65
-4.83,2.58,-1.3
-4.62,2.58,-1.91
-4.33,2.58,-2.5
-3.97,2.58,-3.05
-3.53,2.58,-3.54
-3.04,2.58,-3.97
-2.5,2.58,-4.33
-1.91,2.58,-4.62
-1.29,2.58,-4.83
-0.65,2.58,-4.96
0.01,2.58,-5.0
0.66,2.58,-4.96
1.3,2.58,-4.83
1.92,2.58,-4.62
2.51,2.58,-4.33
3.05,2.58,-3.96
3.54,2.58,-3.53
3.97,2.58,-3.04
4.34,2.58,-2.49
4.62,2.58,-1.9
4.83,2.58,-1.28
4.96,2.58,-0.64
5.0,2.58,0.01
4.96,2.58,0.67
4.83,2.58,1.31
4.61,2.58,1.93
4.32,2.58,2.51
3.96,2.58,3.06
3.52,2.58,3.55
3.03,2.58,3.98
2.49,2.58,4.34
1.9,2.58,4.63
1.28,2.58,4.83
0.64,2.58,4.96
-0.02,2.58,5.0
-0.67,2.58,4.95
-1.31,2.58,4.82
-1.93,2.58,4.61
-2.52,2.58,4.32
-3.06,2.58,3.95
-3.55,2.58,3.52
-3.98,2.58,3.03
-4.34,2.58,2.48
-4.63,2.58,1.89
-4.84,2.58,1.27
-4.96,2.58,0.63
-5.0,2.55,0.0
-4.96,2.55,-0.65
-4.83,2.55,-1.3
-4.62,2.55,-1.91
-4.33,2.55,-2.5
-3.97,2.55,-3.05
-3.53,2.55,-3.54
-3.04,2.55,-3.97
-2.5,2.55,-4.33
-1.91,2.55,-4.62
-1.29,2.55,-4.83
-0.65,2.55,-4.96
0.01,2.55,-5.0
0.66,2.55,-4.96
1.3,2.55,-4.83
1.92,2.55,-4.62
2.51,2.55,-4.33
3.05,2.55,-3.96
3.54,2.55,-3.53
3.97,2.55,-3.04
4.34,2.55,-2.49
4.62,2.55,-1.9
4.83,2.55,-1.28
4.96,2.55,-0.64
5.0,2.55,0.01
4.96,2.55,0.67
4.83,2.55,1.31
4.61,2.55,1.93
4.32,2.55,2.51
3.96,2.55,3.06
3.52,2.55,3.55
3.03,2.55,3.98
2.49,2.55,4.34
1.9,2.55,4.63
1.28,2.55,4.83
0.64,2.55,4.96
-0.02,2.55,5.0
-0.67,2.55,4.95
-1.31,2.55,4.82
-1.93,2.55,4.61
-2.52,2.55,4.32
-3.06,2.55,3.95
-3.55,2.55,3.52
-3.98,2.55,3.03
-4.34,2.55,2.48
-4.63,2.55,1.89
-4.84,2.55,1.27
-4.96,2.55,0.63
0.03,2.52,0.0
0.03,2.52,0.0
0.03,2.52,0.01
0.03,2.52,0.01
0.03,2.52,0.02
0.04,2.52,0.03
0.04,2.52,0.04
0.04,2.52,0.05
0.04,2.52,0.06
0.03,2.52,0.07
0.02,2.52,0.09
0.01,2.52,0.1
-0.0,2.52,0.11
-0.02,2.52,0.12
-0.03,2.52,0.12
-0.05,2.52,0.13
-0.07,2.52,0.12
-0.09,2.52,0.11
-0.1,2.52,0.1
-0.11,2.52,0.09
-0.12,2.52,0.07
-0.13,2.52,0.05
-0.13,2.52,0.03
-0.12,2.52,0.02
-0.12,2.52,-0.0
-0.11,2.52,-0.01
-0.09,2.52,-0.03
-0.08,2.52,-0.03
-0.07,2.52,-0.04
-0.05,2.52,-0.04
-0.04,2.52,-0.04
-0.03,2.52,-0.04
-0.02,2.52,-0.04
-0.01,2.52,-0.04
-0.01,2.52,-0.03
-0.0,2.52,-0.03
0.0,2.52,-0.03
0.0,2.52,-0.03
0.01,2.52,-0.02
0.01,2.52,-0.02
0.01,2.52,-0.02
0.01,2.52,-0.02
0.02,2.52,-0.02
0.02,2.52,-0.01
0.02,2.52,-0.01
0.02,2.52,-0.01
0.02,2.52,-0.01
0.02,2.52,-0.0
0.07,2.5,0.0
0.07,2.5,0.01
0.07,2.5,0.02
0.08,2.5,0.03
0.08,2.5,0.04
0.08,2.5,0.06
0.07,2.5,0.07
0.07,2.5,0.09
0.06,2.5,0.1
0.05,2.5,0.12
0.04,2.5,0.13
0.02,2.5,0.15
-0.0,2.5,0.16
-0.02,2.5,0.16
-0.04,2.5,0.16
-0.07,2.5,0.16
-0.09,2.5,0.16
-0.11,2.5,0.14
-0.13,2.5,0.13
-0.15,2.5,0.11
-0.16,2.5,0.09
-0.17,2.5,0.07
-0.17,2.5,0.04
-0.17,2.5,0.02
-0.16,2.5,-0.0
-0.15,2.5,-0.02
-0.14,2.5,-0.04
-0.12,2.5,-0.05
-0.11,2.5,-0.06
-0.09,2.5,-0.07
-0.08,2.5,-0.08
-0.06,2.5,-0.08
-0.05,2.5,-0.08
-0.03,2.5,-0.08
-0.02,2.5,-0.08
-0.01,2.5,-0.07
0.0,2.5,-0.07
0.01,2.5,-0.07
0.02,2.5,-0.06
0.02,2.5,-0.06
0.03,2.5,-0.05
0.04,2.5,-0.05
0.04,2.5,-0.04
0.05,2.5,-0.04
0.05,2.5,-0.03
0.06,2.5,-0.02
0.06,2.5,-0.02
0.07,2.5,-0.01
0.1,2.47,0.0
0.1,2.47,0.01
0.1,2.47,0.03
0.1,2.47,0.04
0.1,2.47,0.06
0.1,2.47,0.08
0.09,2.47,0.09
0.08,2.47,0.11
0.07,2.47,0.13
0.06,2.47,0.14
0.04,2.47,0.16
0.02,2.47,0.17
-0.0,2.47,0.18
-0.02,2.47,0.19
-0.05,2.47,0.19
-0.08,2.47,0.19
-0.1,2.47,0.18
-0.13,2.47,0.16
-0.15,2.47,0.15
-0.17,2.47,0.13
-0.18,2.47,0.1
-0.19,2.47,0.08
-0.19,2.47,0.05
-0.19,2.47,0.02
-0.19,2.47,-0.0
-0.18,2.47,-0.02
-0.16,2.47,-0.04
-0.15,2.47,-0.06
-0.13,2.47,-0.08
-0.11,2.47,-0.09
-0.1,2.47,-0.1
-0.08,2.47,-0.1
-0.06,2.47,-0.1
-0.04,2.47,-0.11
-0.03,2.47,-0.1
-0.01,2.47,-0.1
0.0,2.47,-0.1
0.01,2.47,-0.09
0.02,2.47,-0.09
0.03,2.47,-0.08
0.04,2.47,-0.08
0.05,2.47,-0.07
0.06,2.47,-0.06
0.07,2.47,-0.05
0.07,2.47,-0.04
0.08,2.47,-0.03
0.09,2.47,-0.02
0.09,2.47,-0.01
0.11,2.45,0.0
0.12,2.45,0.02
0.12,2.45,0.03
0.12,2.45,0.05
0.12,2.45,0.07
0.11,2.45,0.09
0.11,2.45,0.11
0.1,2.45,0.13
0.08,2.45,0.14
0.07,2.45,0.16
0.05,2.45,0.18
0.02,2.45,0.19
-0.0,2.45,0.2
-0.03,2.45,0.21
-0.06,2.45,0.21
-0.08,2.45,0.2
-0.11,2.45,0.19
-0.14,2.45,0.18
-0.16,2.45,0.16
-0.18,2.45,0.14
-0.19,2.45,0.11
-0.2,2.45,0.08
-0.21,2.45,0.06
-0.21,2.45,0.03
-0.2,2.45,-0.0
-0.2,2.45,-0.03
-0.18,2.45,-0.05
-0.17,2.45,-0.07
-0.15,2.45,-0.09
-0.13,2.45,-0.1
-0.11,2.45,-0.11
-0.09,2.45,-0.12
-0.07,2.45,-0.12
-0.05,2.45,-0.12
-0.03,2.45,-0.12
-0.02,2.45,-0.12
0.0,2.45,-0.12
0.02,2.45,-0.11
0.03,2.45,-0.1
0.04,2.45,-0.1
0.05,2.45,-0.09
0.06,2.45,-0.08
0.07,2.45,-0.07
0.08,2.45,-0.06
0.09,2.45,-0.05
0.1,2.45,-0.04
0.1,2.45,-0.03
0.11,2.45,-0.01
0.13,2.42,0.0
0.13,2.42,0.02
0.13,2.42,0.03
0.13,2.42,0.05
0.13,2.42,0.07
0.12,2.42,0.09
0.11,2.42,0.11
0.1,2.42,0.14
0.09,2.42,0.16
0.07,2.42,0.17
0.05,2.42,0.19
0.03,2.42,0.2
-0.0,2.42,0.21
-0.03,2.42,0.22
-0.06,2.42,0.22
-0.09,2.42,0.21
-0.12,2.42,0.2
-0.14,2.42,0.19
-0.17,2.42,0.17
-0.19,2.42,0.14
-0.2,2.42,0.12
-0.22,2.42,0.09
-0.22,2.42,0.06
-0.22,2.42,0.03
-0.22,2.42,-0.0
-0.21,2.42,-0.03
-0.19,2.42,-0.05
-0.18,2.42,-0.07
-0.16,2.42,-0.09
-0.14,2.42,-0.11
-0.12,2.42,-0.12
-0.1,2.42,-0.13
-0.08,2.42,-0.13
-0.05,2.42,-0.13
-0.04,2.42,-0.13
-0.02,2.42,-0.13
0.0,2.42,-0.13
0.02,2.42,-0.12
0.03,2.42,-0.12
0.05,2.42,-0.11
0.06,2.42,-0.1
0.07,2.42,-0.09
0.08,2.42,-0.08
0.09,2.42,-0.07
0.1,2.42,-0.06
0.11,2.42,-0.04
0.12,2.42,-0.03
0.12,2.42,-0.02
0.13,2.39,0.0
0.14,2.39,0.02
0.14,2.39,0.04
0.14,2.39,0.06
0.13,2.39,0.08
0.13,2.39,0.1
0.12,2.39,0.12
0.11,2.39,0.14
0.09,2.39,0.16
0.07,2.39,0.18
0.05,2.39,0.2
0.03,2.39,0.21
-0.0,2.39,0.22
-0.03,2.39,0.22
-0.06,2.39,0.22
-0.09,2.39,0.22
-0.12,2.39,0.21
-0.15,2.39,0.19
-0.17,2.39,0.17
-0.2,2.39,0.15
-0.21,2.39,0.12
-0.22,2.39,0.09
-0.23,2.39,0.06
-0.23,2.39,0.03
-0.23,2.39,-0.0
-0.22,2.39,-0.03
-0.2,2.39,-0.05
-0.19,2.39,-0.08
-0.17,2.39,-0.1
-0.15,2.39,-0.11
-0.12,2.39,-0.12
-0.1,2.39,-0.13
-0.08,2.39,-0.14
-0.06,2.39,-0.14
-0.04,2.39,-0.14
-0.02,2.39,-0.14
0.0,2.39,-0.14
0.02,2.39,-0.13
0.03,2.39,-0.12
0.05,2.39,-0.12
0.06,2.39,-0.11
0.07,2.39,-0.1
0.09,2.39,-0.09
0.1,2.39,-0.07
0.11,2.39,-0.06
0.11,2.39,-0.05
0.12,2.39,-0.03
0.13,2.39,-0.02
0.14,2.37,0.0
0.14,2.37,0.02
0.14,2.37,0.04
0.14,2.37,0.06
0.14,2.37,0.08
0.13,2.37,0.1
0.12,2.37,0.12
0.11,2.37,0.14
0.18,2.37,0.31
0.13,2.37,0.31
0.05,2.37,0.2
0.03,2.37,0.21
-0.0,2.37,0.22
-0.03,2.37,0.23
-0.06,2.37,0.23
-0.09,2.37,0.22
-0.12,2.37,0.21
-0.15,2.37,0.2
-0.18,2.37,0.18
-0.2,2.37,0.15
-0.22,2.37,0.13
-0.23,2.37,0.1
-0.24,2.37,0.06
-0.24,2.37,0.03
-0.23,2.37,-0.0
-0.22,2.37,-0.03
-0.21,2.37,-0.06
-0.19,2.37,-0.08
-0.17,2.37,-0.1
-0.15,2.37,-0.11
-0.13,2.37,-0.13
-0.1,2.37,-0.14
-0.08,2.37,-0.14
-0.06,2.37,-0.14
-0.04,2.37,-0.14
-0.02,2.37,-0.14
0.0,2.37,-0.14
0.02,2.37,-0.13
0.03,2.37,-0.13
0.05,2.37,-0.12
0.06,2.37,-0.11
0.08,2.37,-0.1
0.09,2.37,-0.09
0.1,2.37,-0.08
0.11,2.37,-0.06
0.12,2.37,-0.05
0.13,2.37,-0.03
0.13,2.37,-0.02
0.14,2.34,0.0
0.14,2.34,0.02
0.14,2.34,0.04
0.14,2.34,0.06
0.14,2.34,0.08
0.13,2.34,0.1
0.24,2.34,0.24
0.24,2.34,0.31
0.22,2.34,0.38
0.17,2.34,0.41
0.1,2.34,0.36
0.03,2.34,0.21
-0.0,2.34,0.22
-0.03,2.34,0.23
-0.06,2.34,0.23
-0.09,2.34,0.23
-0.13,2.34,0.22
-0.16,2.34,0.2
-0.18,2.34,0.18
-0.21,2.34,0.16
-0.23,2.34,0.13
-0.24,2.34,0.1
-0.25,2.34,0.07
-0.25,2.34,0.03
-0.24,2.34,-0.0
-0.23,2.34,-0.03
-0.22,2.34,-0.06
-0.2,2.34,-0.08
-0.3,2.34,-0.18
-0.29,2.34,-0.23
-0.23,2.34,-0.23
-0.1,2.34,-0.14
-0.08,2.34,-0.14
-0.06,2.34,-0.14
-0.04,2.34,-0.14
-0.02,2.34,-0.14
0.0,2.34,-0.14
0.02,2.34,-0.13
0.03,2.34,-0.13
0.05,2.34,-0.12
0.06,2.34,-0.11
0.08,2.34,-0.1
0.09,2.34,-0.09
0.1,2.34,-0.08
0.11,2.34,-0.06
0.12,2.34,-0.05
0.13,2.34,-0.03
0.13,2.34,-0.02
0.13,2.32,0.0
0.14,2.32,0.02
0.14,2.32,0.04
0.14,2.32,0.06
0.13,2.32,0.08
0.13,2.32,0.1
0.27,2.32,0.27
0.27,2.32,0.35
0.25,2.32,0.44
0.2,2.32,0.48
0.12,2.32,0.45
0.04,2.32,0.34
-0.0,2.32,0.22
-0.03,2.32,0.23
-0.06,2.32,0.23
-0.09,2.32,0.23
-0.13,2.32,0.22
-0.16,2.32,0.21
-0.19,2.32,0.19
-0.21,2.32,0.16
-0.23,2.32,0.13
-0.25,2.32,0.1
-0.26,2.32,0.07
-0.26,2.32,0.03
-0.25,2.32,-0.0
-0.24,2.32,-0.03
-0.23,2.32,-0.06
-0.34,2.32,-0.14
-0.36,2.32,-0.21
-0.35,2.32,-0.27
-0.29,2.32,-0.29
-0.21,2.32,-0.28
-0.08,2.32,-0.14
-0.06,2.32,-0.14
-0.04,2.32,-0.14
-0.02,2.32,-0.14
0.0,2.32,-0.14
0.02,2.32,-0.13
0.03,2.32,-0.12
0.05,2.32,-0.11
0.06,2.32,-0.11
0.07,2.32,-0.1
0.09,2.32,-0.09
0.1,2.32,-0.07
0.11,2.32,-0.06
0.11,2.32,-0.05
0.12,2.32,-0.03
0.13,2.32,-0.02
0.12,2.29,0.0
0.13,2.29,0.02
0.13,2.29,0.03
0.13,2.29,0.05
0.13,2.29,0.07
0.27,2.29,0.21
0.29,2.29,0.29
0.29,2.29,0.38
0.27,2.29,0.47
0.21,2.29,0.52
0.14,2.29,0.51
0.05,2.29,0.4
-0.0,2.29,0.22
-0.03,2.29,0.23
-0.06,2.29,0.23
-0.1,2.29,0.23
-0.13,2.29,0.22
-0.16,2.29,0.21
-0.19,2.29,0.19
-0.22,2.29,0.17
-0.24,2.29,0.14
-0.26,2.29,0.11
-0.27,2.29,0.07
-0.27,2.29,0.03
-0.26,2.29,-0.0
-0.25,2.29,-0.03
-0.32,2.29,-0.09
-0.38,2.29,-0.16
-0.41,2.29,-0.24
-0.4,2.29,-0.31
-0.33,2.29,-0.33
-0.24,2.29,-0.32
-0.08,2.29,-0.14
-0.06,2.29,-0.14
-0.04,2.29,-0.14
-0.02,2.29,-0.14
0.0,2.29,-0.13
0.02,2.29,-0.13
0.03,2.29,-0.12
0.05,2.29,-0.11
0.06,2.29,-0.1
0.07,2.29,-0.09
0.08,2.29,-0.08
0.09,2.29,-0.07
0.1,2.29,-0.06
0.11,2.29,-0.04
0.11,2.29,-0.03
0.12,2.29,-0.02
0.11,2.26,0.0
0.12,2.26,0.02
0.12,2.26,0.03
0.12,2.26,0.05
0.12,2.26,0.07
0.29,2.26,0.22
0.31,2.26,0.31
0.31,2.26,0.41
0.28,2.26,0.49
0.22,2.26,0.54
0.14,2.26,0.54
0.06,2.26,0.46
-0.0,2.26,0.22
-0.03,2.26,0.23
-0.06,2.26,0.23
-0.1,2.26,0.23
-0.13,2.26,0.23
-0.16,2.26,0.21
-0.2,2.26,0.2
-0.22,2.26,0.17
-0.25,2.26,0.14
-0.26,2.26,0.11
-0.27,2.26,0.07
-0.27,2.26,0.04
-0.27,2.26,-0.0
-0.26,2.26,-0.03
-0.36,2.26,-0.1
-0.42,2.26,-0.17
-0.46,2.26,-0.27
-0.44,2.26,-0.34
-0.37,2.26,-0.37
-0.27,2.26,-0.35
-0.18,2.26,-0.31
-0.06,2.26,-0.14
-0.04,2.26,-0.14
-0.02,2.26,-0.13
0.0,2.26,-0.13
0.02,2.26,-0.12
0.03,2.26,-0.11
0.04,2.26,-0.1
0.06,2.26,-0.1
0.07,2.26,-0.09
0.08,2.26,-0.08
0.08,2.26,-0.06
0.09,2.26,-0.05
0.1,2.26,-0.04
0.11,2.26,-0.03
0.11,2.26,-0.01
0.11,2.24,0.0
0.11,2.24,0.01
0.11,2.24,0.03
0.11,2.24,0.05
0.11,2.24,0.06
0.3,2.24,0.23
0.32,2.24,0.32
0.33,2.24,0.43
0.29,2.24,0.51
0.23,2.24,0.55
0.15,2.24,0.55
0.06,2.24,0.5
-0.0,2.24,0.42
-0.03,2.24,0.22
-0.06,2.24,0.23
-0.1,2.24,0.23
-0.13,2.24,0.23
-0.18,2.24,0.23
-0.24,2.24,0.24
-0.29,2.24,0.22
-0.3,2.24,0.17
-0.27,2.24,0.11
-0.27,2.24,0.07
-0.28,2.24,0.04
-0.27,2.24,-0.0
-0.26,2.24,-0.03
-0.38,2.24,-0.1
-0.45,2.24,-0.19
-0.48,2.24,-0.28
-0.46,2.24,-0.35
-0.39,2.24,-0.39
-0.29,2.24,-0.38
-0.19,2.24,-0.33
-0.06,2.24,-0.14
-0.04,2.24,-0.14
-0.02,2.24,-0.13
0.0,2.24,-0.12
0.02,2.24,-0.12
0.03,2.24,-0.11
0.04,2.24,-0.1
0.05,2.24,-0.09
0.06,2.24,-0.08
0.07,2.24,-0.07
0.08,2.24,-0.06
0.09,2.24,-0.05
0.09,2.24,-0.04
0.1,2.24,-0.03
0.1,2.24,-0.01
0.1,2.21,0.0
0.1,2.21,0.01
0.1,2.21,0.03
0.1,2.21,0.04
0.1,2.21,0.06
0.3,2.21,0.23
0.32,2.21,0.32
0.33,2.21,0.44
0.3,2.21,0.51
0.23,2.21,0.56
0.15,2.21,0.56
0.07,2.21,0.51
-0.0,2.21,0.44
-0.03,2.21,0.22
-0.06,2.21,0.23
-0.1,2.21,0.25
-0.16,2.21,0.27
-0.23,2.21,0.3
-0.31,2.21,0.31
-0.36,2.21,0.28
-0.39,2.21,0.22
-0.37,2.21,0.15
-0.31,2.21,0.08
-0.27,2.21,0.04
-0.27,2.21,-0.0
-0.29,2.21,-0.04
-0.4,2.21,-0.11
-0.48,2.21,-0.2
-0.5,2.21,-0.29
-0.47,2.21,-0.36
-0.41,2.21,-0.41
-0.31,2.21,-0.41
-0.19,2.21,-0.34
-0.06,2.21,-0.14
-0.04,2.21,-0.13
-0.02,2.21,-0.13
0.0,2.21,-0.12
0.01,2.21,-0.11
0.03,2.21,-0.1
0.04,2.21,-0.09
0.05,2.21,-0.08
0.06,2.21,-0.07
0.06,2.21,-0.06
0.07,2.21,-0.05
0.08,2.21,-0.04
0.08,2.21,-0.03
0.09,2.21,-0.02
0.09,2.21,-0.01
0.14,2.19,-0.0
0.16,2.19,0.02
0.19,2.19,0.05
0.2,2.19,0.08
0.21,2.19,0.12
0.3,2.19,0.23
0.33,2.19,0.33
0.34,2.19,0.44
0.3,2.19,0.52
0.23,2.19,0.56
0.15,2.19,0.56
0.07,2.19,0.52
-0.0,2.19,0.45
-0.05,2.19,0.38
-0.07,2.19,0.26
-0.12,2.19,0.29
-0.18,2.19,0.31
-0.27,2.19,0.34
-0.34,2.19,0.34
-0.39,2.19,0.3
-0.42,2.19,0.24
-0.42,2.19,0.17
-0.37,2.19,0.1
-0.3,2.19,0.04
-0.26,2.19,-0.0
-0.3,2.19,-0.04
-0.41,2.19,-0.11
-0.5,2.19,-0.21
-0.51,2.19,-0.3
-0.48,2.19,-0.37
-0.41,2.19,-0.42
-0.32,2.19,-0.42
-0.2,2.19,-0.35
-0.05,2.19,-0.13
-0.03,2.19,-0.13
-0.02,2.19,-0.12
0.0,2.19,-0.11
0.01,2.19,-0.1
0.03,2.19,-0.09
0.04,2.19,-0.09
0.04,2.19,-0.08
0.05,2.19,-0.07
0.06,2.19,-0.06
0.07,2.19,-0.05
0.08,2.19,-0.05
0.09,2.19,-0.04
0.11,2.19,-0.03
0.12,2.19,-0.02
0.2,2.16,0.0
0.23,2.16,0.03
0.24,2.16,0.06
0.25,2.16,0.1
0.25,2.16,0.14
0.29,2.16,0.22
0.32,2.16,0.32
0.34,2.16,0.44
0.3,2.16,0.52
0.23,2.16,0.56
0.15,2.16,0.56
0.07,2.16,0.52
-0.0,2.16,0.46
-0.05,2.16,0.39
-0.08,2.16,0.28
-0.13,2.16,0.31
-0.2,2.16,0.35
-0.29,2.16,0.37
-0.36,2.16,0.36
-0.41,2.16,0.31
-0.44,2.16,0.25
-0.45,2.16,0.18
-0.41,2.16,0.11
-0.34,2.16,0.04
-0.29,2.16,-0.0
-0.25,2.16,-0.03
-0.41,2.16,-0.11
-0.5,2.16,-0.21
-0.52,2.16,-0.3
-0.48,2.16,-0.37
-0.42,2.16,-0.42
-0.33,2.16,-0.43
-0.2,2.16,-0.35
-0.07,2.16,-0.18
-0.05,2.16,-0.18
-0.02,2.16,-0.18
0.0,2.16,-0.18
0.02,2.16,-0.17
0.04,2.16,-0.16
0.06,2.16,-0.15
0.08,2.16,-0.13
0.09,2.16,-0.12
0.11,2.16,-0.1
0.12,2.16,-0.09
0.13,2.16,-0.08
0.15,2.16,-0.06
0.16,2.16,-0.04
0.18,2.16,-0.02
0.24,2.13,0.0
0.26,2.13,0.03
0.28,2.13,0.07
0.28,2.13,0.12
0.28,2.13,0.16
0.27,2.13,0.2
0.31,2.13,0.31
0.33,2.13,0.43
0.3,2.13,0.51
0.23,2.13,0.55
0.15,2.13,0.56
0.07,2.13,0.51
-0.0,2.13,0.47
-0.05,2.13,0.39
-0.08,2.13,0.3
-0.14,2.13,0.33
-0.22,2.13,0.37
-0.3,2.13,0.39
-0.37,2.13,0.37
-0.42,2.13,0.32
-0.46,2.13,0.26
-0.47,2.13,0.19
-0.44,2.13,0.12
-0.37,2.13,0.05
-0.31,2.13,-0.0
-0.26,2.13,-0.04
-0.4,2.13,-0.11
-0.51,2.13,-0.21
-0.52,2.13,-0.3
-0.48,2.13,-0.37
-0.42,2.13,-0.42
-0.33,2.13,-0.43
-0.19,2.13,-0.34
-0.09,2.13,-0.22
-0.06,2.13,-0.23
-0.03,2.13,-0.23
0.0,2.13,-0.23
0.03,2.13,-0.22
0.06,2.13,-0.21
0.08,2.13,-0.19
0.1,2.13,-0.17
0.12,2.13,-0.15
0.13,2.13,-0.13
0.15,2.13,-0.11
0.17,2.13,-0.09
0.18,2.13,-0.07
0.2,2.13,-0.05
0.22,2.13,-0.03
0.27,2.11,0.0
0.29,2.11,0.04
0.3,2.11,0.08
0.31,2.11,0.13
0.3,2.11,0.17
0.28,2.11,0.22
0.29,2.11,0.29
0.32,2.11,0.42
0.29,2.11,0.5
0.23,2.11,0.55
0.15,2.11,0.55
0.07,2.11,0.51
-0.0,2.11,0.48
-0.05,2.11,0.39
-0.08,2.11,0.31
-0.15,2.11,0.35
-0.23,2.11,0.39
-0.31,2.11,0.4
-0.38,2.11,0.38
-0.43,2.11,0.33
-0.47,2.11,0.27
-0.48,2.11,0.2
-0.46,2.11,0.12
-0.39,2.11,0.05
-0.32,2.11,-0.0
-0.27,2.11,-0.04
-0.39,2.11,-0.11
-0.5,2.11,-0.21
-0.51,2.11,-0.3
-0.48,2.11,-0.37
-0.42,2.11,-0.42
-0.32,2.11,-0.43
-0.17,2.11,-0.3
-0.1,2.11,-0.25
-0.07,2.11,-0.26
-0.03,2.11,-0.26
0.0,2.11,-0.26
0.03,2.11,-0.25
0.06,2.11,-0.24
0.09,2.11,-0.22
0.12,2.11,-0.2
0.14,2.11,-0.18
0.15,2.11,-0.15
0.17,2.11,-0.13
0.19,2.11,-0.11
0.21,2.11,-0.09
0.23,2.11,-0.06
0.25,2.11,-0.03
0.3,2.08,0.0
0.31,2.08,0.04
0.32,2.08,0.09
0.32,2.08,0.13
0.32,2.08,0.18
0.3,2.08,0.23
0.27,2.08,0.27
0.31,2.08,0.4
0.28,2.08,0.49
0.22,2.08,0.53
0.14,2.08,0.53
0.07,2.08,0.52
-0.0,2.08,0.48
-0.05,2.08,0.37
-0.09,2.08,0.32
-0.15,2.08,0.36
-0.23,2.08,0.4
-0.31,2.08,0.41
-0.39,2.08,0.38
-0.44,2.08,0.34
-0.48,2.08,0.27
-0.49,2.08,0.2
-0.47,2.08,0.12
-0.41,2.08,0.05
-0.33,2.08,-0.0
-0.28,2.08,-0.04
-0.4,2.08,-0.11
-0.49,2.08,-0.2
-0.51,2.08,-0.29
-0.48,2.08,-0.37
-0.41,2.08,-0.41
-0.32,2.08,-0.42
-0.14,2.08,-0.25
-0.11,2.08,-0.27
-0.07,2.08,-0.28
-0.04,2.08,-0.28
0.0,2.08,-0.28
0.04,2.08,-0.27
0.07,2.08,-0.26
0.1,2.08,-0.24
0.13,2.08,-0.22
0.15,2.08,-0.2
0.17,2.08,-0.17
0.19,2.08,-0.14
0.21,2.08,-0.12
0.23,2.08,-0.09
0.25,2.08,-0.07
0.27,2.08,-0.03
0.31,2.06,0.0
0.33,2.06,0.04
0.34,2.06,0.09
0.34,2.06,0.14
0.33,2.06,0.19
0.31,2.06,0.24
0.28,2.06,0.28
0.26,2.06,0.34
0.27,2.06,0.47
0.21,2.06,0.51
0.14,2.06,0.52
0.07,2.06,0.53
-0.0,2.06,0.49
-0.05,2.06,0.35
-0.09,2.06,0.33
-0.15,2.06,0.37
-0.24,2.06,0.41
-0.32,2.06,0.41
-0.39,2.06,0.39
-0.45,2.06,0.34
-0.48,2.06,0.28
-0.49,2.06,0.2
-0.47,2.06,0.13
-0.42,2.06,0.05
-0.34,2.06,-0.0
-0.28,2.06,-0.04
-0.41,2.06,-0.11
-0.51,2.06,-0.21
-0.52,2.06,-0.3
-0.47,2.06,-0.36
-0.4,2.06,-0.4
-0.3,2.06,-0.4
-0.15,2.06,-0.27
-0.12,2.06,-0.29
-0.08,2.06,-0.3
-0.04,2.06,-0.3
0.0,2.06,-0.3
0.04,2.06,-0.29
0.08,2.06,-0.28
0.11,2.06,-0.26
0.14,2.06,-0.24
0.16,2.06,-0.21
0.18,2.06,-0.18
0.2,2.06,-0.16
0.22,2.06,-0.13
0.24,2.06,-0.1
0.27,2.06,-0.07
0.29,2.06,-0.04
0.33,2.03,0.0
0.34,2.03,0.05
0.35,2.03,0.09
0.35,2.03,0.15
0.34,2.03,0.2
0.32,2.03,0.25
0.29,2.03,0.29
0.25,2.03,0.33
0.24,2.03,0.42
0.2,2.03,0.48
0.14,2.03,0.53
0.07,2.03,0.54
-0.0,2.03,0.5
-0.05,2.03,0.36
-0.09,2.03,0.34
-0.15,2.03,0.37
-0.24,2.03,0.41
-0.32,2.03,0.41
-0.39,2.03,0.39
-0.45,2.03,0.34
-0.48,2.03,0.28
-0.49,2.03,0.2
-0.48,2.03,0.13
-0.42,2.03,0.05
-0.34,2.03,-0.0
-0.29,2.03,-0.04
-0.41,2.03,-0.11
-0.53,2.03,-0.22
-0.55,2.03,-0.32
-0.49,2.03,-0.38
-0.38,2.03,-0.39
-0.2,2.03,-0.26
-0.16,2.03,-0.28
-0.12,2.03,-0.3
-0.08,2.03,-0.31
-0.04,2.03,-0.32
0.0,2.03,-0.32
0.04,2.03,-0.31
0.08,2.03,-0.29
0.11,2.03,-0.27
0.15,2.03,-0.25
0.17,2.03,-0.22
0.2,2.03,-0.19
0.22,2.03,-0.16
0.24,2.03,-0.14
0.26,2.03,-0.11
0.28,2.03,-0.07
0.3,2.03,-0.04
0.34,2.0,0.0
0.35,2.0,0.05
0.36,2.0,0.1
0.36,2.0,0.15
0.35,2.0,0.2
0.33,2.0,0.25
0.3,2.0,0.3
0.26,2.0,0.34
0.22,2.0,0.38
0.2,2.0,0.49
0.14,2.0,0.54
0.07,2.0,0.55
-0.0,2.0,0.5
-0.05,2.0,0.37
-0.09,2.0,0.34
-0.15,2.0,0.36
-0.24,2.0,0.41
-0.32,2.0,0.41
-0.39,2.0,0.39
-0.44,2.0,0.34
-0.48,2.0,0.28
-0.49,2.0,0.2
-0.47,2.0,0.13
-0.42,2.0,0.05
-0.33,2.0,-0.0
-0.3,2.0,-0.04
-0.3,2.0,-0.08
-0.56,2.0,-0.23
-0.57,2.0,-0.33
-0.51,2.0,-0.39
-0.39,2.0,-0.39
-0.2,2.0,-0.27
-0.17,2.0,-0.29
-0.13,2.0,-0.31
-0.09,2.0,-0.32
-0.04,2.0,-0.33
0.0,2.0,-0.33
0.04,2.0,-0.32
0.08,2.0,-0.31
0.12,2.0,-0.29
0.15,2.0,-0.26
0.18,2.0,-0.23
0.2,2.0,-0.2
0.22,2.0,-0.17
0.25,2.0,-0.14
0.27,2.0,-0.11
0.29,2.0,-0.08
0.31,2.0,-0.04
0.34,1.98,0.0
0.36,1.98,0.05
0.37,1.98,0.1
0.37,1.98,0.15
0.36,1.98,0.21
0.33,1.98,0.26
0.3,1.98,0.3
0.26,1.98,0.34
0.22,1.98,0.38
0.21,1.98,0.5
0.15,1.98,0.55
0.07,1.98,0.56
-0.0,1.98,0.51
-0.05,1.98,0.38
-0.09,1.98,0.35
-0.15,1.98,0.35
-0.23,1.98,0.4
-0.31,1.98,0.41
-0.38,1.98,0.38
-0.44,1.98,0.34
-0.48,1.98,0.27
-0.49,1.98,0.2
-0.47,1.98,0.12
-0.41,1.98,0.05
-0.32,1.98,-0.0
-0.31,1.98,-0.04
-0.31,1.98,-0.08
-0.57,1.98,-0.24
-0.58,1.98,-0.34
-0.52,1.98,-0.4
-0.4,1.98,-0.4
-0.21,1.98,-0.27
-0.17,1.98,-0.3
-0.13,1.98,-0.32
-0.09,1.98,-0.33
-0.04,1.98,-0.34
0.0,1.98,-0.34
0.04,1.98,-0.33
0.09,1.98,-0.31
0.12,1.98,-0.29
0.16,1.98,-0.27
0.19,1.98,-0.24
0.21,1.98,-0.21
0.23,1.98,-0.18
0.25,1.98,-0.14
0.27,1.98,-0.11
0.3,1.98,-0.08
0.32,1.98,-0.04
0.35,1.95,-0.0
0.36,1.95,0.05
0.37,1.95,0.1
0.37,1.95,0.15
0.36,1.95,0.21
0.34,1.95,0.26
0.31,1.95,0.31
0.26,1.95,0.35
0.22,1.95,0.38
0.21,1.95,0.51
0.15,1.95,0.56
0.07,1.95,0.57
-0.0,1.95,0.51
-0.05,1.95,0.38
-0.1,1.95,0.36
-0.14,1.95,0.34
-0.23,1.95,0.39
-0.31,1.95,0.4
-0.38,1.95,0.38
-0.43,1.95,0.33
-0.47,1.95,0.27
-0.48,1.95,0.2
-0.45,1.95,0.12
-0.39,1.95,0.05
-0.32,1.95,-0.0
-0.32,1.95,-0.04
-0.32,1.95,-0.09
-0.58,1.95,-0.24
-0.59,1.95,-0.34
-0.53,1.95,-0.41
-0.4,1.95,-0.41
-0.21,1.95,-0.28
-0.17,1.95,-0.31
-0.13,1.95,-0.33
-0.09,1.95,-0.34
-0.04,1.95,-0.34
0.0,1.95,-0.34
0.05,1.95,-0.33
0.09,1.95,-0.32
0.13,1.95,-0.3
0.16,1.95,-0.27
0.19,1.95,-0.25
0.21,1.95,-0.21
0.24,1.95,-0.18
0.26,1.95,-0.15
0.28,1.95,-0.11
0.3,1.95,-0.08
0.33,1.95,-0.04
0.35,1.93,0.0
0.37,1.93,0.05
0.37,1.93,0.1
0.37,1.93,0.15
0.36,1.93,0.21
0.34,1.93,0.26
0.31,1.93,0.31
0.27,1.93,0.35
0.22,1.93,0.38
0.22,1.93,0.52
0.15,1.93,0.57
0.08,1.93,0.58
-0.0,1.93,0.52
-0.05,1.93,0.38
-0.1,1.93,0.36
-0.13,1.93,0.32
-0.22,1.93,0.37
-0.3,1.93,0.39
-0.37,1.93,0.37
-0.42,1.93,0.32
-0.46,1.93,0.26
-0.46,1.93,0.19
-0.44,1.93,0.12
-0.35,1.93,0.05
-0.32,1.93,-0.0
-0.32,1.93,-0.04
-0.32,1.93,-0.09
-0.58,1.93,-0.24
-0.59,1.93,-0.34
-0.53,1.93,-0.41
-0.41,1.93,-0.41
-0.22,1.93,-0.28
-0.18,1.93,-0.31
-0.13,1.93,-0.33
-0.09,1.93,-0.34
-0.04,1.93,-0.35
0.0,1.93,-0.35
0.05,1.93,-0.34
0.09,1.93,-0.32
0.13,1.93,-0.3
0.16,1.93,-0.28
0.19,1.93,-0.25
0.22,1.93,-0.22
0.24,1.93,-0.18
0.26,1.93,-0.15
0.28,1.93,-0.12
0.3,1.93,-0.08
0.33,1.93,-0.04
0.35,1.9,0.0
0.37,1.9,0.05
0.37,1.9,0.1
0.37,1.9,0.15
0.36,1.9,0.21
0.34,1.9,0.26
0.31,1.9,0.31
0.27,1.9,0.35
0.31,1.9,0.54
0.23,1.9,0.57
0.16,1.9,0.58
0.08,1.9,0.59
-0.0,1.9,0.52
-0.05,1.9,0.38
-0.1,1.9,0.36
-0.13,1.9,0.32
-0.2,1.9,0.34
-0.28,1.9,0.37
-0.35,1.9,0.35
-0.41,1.9,0.31
-0.44,1.9,0.25
-0.44,1.9,0.18
-0.41,1.9,0.11
-0.31,1.9,0.04
-0.32,1.9,-0.0
-0.33,1.9,-0.04
-0.32,1.9,-0.09
-0.58,1.9,-0.24
-0.58,1.9,-0.34
-0.54,1.9,-0.41
-0.45,1.9,-0.45
-0.22,1.9,-0.28
-0.18,1.9,-0.31
-0.14,1.9,-0.33
-0.09,1.9,-0.34
-0.04,1.9,-0.35
0.0,1.9,-0.35
0.05,1.9,-0.34
0.09,1.9,-0.33
0.13,1.9,-0.31
0.16,1.9,-0.28
0.19,1.9,-0.25
0.22,1.9,-0.22
0.24,1.9,-0.18
0.26,1.9,-0.15
0.28,1.9,-0.12
0.3,1.9,-0.08
0.33,1.9,-0.04
0.35,1.87,0.0
0.36,1.87,0.05
0.37,1.87,0.1
0.37,1.87,0.15
0.36,1.87,0.21
0.34,1.87,0.26
0.3,1.87,0.3
0.52,1.87,0.67
0.34,1.87,0.59
0.25,1.87,0.59
0.16,1.87,0.59
0.08,1.87,0.59
-0.0,1.87,0.53
-0.05,1.87,0.38
-0.1,1.87,0.35
-0.13,1.87,0.32
-0.16,1.87,0.28
-0.26,1.87,0.34
-0.33,1.87,0.33
-0.39,1.87,0.3
-0.42,1.87,0.24
-0.41,1.87,0.17
-0.35,1.87,0.09
-0.31,1.87,0.04
-0.32,1.87,-0.0
-0.33,1.87,-0.04
-0.32,1.87,-0.09
-0.57,1.87,-0.24
-0.58,1.87,-0.34
-0.54,1.87,-0.42
-0.47,1.87,-0.47
-0.22,1.87,-0.28
-0.18,1.87,-0.31
-0.14,1.87,-0.33
-0.09,1.87,-0.34
-0.04,1.87,-0.35
0.0,1.87,-0.35
0.05,1.87,-0.34
0.09,1.87,-0.33
0.13,1.87,-0.3
0.16,1.87,-0.28
0.19,1.87,-0.25
0.22,1.87,-0.22
0.24,1.87,-0.18
0.26,1.87,-0.15
0.28,1.87,-0.11
0.3,1.87,-0.08
0.33,1.87,-0.04
0.34,1.85,-0.0
0.36,1.85,0.05
0.37,1.85,0.1
0.36,1.85,0.15
0.35,1.85,0.2
0.33,1.85,0.25
0.63,1.85,0.63
0.55,1.85,0.71
0.36,1.85,0.63
0.25,1.85,0.61
0.16,1.85,0.59
0.08,1.85,0.59
-0.0,1.85,0.52
-0.05,1.85,0.38
-0.09,1.85,0.35
-0.13,1.85,0.32
-0.16,1.85,0.28
-0.19,1.85,0.24
-0.3,1.85,0.3
-0.36,1.85,0.27
-0.38,1.85,0.22
-0.35,1.85,0.15
-0.29,1.85,0.08
-0.31,1.85,0.04
-0.32,1.85,-0.0
-0.32,1.85,-0.04
-0.32,1.85,-0.09
-0.54,1.85,-0.23
-0.58,1.85,-0.34
-0.55,1.85,-0.42
-0.48,1.85,-0.49
-0.21,1.85,-0.28
-0.18,1.85,-0.31
-0.13,1.85,-0.33
-0.09,1.85,-0.34
-0.04,1.85,-0.35
0.0,1.85,-0.35
0.05,1.85,-0.34
0.09,1.85,-0.32
0.13,1.85,-0.3
0.16,1.85,-0.28
0.19,1.85,-0.25
0.22,1.85,-0.21
0.24,1.85,-0.18
0.26,1.85,-0.15
0.29,1.85,-0.12
0.3,1.85,-0.08
0.32,1.85,-0.04
0.33,1.82,-0.0
0.35,1.82,0.05
0.36,1.82,0.1
0.36,1.82,0.15
0.35,1.82,0.2
0.33,1.82,0.25
0.64,1.82,0.64
0.56,1.82,0.73
0.37,1.82,0.65
0.26,1.82,0.62
0.16,1.82,0.59
0.08,1.82,0.58
-0.0,1.82,0.5
-0.05,1.82,0.37
-0.09,1.82,0.34
-0.13,1.82,0.31
-0.16,1.82,0.27
-0.18,1.82,0.24
-0.2,1.82,0.2
-0.22,1.82,0.17
-0.25,1.82,0.14
-0.27,1.82,0.11
-0.29,1.82,0.08
-0.3,1.82,0.04
-0.31,1.82,-0.0
-0.32,1.82,-0.04
-0.32,1.82,-0.09
-0.31,1.82,-0.13
-0.57,1.82,-0.33
-0.55,1.82,-0.43
-0.5,1.82,-0.5
-0.39,1.82,-0.51
-0.17,1.82,-0.3
-0.13,1.82,-0.32
-0.09,1.82,-0.34
-0.04,1.82,-0.34
0.0,1.82,-0.34
0.04,1.82,-0.33
0.09,1.82,-0.32
0.12,1.82,-0.3
0.16,1.82,-0.27
0.19,1.82,-0.24
0.21,1.82,-0.21
0.24,1.82,-0.18
0.27,1.82,-0.15
0.29,1.82,-0.12
0.3,1.82,-0.08
0.32,1.82,-0.04
0.32,1.8,0.0
0.34,1.8,0.04
0.35,1.8,0.09
0.35,1.8,0.14
0.34,1.8,0.2
0.32,1.8,0.24
0.65,1.8,0.65
0.56,1.8,0.73
0.38,1.8,0.66
0.26,1.8,0.63
0.16,1.8,0.59
0.07,1.8,0.56
-0.0,1.8,0.38
-0.05,1.8,0.36
-0.09,1.8,0.33
-0.12,1.8,0.3
-0.15,1.8,0.26
-0.18,1.8,0.23
-0.2,1.8,0.2
-0.22,1.8,0.17
-0.24,1.8,0.14
-0.26,1.8,0.11
-0.28,1.8,0.07
-0.29,1.8,0.04
-0.3,1.8,-0.0
-0.31,1.8,-0.04
-0.31,1.8,-0.08
-0.3,1.8,-0.13
-0.56,1.8,-0.32
-0.55,1.8,-0.43
-0.51,1.8,-0.51
-0.42,1.8,-0.54
-0.17,1.8,-0.3
-0.13,1.8,-0.32
-0.09,1.8,-0.33
-0.04,1.8,-0.33
0.0,1.8,-0.33
0.04,1.8,-0.32
0.08,1.8,-0.31
0.12,1.8,-0.29
0.15,1.8,-0.27
0.18,1.8,-0.24
0.21,1.8,-0.21
0.24,1.8,-0.18
0.27,1.8,-0.15
0.29,1.8,-0.12
0.3,1.8,-0.08
0.32,1.8,-0.04
0.32,1.77,0.0
0.32,1.77,0.04
0.33,1.77,0.09
0.33,1.77,0.14
0.33,1.77,0.19
0.31,1.77,0.24
0.65,1.77,0.65
0.56,1.77,0.73
0.39,1.77,0.67
0.26,1.77,0.63
0.15,1.77,0.58
0.07,1.77,0.53
-0.0,1.77,0.36
-0.05,1.77,0.34
-0.09,1.77,0.32
-0.12,1.77,0.28
-0.14,1.77,0.25
-0.17,1.77,0.22
-0.19,1.77,0.19
-0.22,1.77,0.16
-0.23,1.77,0.13
-0.25,1.77,0.1
-0.27,1.77,0.07
-0.28,1.77,0.04
-0.29,1.77,-0.0
-0.3,1.77,-0.04
-0.3,1.77,-0.08
-0.29,1.77,-0.12
-0.53,1.77,-0.31
-0.55,1.77,-0.43
-0.51,1.77,-0.52
-0.43,1.77,-0.57
-0.16,1.77,-0.29
-0.13,1.77,-0.31
-0.08,1.77,-0.32
-0.04,1.77,-0.32
0.0,1.77,-0.32
0.04,1.77,-0.31
0.08,1.77,-0.3
0.12,1.77,-0.28
0.15,1.77,-0.26
0.18,1.77,-0.23
0.21,1.77,-0.21
0.24,1.77,-0.18
0.27,1.77,-0.15
0.29,1.77,-0.12
0.3,1.77,-0.08
0.31,1.77,-0.04
0.32,1.74,-0.0
0.32,1.74,0.04
0.32,1.74,0.08
0.32,1.74,0.13
0.31,1.74,0.18
0.29,1.74,0.23
0.64,1.74,0.64
0.55,1.74,0.72
0.39,1.74,0.67
0.26,1.74,0.62
0.15,1.74,0.55
0.05,1.74,0.36
-0.0,1.74,0.35
-0.04,1.74,0.33
-0.08,1.74,0.3
-0.11,1.74,0.27
-0.14,1.74,0.25
-0.17,1.74,0.22
-0.19,1.74,0.19
-0.22,1.74,0.16
-0.23,1.74,0.13
-0.24,1.74,0.1
-0.26,1.74,0.07
-0.27,1.74,0.03
-0.28,1.74,-0.0
-0.28,1.74,-0.04
-0.28,1.74,-0.08
-0.28,1.74,-0.12
-0.26,1.74,-0.15
-0.55,1.74,-0.42
-0.52,1.74,-0.52
-0.44,1.74,-0.58
-0.32,1.74,-0.56
-0.12,1.74,-0.29
-0.08,1.74,-0.3
-0.04,1.74,-0.31
0.0,1.74,-0.31
0.04,1.74,-0.3
0.08,1.74,-0.29
0.11,1.74,-0.27
0.14,1.74,-0.25
0.18,1.74,-0.23
0.21,1.74,-0.21
0.24,1.74,-0.18
0.26,1.74,-0.15
0.28,1.74,-0.12
0.3,1.74,-0.08
0.31,1.74,-0.04
0.31,1.72,0.0
0.31,1.72,0.04
0.31,1.72,0.08
0.3,1.72,0.12
0.29,1.72,0.17
0.28,1.72,0.21
0.62,1.72,0.62
0.54,1.72,0.7
0.38,1.72,0.66
0.24,1.72,0.59
0.09,1.72,0.34
0.04,1.72,0.33
-0.0,1.72,0.32
-0.04,1.72,0.3
-0.08,1.72,0.28
-0.11,1.72,0.26
-0.14,1.72,0.24
-0.17,1.72,0.22
-0.19,1.72,0.19
-0.21,1.72,0.16
-0.23,1.72,0.13
-0.24,1.72,0.1
-0.25,1.72,0.07
-0.25,1.72,0.03
-0.26,1.72,-0.0
-0.27,1.72,-0.04
-0.27,1.72,-0.07
-0.26,1.72,-0.11
-0.25,1.72,-0.15
-0.54,1.72,-0.42
-0.52,1.72,-0.52
-0.45,1.72,-0.59
-0.35,1.72,-0.6
-0.11,1.72,-0.28
-0.08,1.72,-0.29
-0.04,1.72,-0.29
0.0,1.72,-0.29
0.04,1.72,-0.28
0.07,1.72,-0.27
0.11,1.72,-0.26
0.14,1.72,-0.25
0.18,1.72,-0.23
0.21,1.72,-0.21
0.24,1.72,-0.18
0.26,1.72,-0.15
0.28,1.72,-0.12
0.3,1.72,-0.08
0.31,1.72,-0.04
0.31,1.69,0.0
0.31,1.69,0.04
0.3,1.69,0.08
0.29,1.69,0.12
0.27,1.69,0.16
0.25,1.69,0.2
0.23,1.69,0.23
0.51,1.69,0.67
0.37,1.69,0.65
0.13,1.69,0.3
0.08,1.69,0.31
0.04,1.69,0.31
-0.0,1.69,0.3
-0.04,1.69,0.29
-0.07,1.69,0.28
-0.11,1.69,0.26
-0.14,1.69,0.24
-0.17,1.69,0.22
-0.19,1.69,0.19
-0.21,1.69,0.16
-0.23,1.69,0.13
-0.24,1.69,0.1
-0.25,1.69,0.07
-0.25,1.69,0.03
-0.25,1.69,-0.0
-0.25,1.69,-0.03
-0.25,1.69,-0.07
-0.24,1.69,-0.1
-0.23,1.69,-0.13
-0.52,1.69,-0.4
-0.52,1.69,-0.52
-0.46,1.69,-0.6
-0.36,1.69,-0.62
-0.26,1.69,-0.63
-0.07,1.69,-0.27
-0.04,1.69,-0.29
0.0,1.69,-0.29
0.04,1.69,-0.29
0.08,1.69,-0.28
0.11,1.69,-0.26
0.14,1.69,-0.24
0.17,1.69,-0.22
0.2,1.69,-0.2
0.23,1.69,-0.18
0.26,1.69,-0.15
0.28,1.69,-0.11
0.29,1.69,-0.08
0.31,1.69,-0.04
0.3,1.67,-0.0
0.3,1.67,0.04
0.3,1.67,0.08
0.28,1.67,0.12
0.27,1.67,0.15
0.25,1.67,0.19
0.23,1.67,0.23
0.47,1.67,0.62
0.34,1.67,0.59
0.13,1.67,0.3
0.08,1.67,0.31
0.04,1.67,0.31
-0.0,1.67,0.29
-0.04,1.67,0.28
-0.07,1.67,0.27
-0.11,1.67,0.25
-0.14,1.67,0.23
-0.16,1.67,0.21
-0.19,1.67,0.18
-0.2,1.67,0.16
-0.22,1.67,0.13
-0.23,1.67,0.1
-0.24,1.67,0.06
-0.24,1.67,0.03
-0.24,1.67,-0.0
-0.24,1.67,-0.03
-0.23,1.67,-0.06
-0.22,1.67,-0.09
-0.21,1.67,-0.12
-0.19,1.67,-0.15
-0.52,1.67,-0.52
-0.46,1.67,-0.6
-0.36,1.67,-0.63
-0.26,1.67,-0.65
-0.08,1.67,-0.29
-0.04,1.67,-0.3
0.0,1.67,-0.31
0.04,1.67,-0.3
0.08,1.67,-0.3
0.12,1.67,-0.28
0.15,1.67,-0.26
0.18,1.67,-0.23
0.2,1.67,-0.2
0.23,1.67,-0.17
0.25,1.67,-0.14
0.27,1.67,-0.11
0.29,1.67,-0.08
0.3,1.67,-0.04
0.29,1.64,0.0
0.29,1.64,0.04
0.29,1.64,0.08
0.29,1.64,0.12
0.28,1.64,0.16
0.26,1.64,0.2
0.24,1.64,0.24
0.21,1.64,0.27
0.17,1.64,0.3
0.13,1.64,0.32
0.09,1.64,0.33
0.04,1.64,0.33
-0.0,1.64,0.31
-0.04,1.64,0.29
-0.07,1.64,0.26
-0.1,1.64,0.24
-0.13,1.64,0.23
-0.16,1.64,0.2
-0.18,1.64,0.18
-0.2,1.64,0.15
-0.21,1.64,0.12
-0.22,1.64,0.09
-0.23,1.64,0.06
-0.23,1.64,0.03
-0.23,1.64,-0.0
-0.23,1.64,-0.03
-0.22,1.64,-0.06
-0.21,1.64,-0.09
-0.21,1.64,-0.12
-0.2,1.64,-0.16
-0.51,1.64,-0.51
-0.45,1.64,-0.6
-0.36,1.64,-0.63
-0.27,1.64,-0.65
-0.08,1.64,-0.3
-0.04,1.64,-0.31
0.0,1.64,-0.32
0.04,1.64,-0.32
0.08,1.64,-0.31
0.12,1.64,-0.29
0.16,1.64,-0.27
0.18,1.64,-0.24
0.21,1.64,-0.21
0.22,1.64,-0.17
0.24,1.64,-0.14
0.26,1.64,-0.11
0.28,1.64,-0.07
0.29,1.64,-0.04
0.28,1.61,0.0
0.29,1.61,0.04
0.3,1.61,0.08
0.29,1.61,0.12
0.28,1.61,0.16
0.27,1.61,0.21
0.25,1.61,0.25
0.22,1.61,0.28
0.18,1.61,0.31
0.14,1.61,0.33
0.09,1.61,0.34
0.04,1.61,0.34
-0.0,1.61,0.33
-0.04,1.61,0.3
-0.07,1.61,0.28
-0.1,1.61,0.24
-0.12,1.61,0.22
-0.15,1.61,0.19
-0.17,1.61,0.17
-0.19,1.61,0.14
-0.2,1.61,0.12
-0.21,1.61,0.09
-0.22,1.61,0.06
-0.22,1.61,0.03
-0.22,1.61,-0.0
-0.22,1.61,-0.03
-0.22,1.61,-0.06
-0.22,1.61,-0.09
-0.22,1.61,-0.13
-0.21,1.61,-0.16
-0.5,1.61,-0.5
-0.45,1.61,-0.59
-0.36,1.61,-0.63
-0.27,1.61,-0.65
-0.08,1.61,-0.31
-0.04,1.61,-0.32
0.0,1.61,-0.33
0.04,1.61,-0.32
0.09,1.61,-0.31
0.12,1.61,-0.3
0.16,1.61,-0.27
0.19,1.61,-0.24
0.21,1.61,-0.21
0.23,1.61,-0.17
0.24,1.61,-0.14
0.25,1.61,-0.1
0.27,1.61,-0.07
0.28,1.61,-0.04
0.29,1.59,0.0
0.3,1.59,0.04
0.3,1.59,0.08
0.3,1.59,0.12
0.29,1.59,0.17
0.27,1.59,0.21
0.25,1.59,0.25
0.22,1.59,0.29
0.18,1.59,0.32
0.14,1.59,0.34
0.09,1.59,0.35
0.05,1.59,0.35
-0.0,1.59,0.34
-0.04,1.59,0.31
-0.08,1.59,0.29
-0.1,1.59,0.25
-0.13,1.59,0.22
-0.15,1.59,0.19
-0.16,1.59,0.16
-0.17,1.59,0.13
-0.19,1.59,0.11
-0.2,1.59,0.08
-0.2,1.59,0.05
-0.2,1.59,0.03
-0.21,1.59,-0.0
-0.22,1.59,-0.03
-0.22,1.59,-0.06
-0.23,1.59,-0.09
-0.22,1.59,-0.13
-0.21,1.59,-0.17
-0.2,1.59,-0.2
-0.43,1.59,-0.57
-0.35,1.59,-0.62
-0.27,1.59,-0.65
-0.08,1.59,-0.32
-0.04,1.59,-0.33
0.0,1.59,-0.34
0.04,1.59,-0.33
0.09,1.59,-0.32
0.13,1.59,-0.3
0.16,1.59,-0.28
0.19,1.59,-0.25
0.22,1.59,-0.21
0.23,1.59,-0.18
0.25,1.59,-0.14
0.26,1.59,-0.1
0.27,1.59,-0.07
0.28,1.59,-0.04
0.29,1.56,0.0
0.3,1.56,0.04
0.31,1.56,0.08
0.3,1.56,0.13
0.29,1.56,0.17
0.28,1.56,0.21
0.26,1.56,0.26
0.22,1.56,0.29
0.19,1.56,0.32
0.14,1.56,0.34
0.09,1.56,0.36
0.05,1.56,0.36
-0.0,1.56,0.34
-0.04,1.56,0.32
-0.08,1.56,0.29
-0.11,1.56,0.26
-0.13,1.56,0.22
-0.15,1.56,0.19
-0.16,1.56,0.16
-0.17,1.56,0.13
-0.18,1.56,0.1
-0.19,1.56,0.08
-0.19,1.56,0.05
-0.2,1.56,0.03
-0.21,1.56,-0.0
-0.22,1.56,-0.03
-0.23,1.56,-0.06
-0.23,1.56,-0.09
-0.22,1.56,-0.13
-0.22,1.56,-0.17
-0.2,1.56,-0.2
-0.41,1.56,-0.53
-0.34,1.56,-0.6
-0.26,1.56,-0.63
-0.09,1.56,-0.32
-0.04,1.56,-0.34
0.0,1.56,-0.34
0.05,1.56,-0.34
0.09,1.56,-0.32
0.13,1.56,-0.3
0.16,1.56,-0.28
0.19,1.56,-0.25
0.22,1.56,-0.22
0.24,1.56,-0.18
0.25,1.56,-0.14
0.26,1.56,-0.11
0.27,1.56,-0.07
0.28,1.56,-0.04
0.29,1.54,0.0
0.3,1.54,0.04
0.31,1.54,0.08
0.3,1.54,0.13
0.29,1.54,0.17
0.28,1.54,0.21
0.26,1.54,0.26
0.23,1.54,0.3
0.19,1.54,0.33
0.14,1.54,0.35
0.1,1.54,0.36
0.05,1.54,0.36
-0.0,1.54,0.35
-0.04,1.54,0.33
-0.08,1.54,0.3
-0.11,1.54,0.27
-0.13,1.54,0.23
-0.15,1.54,0.19
-0.16,1.54,0.16
-0.17,1.54,0.13
-0.18,1.54,0.1
-0.19,1.54,0.08
-0.19,1.54,0.05
-0.2,1.54,0.03
-0.21,1.54,-0.0
-0.22,1.54,-0.03
-0.22,1.54,-0.06
-0.23,1.54,-0.09
-0.22,1.54,-0.13
-0.22,1.54,-0.17
-0.21,1.54,-0.21
-0.19,1.54,-0.24
-0.32,1.54,-0.57
-0.24,1.54,-0.59
-0.09,1.54,-0.33
-0.04,1.54,-0.34
0.0,1.54,-0.35
0.05,1.54,-0.34
0.09,1.54,-0.33
0.13,1.54,-0.3
0.16,1.54,-0.28
0.19,1.54,-0.25
0.22,1.54,-0.22
0.23,1.54,-0.18
0.25,1.54,-0.14
0.26,1.54,-0.11
0.27,1.54,-0.07
0.28,1.54,-0.04
0.29,1.51,0.0
0.3,1.51,0.04
0.3,1.51,0.08
0.3,1.51,0.12
0.29,1.51,0.17
0.28,1.51,0.21
0.26,1.51,0.26
0.23,1.51,0.3
0.19,1.51,0.33
0.15,1.51,0.36
0.1,1.51,0.37
0.05,1.51,0.37
-0.0,1.51,0.36
-0.05,1.51,0.34
-0.08,1.51,0.31
-0.11,1.51,0.27
-0.13,1.51,0.23
-0.15,1.51,0.19
-0.16,1.51,0.16
-0.17,1.51,0.13
-0.17,1.51,0.1
-0.18,1.51,0.08
-0.19,1.51,0.05
-0.2,1.51,0.03
-0.21,1.51,-0.0
-0.21,1.51,-0.03
-0.22,1.51,-0.06
-0.22,1.51,-0.09
-0.22,1.51,-0.13
-0.22,1.51,-0.17
-0.21,1.51,-0.21
-0.19,1.51,-0.25
-0.16,1.51,-0.29
-0.13,1.51,-0.31
-0.09,1.51,-0.34
-0.04,1.51,-0.35
0.0,1.51,-0.35
0.05,1.51,-0.35
0.09,1.51,-0.33
0.13,1.51,-0.31
0.16,1.51,-0.28
0.19,1.51,-0.25
0.21,1.51,-0.21
0.23,1.51,-0.18
0.24,1.51,-0.14
0.25,1.51,-0.1
0.27,1.51,-0.07
0.28,1.51,-0.04
0.28,1.48,0.0
0.29,1.48,0.04
0.3,1.48,0.08
0.29,1.48,0.12
0.29,1.48,0.17
0.28,1.48,0.21
0.26,1.48,0.26
0.23,1.48,0.3
0.19,1.48,0.34
0.15,1.48,0.36
0.1,1.48,0.38
0.05,1.48,0.38
-0.0,1.48,0.37
-0.05,1.48,0.35
-0.09,1.48,0.32
-0.12,1.48,0.28
-0.14,1.48,0.24
-0.15,1.48,0.19
-0.15,1.48,0.15
-0.16,1.48,0.12
-0.17,1.48,0.1
-0.18,1.48,0.07
-0.18,1.48,0.05
-0.19,1.48,0.02
-0.2,1.48,-0.0
-0.21,1.48,-0.03
-0.21,1.48,-0.06
-0.22,1.48,-0.09
-0.23,1.48,-0.13
-0.23,1.48,-0.17
-0.21,1.48,-0.22
-0.2,1.48,-0.26
-0.17,1.48,-0.29
-0.13,1.48,-0.32
-0.09,1.48,-0.34
-0.05,1.48,-0.35
0.0,1.48,-0.36
0.05,1.48,-0.35
0.09,1.48,-0.33
0.13,1.48,-0.31
0.16,1.48,-0.28
0.19,1.48,-0.24
0.21,1.48,-0.21
0.23,1.48,-0.17
0.24,1.48,-0.14
0.25,1.48,-0.1
0.26,1.48,-0.07
0.27,1.48,-0.03
0.27,1.46,0.0
0.28,1.46,0.04
0.29,1.46,0.08
0.28,1.46,0.12
0.29,1.46,0.17
0.28,1.46,0.21
0.26,1.46,0.26
0.23,1.46,0.3
0.2,1.46,0.34
0.15,1.46,0.37
0.1,1.46,0.39
0.05,1.46,0.39
-0.0,1.46,0.38
-0.05,1.46,0.36
-0.09,1.46,0.33
-0.12,1.46,0.29
-0.14,1.46,0.24
-0.15,1.46,0.2
-0.15,1.46,0.15
-0.15,1.46,0.12
-0.16,1.46,0.09
-0.17,1.46,0.07
-0.17,1.46,0.05
-0.18,1.46,0.02
-0.19,1.46,-0.0
-0.2,1.46,-0.03
-0.21,1.46,-0.06
-0.23,1.46,-0.09
-0.23,1.46,-0.13
-0.23,1.46,-0.18
-0.22,1.46,-0.22
-0.2,1.46,-0.26
-0.17,1.46,-0.3
-0.13,1.46,-0.33
-0.09,1.46,-0.35
-0.05,1.46,-0.36
0.0,1.46,-0.36
0.05,1.46,-0.35
0.09,1.46,-0.33
0.13,1.46,-0.31
0.16,1.46,-0.28
0.19,1.46,-0.24
0.2,1.46,-0.2
0.22,1.46,-0.17
0.23,1.46,-0.13
0.24,1.46,-0.1
0.25,1.46,-0.07
0.26,1.46,-0.03
0.26,1.43,0.0
0.27,1.43,0.04
0.27,1.43,0.07
0.28,1.43,0.12
0.28,1.43,0.16
0.28,1.43,0.21
0.26,1.43,0.26
0.24,1.43,0.31
0.2,1.43,0.35
0.16,1.43,0.38
0.11,1.43,0.39
0.05,1.43,0.4
-0.0,1.43,0.39
-0.05,1.43,0.37
-0.09,1.43,0.34
-0.12,1.43,0.3
-0.15,1.43,0.25
-0.16,1.43,0.2
-0.16,1.43,0.16
-0.15,1.43,0.11
-0.15,1.43,0.09
-0.16,1.43,0.06
-0.16,1.43,0.04
-0.17,1.43,0.02
-0.18,1.43,-0.0
-0.2,1.43,-0.03
-0.22,1.43,-0.06
-0.23,1.43,-0.1
-0.24,1.43,-0.14
-0.23,1.43,-0.18
-0.22,1.43,-0.23
-0.2,1.43,-0.27
-0.17,1.43,-0.3
-0.14,1.43,-0.33
-0.09,1.43,-0.36
-0.05,1.43,-0.37
0.0,1.43,-0.37
0.05,1.43,-0.36
0.09,1.43,-0.34
0.13,1.43,-0.31
0.16,1.43,-0.28
0.18,1.43,-0.24
0.2,1.43,-0.2
0.21,1.43,-0.16
0.22,1.43,-0.12
0.23,1.43,-0.09
0.24,1.43,-0.06
0.25,1.43,-0.03
0.24,1.41,0.0
0.25,1.41,0.03
0.26,1.41,0.07
0.27,1.41,0.11
0.28,1.41,0.16
0.28,1.41,0.21
0.26,1.41,0.26
0.24,1.41,0.31
0.2,1.41,0.35
0.16,1.41,0.38
0.11,1.41,0.4
0.05,1.41,0.41
-0.0,1.41,0.4
-0.05,1.41,0.38
-0.09,1.41,0.35
-0.13,1.41,0.31
-0.15,1.41,0.26
-0.16,1.41,0.21
-0.16,1.41,0.16
-0.15,1.41,0.11
-0.14,1.41,0.08
-0.14,1.41,0.06
-0.14,1.41,0.04
-0.16,1.41,0.02
-0.18,1.41,-0.0
-0.2,1.41,-0.03
-0.22,1.41,-0.06
-0.23,1.41,-0.1
-0.24,1.41,-0.14
-0.24,1.41,-0.19
-0.23,1.41,-0.23
-0.21,1.41,-0.27
-0.18,1.41,-0.31
-0.14,1.41,-0.34
-0.1,1.41,-0.36
-0.05,1.41,-0.37
0.0,1.41,-0.37
0.05,1.41,-0.36
0.09,1.41,-0.34
0.13,1.41,-0.31
0.16,1.41,-0.28
0.18,1.41,-0.24
0.2,1.41,-0.2
0.2,1.41,-0.15
0.2,1.41,-0.12
0.21,1.41,-0.09
0.22,1.41,-0.06
0.23,1.41,-0.03
0.21,1.38,0.0
0.23,1.38,0.03
0.25,1.38,0.07
0.27,1.38,0.11
0.28,1.38,0.16
0.28,1.38,0.21
0.26,1.38,0.26
0.24,1.38,0.31
0.2,1.38,0.35
0.16,1.38,0.39
0.11,1.38,0.41
0.05,1.38,0.42
-0.0,1.38,0.41
-0.05,1.38,0.39
-0.1,1.38,0.36
-0.13,1.38,0.31
-0.15,1.38,0.26
-0.16,1.38,0.21
-0.16,1.38,0.16
-0.15,1.38,0.11
-0.13,1.38,0.08
-0.12,1.38,0.05
-0.13,1.38,0.04
-0.16,1.38,0.02
-0.18,1.38,-0.0
-0.2,1.38,-0.03
-0.22,1.38,-0.06
-0.24,1.38,-0.1
-0.25,1.38,-0.14
-0.24,1.38,-0.19
-0.23,1.38,-0.24
-0.21,1.38,-0.28
-0.18,1.38,-0.32
-0.14,1.38,-0.35
-0.1,1.38,-0.37
-0.05,1.38,-0.38
0.0,1.38,-0.38
0.05,1.38,-0.36
0.09,1.38,-0.34
0.13,1.38,-0.31
0.16,1.38,-0.28
0.18,1.38,-0.24
0.19,1.38,-0.19
0.2,1.38,-0.15
0.2,1.38,-0.11
0.19,1.38,-0.08
0.2,1.38,-0.05
0.2,1.38,-0.03
0.18,1.35,-0.0
0.21,1.35,0.03
0.24,1.35,0.06
0.26,1.35,0.11
0.27,1.35,0.16
0.27,1.35,0.21
0.26,1.35,0.26
0.24,1.35,0.31
0.21,1.35,0.36
0.16,1.35,0.39
0.11,1.35,0.42
0.06,1.35,0.43
-0.0,1.35,0.42
-0.05,1.35,0.4
-0.1,1.35,0.37
-0.13,1.35,0.32
-0.16,1.35,0.27
-0.17,1.35,0.22
-0.16,1.35,0.16
-0.15,1.35,0.11
-0.13,1.35,0.07
-0.11,1.35,0.05
-0.13,1.35,0.03
-0.15,1.35,0.02
-0.18,1.35,-0.0
-0.2,1.35,-0.03
-0.22,1.35,-0.06
-0.24,1.35,-0.1
-0.25,1.35,-0.14
-0.25,1.35,-0.19
-0.24,1.35,-0.24
-0.22,1.35,-0.28
-0.19,1.35,-0.32
-0.15,1.35,-0.35
-0.1,1.35,-0.37
-0.05,1.35,-0.38
0.0,1.35,-0.38
0.05,1.35,-0.37
0.09,1.35,-0.34
0.13,1.35,-0.31
0.16,1.35,-0.27
0.18,1.35,-0.23
0.19,1.35,-0.19
0.19,1.35,-0.15
0.19,1.35,-0.11
0.18,1.35,-0.07
0.17,1.35,-0.04
0.17,1.35,-0.02
0.16,1.33,-0.0
0.2,1.33,0.03
0.23,1.33,0.06
0.26,1.33,0.11
0.27,1.33,0.16
0.27,1.33,0.21
0.26,1.33,0.26
0.24,1.33,0.31
0.21,1.33,0.36
0.16,1.33,0.4
0.11,1.33,0.42
0.06,1.33,0.43
-0.0,1.33,0.43
-0.05,1.33,0.41
-0.1,1.33,0.37
-0.14,1.33,0.33
-0.16,1.33,0.28
-0.17,1.33,0.22
-0.16,1.33,0.16
-0.15,1.33,0.11
-0.13,1.33,0.07
-0.11,1.33,0.04
-0.13,1.33,0.03
-0.15,1.33,0.02
-0.18,1.33,-0.0
-0.2,1.33,-0.03
-0.23,1.33,-0.06
-0.24,1.33,-0.1
-0.25,1.33,-0.15
-0.25,1.33,-0.2
-0.24,1.33,-0.24
-0.22,1.33,-0.29
-0.19,1.33,-0.33
-0.15,1.33,-0.36
-0.1,1.33,-0.38
-0.05,1.33,-0.39
0.0,1.33,-0.39
0.05,1.33,-0.37
0.09,1.33,-0.35
0.13,1.33,-0.31
0.16,1.33,-0.27
0.18,1.33,-0.23
0.19,1.33,-0.19
0.19,1.33,-0.14
0.18,1.33,-0.11
0.17,1.33,-0.07
0.16,1.33,-0.04
0.14,1.33,-0.02
0.14,1.3,-0.0
0.18,1.3,0.02
0.22,1.3,0.06
0.25,1.3,0.1
0.26,1.3,0.15
0.27,1.3,0.21
0.26,1.3,0.26
0.24,1.3,0.32
0.21,1.3,0.36
0.17,1.3,0.4
0.11,1.3,0.43
0.06,1.3,0.44
-0.0,1.3,0.44
-0.06,1.3,0.42
-0.1,1.3,0.38
-0.14,1.3,0.34
-0.16,1.3,0.28
-0.17,1.3,0.22
-0.17,1.3,0.17
-0.15,1.3,0.11
-0.12,1.3,0.07
-0.1,1.3,0.04
-0.12,1.3,0.03
-0.15,1.3,0.02
-0.18,1.3,-0.0
-0.2,1.3,-0.03
-0.23,1.3,-0.06
-0.25,1.3,-0.1
-0.26,1.3,-0.15
-0.26,1.3,-0.2
-0.25,1.3,-0.25
-0.23,1.3,-0.3
-0.19,1.3,-0.34
-0.15,1.3,-0.37
-0.1,1.3,-0.39
-0.05,1.3,-0.39
0.0,1.3,-0.39
0.05,1.3,-0.37
0.09,1.3,-0.35
0.13,1.3,-0.31
0.16,1.3,-0.27
0.18,1.3,-0.23
0.18,1.3,-0.18
0.18,1.3,-0.14
0.18,1.3,-0.1
0.16,1.3,-0.07
0.15,1.3,-0.04
0.13,1.3,-0.02
0.12,1.27,-0.0
0.17,1.27,0.02
0.21,1.27,0.06
0.24,1.27,0.1
0.26,1.27,0.15
0.27,1.27,0.2
0.26,1.27,0.26
0.24,1.27,0.32
0.21,1.27,0.37
0.17,1.27,0.41
0.12,1.27,0.43
0.06,1.27,0.45
-0.0,1.27,0.44
-0.06,1.27,0.42
-0.1,1.27,0.39
-0.14,1.27,0.34
-0.17,1.27,0.29
-0.17,1.27,0.23
-0.17,1.27,0.17
-0.14,1.27,0.11
-0.11,1.27,0.06
-0.1,1.27,0.04
-0.12,1.27,0.03
-0.14,1.27,0.02
-0.17,1.27,-0.0
-0.2,1.27,-0.03
-0.23,1.27,-0.06
-0.25,1.27,-0.1
-0.26,1.27,-0.15
-0.26,1.27,-0.2
-0.25,1.27,-0.25
-0.23,1.27,-0.3
-0.2,1.27,-0.34
-0.15,1.27,-0.37
-0.1,1.27,-0.39
-0.05,1.27,-0.4
0.0,1.27,-0.39
0.05,1.27,-0.38
0.09,1.27,-0.35
0.13,1.27,-0.31
0.16,1.27,-0.27
0.17,1.27,-0.22
0.18,1.27,-0.18
0.18,1.27,-0.14
0.17,1.27,-0.1
0.15,1.27,-0.06
0.14,1.27,-0.04
0.12,1.27,-0.02
0.09,1.25,0.0
0.14,1.25,0.02
0.19,1.25,0.05
0.23,1.25,0.09
0.25,1.25,0.15
0.26,1.25,0.2
0.26,1.25,0.26
0.24,1.25,0.32
0.21,1.25,0.37
0.17,1.25,0.41
0.12,1.25,0.44
0.06,1.25,0.45
-0.0,1.25,0.44
-0.06,1.25,0.42
-0.11,1.25,0.39
-0.14,1.25,0.34
-0.17,1.25,0.29
-0.18,1.25,0.23
-0.17,1.25,0.17
-0.14,1.25,0.11
-0.1,1.25,0.06
-0.09,1.25,0.04
-0.11,1.25,0.03
-0.14,1.25,0.02
-0.17,1.25,-0.0
-0.2,1.25,-0.03
-0.23,1.25,-0.06
-0.25,1.25,-0.11
-0.26,1.25,-0.15
-0.27,1.25,-0.2
-0.25,1.25,-0.26
-0.23,1.25,-0.3
-0.2,1.25,-0.34
-0.15,1.25,-0.37
-0.1,1.25,-0.39
-0.05,1.25,-0.4
0.0,1.25,-0.4
0.05,1.25,-0.38
0.1,1.25,-0.35
0.13,1.25,-0.31
0.16,1.25,-0.27
0.17,1.25,-0.22
0.18,1.25,-0.18
0.17,1.25,-0.13
0.16,1.25,-0.09
0.14,1.25,-0.06
0.13,1.25,-0.03
0.11,1.25,-0.01
0.08,1.22,-0.0
0.1,1.22,0.01
0.17,1.22,0.05
0.21,1.22,0.09
0.24,1.22,0.14
0.26,1.22,0.2
0.26,1.22,0.26
0.24,1.22,0.32
0.21,1.22,0.37
0.17,1.22,0.41
0.12,1.22,0.43
0.06,1.22,0.45
-0.0,1.22,0.44
-0.06,1.22,0.42
-0.1,1.22,0.39
-0.14,1.22,0.34
-0.17,1.22,0.29
-0.17,1.22,0.23
-0.17,1.22,0.16
-0.13,1.22,0.1
-0.06,1.22,0.04
-0.08,1.22,0.03
-0.11,1.22,0.03
-0.13,1.22,0.02
-0.17,1.22,-0.0
-0.2,1.22,-0.03
-0.23,1.22,-0.06
-0.25,1.22,-0.1
-0.26,1.22,-0.15
-0.26,1.22,-0.2
-0.25,1.22,-0.25
-0.23,1.22,-0.3
-0.2,1.22,-0.34
-0.15,1.22,-0.37
-0.1,1.22,-0.39
-0.05,1.22,-0.4
0.0,1.22,-0.4
0.05,1.22,-0.38
0.09,1.22,-0.35
0.13,1.22,-0.31
0.15,1.22,-0.27
0.17,1.22,-0.22
0.17,1.22,-0.17
0.17,1.22,-0.13
0.15,1.22,-0.09
0.13,1.22,-0.05
0.11,1.22,-0.03
0.09,1.22,-0.01
0.07,1.2,-0.0
0.05,1.2,0.01
0.14,1.2,0.04
0.2,1.2,0.08
0.24,1.2,0.14
0.25,1.2,0.2
0.26,1.2,0.26
0.24,1.2,0.31
0.21,1.2,0.36
0.17,1.2,0.4
0.12,1.2,0.44
0.06,1.2,0.46
-0.0,1.2,0.46
-0.06,1.2,0.44
-0.11,1.2,0.4
-0.14,1.2,0.34
-0.16,1.2,0.28
-0.17,1.2,0.22
-0.16,1.2,0.16
-0.12,1.2,0.09
-0.05,1.2,0.03
-0.07,1.2,0.03
-0.1,1.2,0.03
-0.13,1.2,0.02
-0.16,1.2,-0.0
-0.19,1.2,-0.03
-0.22,1.2,-0.06
-0.25,1.2,-0.1
-0.26,1.2,-0.15
-0.26,1.2,-0.2
-0.25,1.2,-0.25
-0.23,1.2,-0.3
-0.2,1.2,-0.34
-0.15,1.2,-0.37
-0.1,1.2,-0.39
-0.05,1.2,-0.4
0.0,1.2,-0.39
0.05,1.2,-0.37
0.09,1.2,-0.34
0.13,1.2,-0.31
0.15,1.2,-0.26
0.16,1.2,-0.21
0.17,1.2,-0.17
0.16,1.2,-0.12
0.14,1.2,-0.08
0.12,1.2,-0.05
0.1,1.2,-0.03
0.08,1.2,-0.01
0.05,1.17,-0.0
0.04,1.17,0.01
0.03,1.17,0.01
0.18,1.17,0.07
0.22,1.17,0.13
0.24,1.17,0.19
0.25,1.17,0.25
0.23,1.17,0.31
0.2,1.17,0.36
0.17,1.17,0.41
0.12,1.17,0.45
0.06,1.17,0.47
-0.0,1.17,0.47
-0.06,1.17,0.45
-0.11,1.17,0.41
-0.15,1.17,0.36
-0.17,1.17,0.29
-0.16,1.17,0.21
-0.14,1.17,0.14
-0.03,1.17,0.02
-0.04,1.17,0.02
-0.06,1.17,0.02
-0.08,1.17,0.02
-0.11,1.17,0.01
-0.14,1.17,-0.0
-0.18,1.17,-0.02
-0.21,1.17,-0.06
-0.24,1.17,-0.1
-0.26,1.17,-0.15
-0.27,1.17,-0.21
-0.26,1.17,-0.27
-0.24,1.17,-0.32
-0.2,1.17,-0.36
-0.16,1.17,-0.39
-0.11,1.17,-0.4
-0.05,1.17,-0.4
0.0,1.17,-0.39
0.05,1.17,-0.36
0.09,1.17,-0.34
0.12,1.17,-0.3
0.15,1.17,-0.25
0.16,1.17,-0.2
0.16,1.17,-0.16
0.15,1.17,-0.11
0.13,1.17,-0.07
0.11,1.17,-0.04
0.08,1.17,-0.02
0.06,1.17,-0.01
0.02,1.14,-0.0
0.02,1.14,0.0
0.01,1.14,0.0
0.01,1.14,0.0
0.2,1.14,0.12
0.23,1.14,0.18
0.24,1.14,0.24
0.23,1.14,0.3
0.21,1.14,0.36
0.17,1.14,0.42
0.12,1.14,0.46
0.06,1.14,0.48
-0.0,1.14,0.48
-0.06,1.14,0.46
-0.11,1.14,0.43
-0.15,1.14,0.37
-0.17,1.14,0.3
-0.16,1.14,0.21
-0.11,1.14,0.11
-0.01,1.14,0.01
-0.02,1.14,0.01
-0.03,1.14,0.01
-0.05,1.14,0.01
-0.08,1.14,0.01
-0.12,1.14,-0.0
-0.16,1.14,-0.02
-0.19,1.14,-0.05
-0.25,1.14,-0.1
-0.28,1.14,-0.16
-0.29,1.14,-0.22
-0.28,1.14,-0.28
-0.25,1.14,-0.33
-0.21,1.14,-0.37
-0.16,1.14,-0.4
-0.11,1.14,-0.41
-0.05,1.14,-0.41
0.0,1.14,-0.4
0.05,1.14,-0.37
0.09,1.14,-0.33
0.12,1.14,-0.28
0.14,1.14,-0.24
0.15,1.14,-0.19
0.14,1.14,-0.14
0.13,1.14,-0.1
0.1,1.14,-0.06
0.08,1.14,-0.03
0.05,1.14,-0.01
0.03,1.14,-0.0
-5.0,1.12,0.0
-0.03,1.12,-0.0
-0.02,1.12,-0.01
-0.01,1.12,-0.01
0.15,1.12,0.09
0.21,1.12,0.16
0.23,1.12,0.23
0.23,1.12,0.3
0.21,1.12,0.37
0.17,1.12,0.42
0.12,1.12,0.46
0.06,1.12,0.48
-0.0,1.12,0.49
-0.06,1.12,0.47
-0.12,1.12,0.44
-0.16,1.12,0.38
-0.18,1.12,0.31
-0.17,1.12,0.22
0.01,1.12,-0.01
0.02,1.12,-0.02
4.34,1.12,-2.49
4.62,1.12,-1.9
4.83,1.12,-1.28
4.96,1.12,-0.64
5.0,1.12,0.01
-0.14,1.12,-0.02
-0.22,1.12,-0.06
-0.27,1.12,-0.11
-0.3,1.12,-0.18
-0.31,1.12,-0.24
-0.29,1.12,-0.29
-0.26,1.12,-0.34
-0.22,1.12,-0.38
-0.17,1.12,-0.4
-0.11,1.12,-0.42
-0.05,1.12,-0.42
0.0,1.12,-0.41
0.05,1.12,-0.38
0.09,1.12,-0.34
0.12,1.12,-0.28
0.13,1.12,-0.23
0.13,1.12,-0.17
0.12,1.12,-0.12
0.09,1.12,-0.07
-4.34,1.12,2.48
-4.63,1.12,1.89
-4.84,1.12,1.27
-4.96,1.12,0.63
-5.0,1.09,0.0
-0.06,1.09,-0.01
-0.04,1.09,-0.01
-0.03,1.09,-0.01
-0.02,1.09,-0.01
0.18,1.09,0.14
0.23,1.09,0.23
0.23,1.09,0.3
0.21,1.09,0.37
0.18,1.09,0.42
0.12,1.09,0.47
0.06,1.09,0.49
-0.0,1.09,0.5
-0.06,1.09,0.48
-0.12,1.09,0.45
-0.16,1.09,0.39
-0.19,1.09,0.32
-0.18,1.09,0.23
0.04,1.09,-0.04
3.97,1.09,-3.04
4.34,1.09,-2.49
4.62,1.09,-1.9
4.83,1.09,-1.28
4.96,1.09,-0.64
5.0,1.09,0.01
-0.16,1.09,-0.02
-0.24,1.09,-0.07
-0.3,1.09,-0.12
-0.32,1.09,-0.19
-0.33,1.09,-0.25
-0.31,1.09,-0.31
-0.27,1.09,-0.35
-0.22,1.09,-0.39
-0.17,1.09,-0.41
-0.11,1.09,-0.42
-0.05,1.09,-0.42
0.0,1.09,-0.41
0.05,1.09,-0.38
0.09,1.09,-0.34
0.12,1.09,-0.29
0.13,1.09,-0.23
0.13,1.09,-0.16
0.1,1.09,-0.09
-3.98,1.09,3.03
-4.34,1.09,2.48
-4.63,1.09,1.89
-4.84,1.09,1.27
-4.96,1.09,0.63
-5.0,1.07,0.0
-0.06,1.07,-0.01
-0.04,1.07,-0.01
-0.03,1.07,-0.01
-0.02,1.07,-0.01
0.17,1.07,0.13
0.23,1.07,0.23
0.23,1.07,0.3
0.21,1.07,0.37
0.18,1.07,0.43
0.13,1.07,0.47
0.06,1.07,0.5
-0.0,1.07,0.51
-0.07,1.07,0.49
-0.12,1.07,0.46
-0.17,1.07,0.4
-0.19,1.07,0.33
-0.18,1.07,0.24
0.05,1.07,-0.05
3.97,1.07,-3.04
4.34,1.07,-2.49
4.62,1.07,-1.9
4.83,1.07,-1.28
4.96,1.07,-0.64
5.0,1.07,0.01
-0.18,1.07,-0.02
-0.27,1.07,-0.07
-0.32,1.07,-0.13
-0.34,1.07,-0.2
-0.34,1.07,-0.26
-0.32,1.07,-0.32
-0.28,1.07,-0.36
-0.23,1.07,-0.4
-0.17,1.07,-0.42
-0.11,1.07,-0.42
-0.05,1.07,-0.42
0.0,1.07,-0.41
0.05,1.07,-0.38
0.09,1.07,-0.34
0.12,1.07,-0.29
0.13,1.07,-0.23
0.13,1.07,-0.16
0.09,1.07,-0.09
-3.98,1.07,3.03
-4.34,1.07,2.48
-4.63,1.07,1.89
-4.84,1.07,1.27
-4.96,1.07,0.63
-5.0,1.04,0.0
-0.08,1.04,-0.01
-0.05,1.04,-0.01
-0.04,1.04,-0.02
-0.03,1.04,-0.02
-0.02,1.04,-0.02
0.22,1.04,0.22
0.23,1.04,0.3
0.21,1.04,0.37
0.18,1.04,0.43
0.13,1.04,0.47
0.07,1.04,0.5
-0.0,1.04,0.51
-0.07,1.04,0.5
-0.13,1.04,0.47
-0.17,1.04,0.41
-0.2,1.04,0.34
-0.19,1.04,0.25
3.54,1.04,-3.53
3.97,1.04,-3.04
4.34,1.04,-2.49
4.62,1.04,-1.9
4.83,1.04,-1.28
4.96,1.04,-0.64
5.0,1.04,0.01
-0.2,1.04,-0.03
-0.29,1.04,-0.08
-0.34,1.04,-0.14
-0.36,1.04,-0.21
-0.36,1.04,-0.28
-0.33,1.04,-0.33
-0.29,1.04,-0.37
-0.23,1.04,-0.4
-0.17,1.04,-0.42
-0.11,1.04,-0.43
-0.05,1.04,-0.42
0.0,1.04,-0.4
0.05,1.04,-0.37
0.09,1.04,-0.33
0.12,1.04,-0.28
0.13,1.04,-0.22
0.12,1.04,-0.15
-3.55,1.04,3.52
-3.98,1.04,3.03
-4.34,1.04,2.48
-4.63,1.04,1.89
-4.84,1.04,1.27
-4.96,1.04,0.63
-5.0,1.01,0.0
-0.09,1.01,-0.01
-0.06,1.01,-0.02
-0.05,1.01,-0.02
-0.04,1.01,-0.02
-0.03,1.01,-0.02
0.2,1.01,0.2
0.22,1.01,0.29
0.21,1.01,0.36
0.18,1.01,0.43
0.13,1.01,0.48
0.07,1.01,0.51
-0.0,1.01,0.52
-0.07,1.01,0.51
-0.13,1.01,0.48
-0.18,1.01,0.42
-0.2,1.01,0.35
-0.19,1.01,0.25
3.54,1.01,-3.53
3.97,1.01,-3.04
4.34,1.01,-2.49
4.62,1.01,-1.9
4.83,1.01,-1.28
4.96,1.01,-0.64
5.0,1.01,0.01
-0.22,1.01,-0.03
-0.32,1.01,-0.09
-0.37,1.01,-0.15
-0.38,1.01,-0.22
-0.37,1.01,-0.29
-0.34,1.01,-0.34
-0.29,1.01,-0.38
-0.24,1.01,-0.41
-0.17,1.01,-0.43
-0.11,1.01,-0.43
-0.05,1.01,-0.42
0.0,1.01,-0.4
0.05,1.01,-0.36
0.09,1.01,-0.32
0.11,1.01,-0.27
0.12,1.01,-0.21
0.1,1.01,-0.13
-3.55,1.01,3.52
-3.98,1.01,3.03
-4.34,1.01,2.48
-4.63,1.01,1.89
-4.84,1.01,1.27
-4.96,1.01,0.63
-5.0,0.99,0.0
-0.11,0.99,-0.01
-0.07,0.99,-0.02
-0.06,0.99,-0.02
-0.05,0.99,-0.03
-0.04,0.99,-0.03
0.18,0.99,0.18
0.22,0.99,0.28
0.21,0.99,0.36
0.18,0.99,0.43
0.13,0.99,0.48
0.07,0.99,0.52
-0.0,0.99,0.53
-0.07,0.99,0.52
-0.13,0.99,0.49
-0.18,0.99,0.44
-0.21,0.99,0.36
-0.2,0.99,0.26
3.54,0.99,-3.53
3.97,0.99,-3.04
4.34,0.99,-2.49
4.62,0.99,-1.9
4.83,0.99,-1.28
4.96,0.99,-0.64
5.0,0.99,0.01
-0.25,0.99,-0.03
-0.34,0.99,-0.09
-0.39,0.99,-0.16
-0.4,0.99,-0.23
-0.39,0.99,-0.3
-0.35,0.99,-0.35
-0.3,0.99,-0.39
-0.24,0.99,-0.42
-0.18,0.99,-0.43
-0.11,0.99,-0.43
-0.05,0.99,-0.41
0.0,0.99,-0.39
0.05,0.99,-0.35
0.08,0.99,-0.31
0.1,0.99,-0.25
0.1,0.99,-0.18
-0.09,0.99,0.12
-3.55,0.99,3.52
-3.98,0.99,3.03
-4.34,0.99,2.48
-4.63,0.99,1.89
-4.84,0.99,1.27
-4.96,0.99,0.63
-5.0,0.96,0.0
-0.12,0.96,-0.02
-0.08,0.96,-0.02
-0.07,0.96,-0.03
-0.05,0.96,-0.03
-0.05,0.96,-0.04
-0.04,0.96,-0.04
0.21,0.96,0.27
0.2,0.96,0.36
0.18,0.96,0.43
0.13,0.96,0.48
0.07,0.96,0.52
-0.0,0.96,0.54
-0.07,0.96,0.53
-0.13,0.96,0.5
-0.19,0.96,0.45
-0.21,0.96,0.37
-0.21,0.96,0.27
3.54,0.96,-3.53
3.97,0.96,-3.04
4.34,0.96,-2.49
4.62,0.96,-1.9
4.83,0.96,-1.28
4.96,0.96,-0.64
5.0,0.96,0.01
-0.27,0.96,-0.04
-0.36,0.96,-0.1
-0.41,0.96,-0.17
-0.42,0.96,-0.24
-0.4,0.96,-0.31
-0.36,0.96,-0.36
-0.31,0.96,-0.4
-0.24,0.96,-0.42
-0.18,0.96,-0.43
-0.11,0.96,-0.43
-0.05,0.96,-0.41
0.0,0.96,-0.38
0.05,0.96,-0.34
0.08,0.96,-0.28
0.09,0.96,-0.22
-0.07,0.96,0.12
-0.11,0.96,0.14
-3.55,0.96,3.52
-3.98,0.96,3.03
-4.34,0.96,2.48
-4.63,0.96,1.89
-4.84,0.96,1.27
-4.96,0.96,0.63
-5.0,0.94,0.0
-0.14,0.94,-0.02
-0.1,0.94,-0.03
-0.08,0.94,-0.03
-0.06,0.94,-0.04
-0.05,0.94,-0.04
-0.05,0.94,-0.05
0.2,0.94,0.26
0.2,0.94,0.35
0.18,0.94,0.43
0.13,0.94,0.49
0.07,0.94,0.53
-0.0,0.94,0.55
-0.07,0.94,0.54
-0.14,0.94,0.51
-0.19,0.94,0.46
-0.22,0.94,0.38
-0.21,0.94,0.28
3.54,0.94,-3.53
3.97,0.94,-3.04
4.34,0.94,-2.49
4.62,0.94,-1.9
4.83,0.94,-1.28
4.96,0.94,-0.64
5.0,0.94,0.01
-0.29,0.94,-0.04
-0.39,0.94,-0.1
-0.43,0.94,-0.18
-0.44,0.94,-0.25
-0.41,0.94,-0.32
-0.37,0.94,-0.37
-0.31,0.94,-0.41
-0.25,0.94,-0.43
-0.18,0.94,-0.43
-0.11,0.94,-0.42
-0.05,0.94,-0.4
0.0,0.94,-0.36
0.04,0.94,-0.32
0.07,0.94,-0.25
-0.05,0.94,0.12
-0.07,0.94,0.13
-0.11,0.94,0.15
-3.55,0.94,3.52
-3.98,0.94,3.03
-4.34,0.94,2.48
-4.63,0.94,1.89
-4.84,0.94,1.27
-4.96,0.94,0.63
-5.0,0.91,0.0
-0.15,0.91,-0.02
-0.11,0.91,-0.03
-0.09,0.91,-0.04
-0.07,0.91,-0.04
-0.06,0.91,-0.05
-0.05,0.91,-0.05
0.18,0.91,0.23
0.2,0.91,0.34
0.17,0.91,0.42
0.13,0.91,0.49
0.07,0.91,0.53
-0.0,0.91,0.55
-0.07,0.91,0.55
-0.14,0.91,0.52
-0.19,0.91,0.47
-0.22,0.91,0.39
-0.22,0.91,0.28
3.54,0.91,-3.53
3.97,0.91,-3.04
4.34,0.91,-2.49
4.62,0.91,-1.9
4.83,0.91,-1.28
4.96,0.91,-0.64
5.0,0.91,0.01
-0.31,0.91,-0.04
-0.41,0.91,-0.11
-0.45,0.91,-0.19
-0.45,0.91,-0.26
-0.43,0.91,-0.33
-0.38,0.91,-0.38
-0.32,0.91,-0.42
-0.25,0.91,-0.43
-0.18,0.91,-0.43
-0.11,0.91,-0.42
-0.05,0.91,-0.39
0.0,0.91,-0.35
0.04,0.91,-0.29
0.05,0.91,-0.19
-0.05,0.91,0.13
-0.08,0.91,0.13
-0.12,0.91,0.15
-3.55,0.91,3.52
-3.98,0.91,3.03
-4.34,0.91,2.48
-4.63,0.91,1.89
-4.84,0.91,1.27
-4.96,0.91,0.63
-5.0,0.88,0.0
-0.17,0.88,-0.02
-0.12,0.88,-0.03
-0.1,0.88,-0.04
-0.08,0.88,-0.05
-0.07,0.88,-0.05
-0.06,0.88,-0.06
-0.05,0.88,-0.07
0.19,0.88,0.33
0.17,0.88,0.42
0.13,0.88,0.49
0.07,0.88,0.54
-0.0,0.88,0.56
-0.07,0.88,0.56
-0.14,0.88,0.53
-0.2,0.88,0.48
-0.23,0.88,0.4
-0.22,0.88,0.29
3.54,0.88,-3.53
3.97,0.88,-3.04
4.34,0.88,-2.49
4.62,0.88,-1.9
4.83,0.88,-1.28
4.96,0.88,-0.64
5.0,0.88,0.01
-0.33,0.88,-0.04
-0.43,0.88,-0.12
-0.47,0.88,-0.2
-0.47,0.88,-0.27
-0.44,0.88,-0.34
-0.39,0.88,-0.39
-0.32,0.88,-0.42
-0.25,0.88,-0.44
-0.18,0.88,-0.43
-0.11,0.88,-0.41
-0.05,0.88,-0.38
0.0,0.88,-0.33
0.03,0.88,-0.25
-0.04,0.88,0.13
-0.06,0.88,0.13
-0.08,0.88,0.14
-0.13,0.88,0.16
-3.55,0.88,3.52
-3.98,0.88,3.03
-4.34,0.88,2.48
-4.63,0.88,1.89
-4.84,0.88,1.27
-4.96,0.88,0.63
-5.0,0.86,0.0
-0.19,0.86,-0.02
-0.14,0.86,-0.04
-0.11,0.86,-0.05
-0.09,0.86,-0.05
-0.08,0.86,-0.06
-0.07,0.86,-0.07
-0.06,0.86,-0.08
0.19,0.86,0.32
0.17,0.86,0.42
0.13,0.86,0.5
0.07,0.86,0.54
-0.0,0.86,0.57
-0.08,0.86,0.57
-0.15,0.86,0.54
-0.2,0.86,0.49
-0.24,0.86,0.41
-0.23,0.86,0.3
3.54,0.86,-3.53
3.97,0.86,-3.04
4.34,0.86,-2.49
4.62,0.86,-1.9
4.83,0.86,-1.28
4.96,0.86,-0.64
5.0,0.86,0.01
-0.35,0.86,-0.05
-0.45,0.86,-0.12
-0.49,0.86,-0.21
-0.49,0.86,-0.28
-0.45,0.86,-0.35
-0.4,0.86,-0.4
-0.33,0.86,-0.43
-0.25,0.86,-0.44
-0.18,0.86,-0.43
-0.11,0.86,-0.4
-0.05,0.86,-0.36
0.0,0.86,-0.29
-0.02,0.86,0.14
-0.04,0.86,0.14
-0.06,0.86,0.14
-0.09,0.86,0.15
-0.13,0.86,0.17
-3.55,0.86,3.52
-3.98,0.86,3.03
-4.34,0.86,2.48
-4.63,0.86,1.89
-4.84,0.86,1.27
-4.96,0.86,0.63
-5.0,0.83,0.0
-0.2,0.83,-0.03
-0.15,0.83,-0.04
-0.12,0.83,-0.05
-0.1,0.83,-0.06
-0.09,0.83,-0.07
-0.08,0.83,-0.08
-0.07,0.83,-0.09
0.18,0.83,0.31
0.17,0.83,0.41
0.13,0.83,0.49
0.07,0.83,0.55
-0.0,0.83,0.57
-0.08,0.83,0.58
-0.15,0.83,0.55
-0.21,0.83,0.5
-0.24,0.83,0.42
-0.23,0.83,0.3
3.54,0.83,-3.53
3.97,0.83,-3.04
4.34,0.83,-2.49
4.62,0.83,-1.9
4.83,0.83,-1.28
4.96,0.83,-0.64
5.0,0.83,0.01
-0.37,0.83,-0.05
-0.47,0.83,-0.13
-0.51,0.83,-0.21
-0.5,0.83,-0.29
-0.47,0.83,-0.36
-0.4,0.83,-0.41
-0.33,0.83,-0.43
-0.25,0.83,-0.44
-0.17,0.83,-0.43
-0.1,0.83,-0.39
-0.04,0.83,-0.34
-0.0,0.83,0.14
-0.02,0.83,0.14
-0.04,0.83,0.14
-0.06,0.83,0.15
-0.09,0.83,0.16
-0.14,0.83,0.18
-3.55,0.83,3.52
-3.98,0.83,3.03
-4.34,0.83,2.48
-4.63,0.83,1.89
-4.84,0.83,1.27
-4.96,0.83,0.63
-5.0,0.81,0.0
-0.22,0.81,-0.03
-0.16,0.81,-0.04
-0.13,0.81,-0.06
-0.12,0.81,-0.07
-0.1,0.81,-0.08
-0.09,0.81,-0.09
-0.08,0.81,-0.1
0.16,0.81,0.28
0.17,0.81,0.41
0.13,0.81,0.49
0.07,0.81,0.55
-0.0,0.81,0.58
-0.08,0.81,0.59
-0.15,0.81,0.56
-0.21,0.81,0.51
-0.25,0.81,0.43
-0.24,0.81,0.31
3.54,0.81,-3.53
3.97,0.81,-3.04
4.34,0.81,-2.49
4.62,0.81,-1.9
4.83,0.81,-1.28
4.96,0.81,-0.64
5.0,0.81,0.01
-0.4,0.81,-0.05
-0.5,0.81,-0.13
-0.53,0.81,-0.22
-0.52,0.81,-0.3
-0.48,0.81,-0.37
-0.41,0.81,-0.41
-0.33,0.81,-0.44
-0.25,0.81,-0.44
-0.17,0.81,-0.42
-0.1,0.81,-0.38
-0.04,0.81,-0.3
-0.0,0.81,0.15
-0.02,0.81,0.15
-0.04,0.81,0.15
-0.07,0.81,0.16
-0.1,0.81,0.16
-0.15,0.81,0.19
-3.55,0.81,3.52
-3.98,0.81,3.03
-4.34,0.81,2.48
-4.63,0.81,1.89
-4.84,0.81,1.27
-4.96,0.81,0.63
-5.0,0.78,0.0
-0.23,0.78,-0.03
-0.18,0.78,-0.05
-0.15,0.78,-0.06
-0.13,0.78,-0.07
-0.11,0.78,-0.08
-0.1,0.78,-0.1
-0.08,0.78,-0.11
-0.07,0.78,-0.13
0.17,0.78,0.4
0.13,0.78,0.49
0.07,0.78,0.55
-0.0,0.78,0.59
-0.08,0.78,0.59
-0.15,0.78,0.57
-0.22,0.78,0.52
-0.25,0.78,0.44
-0.24,0.78,0.32
3.54,0.78,-3.53
3.97,0.78,-3.04
4.34,0.78,-2.49
4.62,0.78,-1.9
4.83,0.78,-1.28
4.96,0.78,-0.64
5.0,0.78,0.01
-0.42,0.78,-0.06
-0.52,0.78,-0.14
-0.55,0.78,-0.23
-0.54,0.78,-0.31
-0.49,0.78,-0.38
-0.42,0.78,-0.42
-0.34,0.78,-0.44
-0.25,0.78,-0.44
-0.17,0.78,-0.41
-0.09,0.78,-0.36
0.02,0.78,0.17
-0.0,0.78,0.16
-0.02,0.78,0.16
-0.04,0.78,0.16
-0.07,0.78,0.16
-0.1,0.78,0.17
-0.15,0.78,0.2
-3.55,0.78,3.52
-3.98,0.78,3.03
-4.34,0.78,2.48
-4.63,0.78,1.89
-4.84,0.78,1.27
-4.96,0.78,0.63
-5.0,0.75,0.0
-0.25,0.75,-0.03
-0.19,0.75,-0.05
-0.16,0.75,-0.07
-0.14,0.75,-0.08
-0.12,0.75,-0.09
-0.11,0.75,-0.11
-0.09,0.75,-0.12
-0.08,0.75,-0.14
0.16,0.75,0.39
0.13,0.75,0.49
0.07,0.75,0.56
-0.0,0.75,0.59
-0.08,0.75,0.6
-0.16,0.75,0.58
-0.22,0.75,0.53
-0.26,0.75,0.45
-0.25,0.75,0.32
3.54,0.75,-3.53
3.97,0.75,-3.04
4.34,0.75,-2.49
4.62,0.75,-1.9
4.83,0.75,-1.28
4.96,0.75,-0.64
5.0,0.75,0.01
-0.44,0.75,-0.06
-0.54,0.75,-0.15
-0.57,0.75,-0.24
-0.55,0.75,-0.32
-0.5,0.75,-0.39
-0.43,0.75,-0.43
-0.34,0.75,-0.45
-0.25,0.75,-0.44
-0.17,0.75,-0.4
-0.09,0.75,-0.33
0.02,0.75,0.18
-0.0,0.75,0.17
-0.02,0.75,0.17
-0.05,0.75,0.17
-0.07,0.75,0.17
-0.1,0.75,0.18
-0.16,0.75,0.21
-3.55,0.75,3.52
-3.98,0.75,3.03
-4.34,0.75,2.48
-4.63,0.75,1.89
-4.84,0.75,1.27
-4.96,0.75,0.63
-5.0,0.73,0.0
-0.27,0.73,-0.04
-0.2,0.73,-0.05
-0.17,0.73,-0.07
-0.15,0.73,-0.09
-0.13,0.73,-0.1
-0.12,0.73,-0.12
-0.1,0.73,-0.14
-0.09,0.73,-0.16
0.16,0.73,0.38
0.13,0.73,0.49
0.07,0.73,0.56
-0.0,0.73,0.6
-0.08,0.73,0.61
-0.16,0.73,0.59
-0.22,0.73,0.54
-0.26,0.73,0.46
-0.26,0.73,0.33
3.54,0.73,-3.53
3.97,0.73,-3.04
4.34,0.73,-2.49
4.62,0.73,-1.9
4.83,0.73,-1.28
4.96,0.73,-0.64
5.0,0.73,0.01
-0.46,0.73,-0.06
-0.56,0.73,-0.15
-0.59,0.73,-0.25
-0.57,0.73,-0.33
-0.51,0.73,-0.39
-0.43,0.73,-0.43
-0.34,0.73,-0.45
-0.25,0.73,-0.43
-0.16,0.73,-0.39
0.05,0.73,0.2
0.02,0.73,0.19
-0.0,0.73,0.18
-0.02,0.73,0.18
-0.05,0.73,0.18
-0.07,0.73,0.18
-0.11,0.73,0.19
-0.17,0.73,0.22
-3.55,0.73,3.52
-3.98,0.73,3.03
-4.34,0.73,2.48
-4.63,0.73,1.89
-4.84,0.73,1.27
-4.96,0.73,0.63
-5.0,0.7,0.0
-0.28,0.7,-0.04
-0.22,0.7,-0.06
-0.18,0.7,-0.08
-0.16,0.7,-0.09
-0.14,0.7,-0.11
-0.13,0.7,-0.13
-0.12,0.7,-0.15
-0.1,0.7,-0.18
0.15,0.7,0.36
0.13,0.7,0.49
0.07,0.7,0.56
-0.0,0.7,0.61
-0.08,0.7,0.62
-0.16,0.7,0.6
-0.23,0.7,0.55
-0.27,0.7,0.46
-0.26,0.7,0.34
3.54,0.7,-3.53
3.97,0.7,-3.04
4.34,0.7,-2.49
4.62,0.7,-1.9
4.83,0.7,-1.28
4.96,0.7,-0.64
5.0,0.7,0.01
-0.48,0.7,-0.06
-0.58,0.7,-0.16
-0.61,0.7,-0.25
-0.58,0.7,-0.34
-0.52,0.7,-0.4
-0.44,0.7,-0.44
-0.34,0.7,-0.45
-0.24,0.7,-0.43
-0.15,0.7,-0.36
0.06,0.7,0.21
0.03,0.7,0.2
-0.0,0.7,0.19
-0.03,0.7,0.19
-0.05,0.7,0.18
-0.08,0.7,0.19
-0.11,0.7,0.19
-0.17,0.7,0.23
-3.55,0.7,3.52
-3.98,0.7,3.03
-4.34,0.7,2.48
-4.63,0.7,1.89
-4.84,0.7,1.27
-4.96,0.7,0.63
-5.0,0.68,0.0
-0.3,0.68,-0.04
-0.23,0.68,-0.06
-0.2,0.68,-0.08
-0.17,0.68,-0.1
-0.16,0.68,-0.12
-0.14,0.68,-0.14
-0.13,0.68,-0.17
-0.12,0.68,-0.2
-1.91,0.68,-4.62
0.13,0.68,0.48
0.07,0.68,0.56
-0.0,0.68,0.61
-0.08,0.68,0.63
-0.16,0.68,0.61
-0.23,0.68,0.56
-0.27,0.68,0.47
-0.27,0.68,0.35
3.54,0.68,-3.53
3.97,0.68,-3.04
4.34,0.68,-2.49
4.62,0.68,-1.9
4.83,0.68,-1.28
4.96,0.68,-0.64
5.0,0.68,0.01
-0.5,0.68,-0.07
-0.6,0.68,-0.16
-0.62,0.68,-0.26
-0.6,0.68,-0.35
-0.53,0.68,-0.41
-0.44,0.68,-0.44
-0.34,0.68,-0.45
-0.24,0.68,-0.42
0.12,0.68,0.3
0.06,0.68,0.23
0.03,0.68,0.21
-0.0,0.68,0.2
-0.03,0.68,0.19
-0.05,0.68,0.19
-0.08,0.68,0.19
-0.12,0.68,0.2
-0.18,0.68,0.23
-3.55,0.68,3.52
-3.98,0.68,3.03
-4.34,0.68,2.48
-4.63,0.68,1.89
-4.84,0.68,1.27
-4.96,0.68,0.63
-5.0,0.65,0.0
-0.32,0.65,-0.04
-0.25,0.65,-0.07
-0.21,0.65,-0.09
-0.19,0.65,-0.11
-0.17,0.65,-0.13
-0.15,0.65,-0.15
-0.14,0.65,-0.18
-0.13,0.65,-0.23
-1.91,0.65,-4.62
0.13,0.65,0.48
0.07,0.65,0.57
-0.0,0.65,0.62
-0.08,0.65,0.64
-0.17,0.65,0.62
-0.24,0.65,0.57
-0.28,0.65,0.48
-0.27,0.65,0.35
3.54,0.65,-3.53
3.97,0.65,-3.04
4.34,0.65,-2.49
4.62,0.65,-1.9
4.83,0.65,-1.28
4.96,0.65,-0.64
5.0,0.65,0.01
-0.52,0.65,-0.07
-0.62,0.65,-0.17
-0.64,0.65,-0.27
-0.61,0.65,-0.35
-0.54,0.65,-0.42
-0.45,0.65,-0.45
-0.34,0.65,-0.45
-0.23,0.65,-0.4
1.9,0.65,4.63
0.06,0.65,0.24
0.03,0.65,0.22
-0.0,0.65,0.21
-0.03,0.65,0.2
-0.05,0.65,0.2
-0.08,0.65,0.2
-0.12,0.65,0.21
-0.19,0.65,0.24
-3.55,0.65,3.52
-3.98,0.65,3.03
-4.34,0.65,2.48
-4.63,0.65,1.89
-4.84,0.65,1.27
-4.96,0.65,0.63
-5.0,0.62,0.0
-0.33,0.62,-0.04
-0.26,0.62,-0.07
-0.22,0.62,-0.09
-0.2,0.62,-0.12
-0.18,0.62,-0.14
-0.17,0.62,-0.17
-0.15,0.62,-0.2
-0.15,0.62,-0.26
-1.91,0.62,-4.62
0.13,0.62,0.47
0.07,0.62,0.57
-0.0,0.62,0.62
-0.09,0.62,0.64
-0.17,0.62,0.63
-0.24,0.62,0.58
-0.29,0.62,0.49
-0.28,0.62,0.36
3.54,0.62,-3.53
3.97,0.62,-3.04
4.34,0.62,-2.49
4.62,0.62,-1.9
4.83,0.62,-1.28
4.96,0.62,-0.64
5.0,0.62,0.01
-0.54,0.62,-0.07
-0.64,0.62,-0.17
-0.65,0.62,-0.27
-0.62,0.62,-0.36
-0.55,0.62,-0.42
-0.45,0.62,-0.45
-0.34,0.62,-0.44
-0.22,0.62,-0.38
1.9,0.62,4.63
0.07,0.62,0.26
0.03,0.62,0.23
-0.0,0.62,0.22
-0.03,0.62,0.21
-0.06,0.62,0.21
-0.09,0.62,0.21
-0.13,0.62,0.22
-0.2,0.62,0.25
-3.55,0.62,3.52
-3.98,0.62,3.03
-4.34,0.62,2.48
-4.63,0.62,1.89
-4.84,0.62,1.27
-4.96,0.62,0.63
-5.0,0.6,0.0
-0.35,0.6,-0.05
-0.27,0.6,-0.07
-0.24,0.6,-0.1
-0.21,0.6,-0.12
-0.19,0.6,-0.15
-0.18,0.6,-0.18
-0.17,0.6,-0.22
-2.5,0.6,-4.33
-1.91,0.6,-4.62
0.12,0.6,0.46
0.07,0.6,0.57
-0.0,0.6,0.63
-0.09,0.6,0.65
-0.17,0.6,0.64
-0.25,0.6,0.59
-0.29,0.6,0.5
-0.28,0.6,0.37
3.54,0.6,-3.53
3.97,0.6,-3.04
4.34,0.6,-2.49
4.62,0.6,-1.9
4.83,0.6,-1.28
4.96,0.6,-0.64
5.0,0.6,0.01
-0.56,0.6,-0.08
-0.65,0.6,-0.17
-0.66,0.6,-0.28
-0.63,0.6,-0.36
-0.55,0.6,-0.43
-0.45,0.6,-0.46
-0.34,0.6,-0.44
2.49,0.6,4.34
1.9,0.6,4.63
0.07,0.6,0.28
0.03,0.6,0.24
-0.0,0.6,0.23
-0.03,0.6,0.22
-0.06,0.6,0.22
-0.09,0.6,0.22
-0.13,0.6,0.23
-0.2,0.6,0.26
-3.55,0.6,3.52
-3.98,0.6,3.03
-4.34,0.6,2.48
-4.63,0.6,1.89
-4.84,0.6,1.27
-4.96,0.6,0.63
-5.0,0.57,0.0
-0.37,0.57,-0.05
-0.29,0.57,-0.08
-0.25,0.57,-0.1
-0.23,0.57,-0.13
-0.21,0.57,-0.16
-0.19,0.57,-0.19
-0.19,0.57,-0.24
-2.5,0.57,-4.33
-1.91,0.57,-4.62
0.12,0.57,0.45
0.07,0.57,0.57
-0.0,0.57,0.63
-0.09,0.57,0.66
-0.17,0.57,0.65
-0.25,0.57,0.6
-0.3,0.57,0.51
-0.29,0.57,0.37
3.54,0.57,-3.53
3.97,0.57,-3.04
4.34,0.57,-2.49
4.62,0.57,-1.9
4.83,0.57,-1.28
4.96,0.57,-0.64
5.0,0.57,0.01
-0.57,0.57,-0.08
-0.65,0.57,-0.18
-0.66,0.57,-0.28
-0.63,0.57,-0.37
-0.56,0.57,-0.43
-0.45,0.57,-0.46
-0.33,0.57,-0.43
2.49,0.57,4.34
1.9,0.57,4.63
0.08,0.57,0.3
0.03,0.57,0.26
-0.0,0.57,0.24
-0.03,0.57,0.23
-0.06,0.57,0.23
-0.09,0.57,0.23
-0.14,0.57,0.23
-0.21,0.57,0.27
-3.55,0.57,3.52
-3.98,0.57,3.03
-4.34,0.57,2.48
-4.63,0.57,1.89
-4.84,0.57,1.27
-4.96,0.57,0.63
-5.0,0.55,0.0
-0.38,0.55,-0.05
-0.3,0.55,-0.08
-0.27,0.55,-0.11
-0.24,0.55,-0.14
-0.22,0.55,-0.17
-0.21,0.55,-0.21
-0.21,0.55,-0.27
-2.5,0.55,-4.33
-1.91,0.55,-4.62
0.12,0.55,0.44
0.07,0.55,0.57
-0.0,0.55,0.64
-0.09,0.55,0.67
-0.18,0.55,0.66
-0.25,0.55,0.61
-0.3,0.55,0.52
-0.29,0.55,0.38
3.54,0.55,-3.53
3.97,0.55,-3.04
4.34,0.55,-2.49
4.62,0.55,-1.9
4.83,0.55,-1.28
4.96,0.55,-0.64
5.0,0.55,0.01
-0.57,0.55,-0.08
-0.65,0.55,-0.18
-0.66,0.55,-0.28
-0.63,0.55,-0.37
-0.56,0.55,-0.43
-0.46,0.55,-0.46
-0.32,0.55,-0.42
2.49,0.55,4.34
1.9,0.55,4.63
0.09,0.55,0.33
0.03,0.55,0.27
-0.0,0.55,0.25
-0.03,0.55,0.24
-0.06,0.55,0.23
-0.1,0.55,0.23
-0.14,0.55,0.24
-0.22,0.55,0.28
-3.55,0.55,3.52
-3.98,0.55,3.03
-4.34,0.55,2.48
-4.63,0.55,1.89
-4.84,0.55,1.27
-4.96,0.55,0.63
-5.0,0.52,0.0
-0.4,0.52,-0.05
-0.32,0.52,-0.09
-0.28,0.52,-0.12
-0.25,0.52,-0.15
-0.24,0.52,-0.18
-0.23,0.52,-0.23
-0.24,0.52,-0.31
-2.5,0.52,-4.33
-1.91,0.52,-4.62
-1.29,0.52,-4.83
0.07,0.52,0.57
-0.0,0.52,0.64
-0.09,0.52,0.68
-0.18,0.52,0.67
-0.26,0.52,0.62
-0.31,0.52,0.53
-0.3,0.52,0.39
3.54,0.52,-3.53
3.97,0.52,-3.04
4.34,0.52,-2.49
4.62,0.52,-1.9
4.83,0.52,-1.28
4.96,0.52,-0.64
5.0,0.52,0.01
-0.57,0.52,-0.08
-0.65,0.52,-0.18
-0.66,0.52,-0.28
-0.63,0.52,-0.37
-0.56,0.52,-0.43
-0.45,0.52,-0.46
-0.3,0.52,-0.4
2.49,0.52,4.34
1.9,0.52,4.63
0.1,0.52,0.38
0.04,0.52,0.29
-0.0,0.52,0.26
-0.03,0.52,0.25
-0.07,0.52,0.24
-0.1,0.52,0.24
-0.15,0.52,0.25
-0.22,0.52,0.29
-3.55,0.52,3.52
-3.98,0.52,3.03
-4.34,0.52,2.48
-4.63,0.52,1.89
-4.84,0.52,1.27
-4.96,0.52,0.63
-5.0,0.49,0.0
-0.42,0.49,-0.05
-0.33,0.49,-0.09
-0.29,0.49,-0.12
-0.27,0.49,-0.16
-0.25,0.49,-0.19
-0.24,0.49,-0.24
-3.04,0.49,-3.97
-2.5,0.49,-4.33
-1.91,0.49,-4.62
-1.29,0.49,-4.83
0.07,0.49,0.57
-0.0,0.49,0.65
-0.09,0.49,0.68
-0.18,0.49,0.67
-0.26,0.49,0.62
-0.31,0.49,0.53
-0.3,0.49,0.39
3.54,0.49,-3.53
3.97,0.49,-3.04
4.34,0.49,-2.49
4.62,0.49,-1.9
4.83,0.49,-1.28
4.96,0.49,-0.64
5.0,0.49,0.01
-0.55,0.49,-0.07
-0.64,0.49,-0.17
-0.66,0.49,-0.27
-0.62,0.49,-0.36
-0.55,0.49,-0.43
-0.45,0.49,-0.45
3.03,0.49,3.98
2.49,0.49,4.34
1.9,0.49,4.63
1.28,0.49,4.83
0.04,0.49,0.3
-0.0,0.49,0.27
-0.04,0.49,0.26
-0.07,0.49,0.25
-0.1,0.49,0.25
-0.15,0.49,0.26
-0.23,0.49,0.3
-3.55,0.49,3.52
-3.98,0.49,3.03
-4.34,0.49,2.48
-4.63,0.49,1.89
-4.84,0.49,1.27
-4.96,0.49,0.63
-5.0,0.47,0.0
-0.45,0.47,-0.06
-0.35,0.47,-0.09
-0.31,0.47,-0.13
-0.28,0.47,-0.16
-0.27,0.47,-0.21
-0.26,0.47,-0.26
-3.04,0.47,-3.97
-2.5,0.47,-4.33
-1.91,0.47,-4.62
-1.29,0.47,-4.83
0.07,0.47,0.57
-0.0,0.47,0.65
-0.09,0.47,0.68
-0.18,0.47,0.67
-0.26,0.47,0.62
-0.31,0.47,0.54
-0.31,0.47,0.4
3.54,0.47,-3.53
3.97,0.47,-3.04
4.34,0.47,-2.49
4.62,0.47,-1.9
4.83,0.47,-1.28
4.96,0.47,-0.64
5.0,0.47,0.01
-0.52,0.47,-0.07
-0.63,0.47,-0.17
-0.65,0.47,-0.27
-0.62,0.47,-0.36
-0.54,0.47,-0.42
-0.44,0.47,-0.44
3.03,0.47,3.98
2.49,0.47,4.34
1.9,0.47,4.63
1.28,0.47,4.83
0.04,0.47,0.32
-0.0,0.47,0.28
-0.04,0.47,0.27
-0.07,0.47,0.26
-0.11,0.47,0.26
-0.15,0.47,0.27
-0.24,0.47,0.31
-3.55,0.47,3.52
-3.98,0.47,3.03
-4.34,0.47,2.48
-4.63,0.47,1.89
-4.84,0.47,1.27
-4.96,0.47,0.63
-5.0,0.44,0.0
-4.96,0.44,-0.65
-0.37,0.44,-0.1
-0.32,0.44,-0.13
-0.3,0.44,-0.17
-0.28,0.44,-0.22
-0.28,0.44,-0.28
-3.04,0.44,-3.97
-2.5,0.44,-4.33
-1.91,0.44,-4.62
-1.29,0.44,-4.83
0.07,0.44,0.56
-0.0,0.44,0.65
-0.09,0.44,0.68
-0.18,0.44,0.67
-0.26,0.44,0.62
-0.31,0.44,0.53
-0.3,0.44,0.39
3.54,0.44,-3.53
3.97,0.44,-3.04
4.34,0.44,-2.49
4.62,0.44,-1.9
4.83,0.44,-1.28
4.96,0.44,-0.64
5.0,0.44,0.01
4.96,0.44,0.67
-0.61,0.44,-0.17
-0.63,0.44,-0.26
-0.6,0.44,-0.35
-0.53,0.44,-0.41
-0.42,0.44,-0.42
3.03,0.44,3.98
2.49,0.44,4.34
1.9,0.44,4.63
1.28,0.44,4.83
0.04,0.44,0.33
-0.0,0.44,0.3
-0.04,0.44,0.28
-0.07,0.44,0.27
-0.11,0.44,0.27
-0.16,0.44,0.27
-0.25,0.44,0.32
-3.55,0.44,3.52
-3.98,0.44,3.03
-4.34,0.44,2.48
-4.63,0.44,1.89
-4.84,0.44,1.27
-4.96,0.44,0.63
-5.0,0.42,0.0
-4.96,0.42,-0.65
-0.39,0.42,-0.11
-0.34,0.42,-0.14
-0.32,0.42,-0.18
-0.3,0.42,-0.23
-0.31,0.42,-0.31
-3.04,0.42,-3.97
-2.5,0.42,-4.33
-1.91,0.42,-4.62
-1.29,0.42,-4.83
0.07,0.42,0.55
-0.0,0.42,0.64
-0.09,0.42,0.67
-0.18,0.42,0.66
-0.25,0.42,0.61
-0.3,0.42,0.52
3.05,0.42,-3.96
3.54,0.42,-3.53
3.97,0.42,-3.04
4.34,0.42,-2.49
4.62,0.42,-1.9
4.83,0.42,-1.28
4.96,0.42,-0.64
5.0,0.42,0.01
4.96,0.42,0.67
-0.59,0.42,-0.16
-0.62,0.42,-0.26
-0.59,0.42,-0.34
-0.51,0.42,-0.4
-0.39,0.42,-0.39
3.03,0.42,3.98
2.49,0.42,4.34
1.9,0.42,4.63
1.28,0.42,4.83
0.04,0.42,0.35
-0.0,0.42,0.31
-0.04,0.42,0.29
-0.08,0.42,0.28
-0.11,0.42,0.27
-0.16,0.42,0.28
-3.06,0.42,3.95
-3.55,0.42,3.52
-3.98,0.42,3.03
-4.34,0.42,2.48
-4.63,0.42,1.89
-4.84,0.42,1.27
-4.96,0.42,0.63
-5.0,0.39,0.0
-4.96,0.39,-0.65
-0.45,0.39,-0.12
-0.37,0.39,-0.15
-0.34,0.39,-0.2
-0.33,0.39,-0.25
-3.53,0.39,-3.54
-3.04,0.39,-3.97
-2.5,0.39,-4.33
-1.91,0.39,-4.62
-1.29,0.39,-4.83
0.07,0.39,0.53
-0.0,0.39,0.63
-0.09,0.39,0.66
-0.18,0.39,0.65
-0.25,0.39,0.6
-0.3,0.39,0.51
3.05,0.39,-3.96
3.54,0.39,-3.53
3.97,0.39,-3.04
4.34,0.39,-2.49
4.62,0.39,-1.9
4.83,0.39,-1.28
4.96,0.39,-0.64
5.0,0.39,0.01
4.96,0.39,0.67
-0.54,0.39,-0.15
-0.59,0.39,-0.25
-0.56,0.39,-0.33
-0.49,0.39,-0.38
3.52,0.39,3.55
3.03,0.39,3.98
2.49,0.39,4.34
1.9,0.39,4.63
1.28,0.39,4.83
0.05,0.39,0.37
-0.0,0.39,0.32
-0.04,0.39,0.3
-0.08,0.39,0.29
-0.12,0.39,0.28
-0.17,0.39,0.29
-3.06,0.39,3.95
-3.55,0.39,3.52
-3.98,0.39,3.03
-4.34,0.39,2.48
-4.63,0.39,1.89
-4.84,0.39,1.27
-4.96,0.39,0.63
-5.0,0.36,0.0
-4.96,0.36,-0.65
-4.83,0.36,-1.3
-0.41,0.36,-0.17
-0.37,0.36,-0.22
-0.38,0.36,-0.29
-3.53,0.36,-3.54
-3.04,0.36,-3.97
-2.5,0.36,-4.33
-1.91,0.36,-4.62
-1.29,0.36,-4.83
0.06,0.36,0.48
-0.0,0.36,0.61
-0.09,0.36,0.65
-0.17,0.36,0.64
-0.24,0.36,0.59
-0.29,0.36,0.49
3.05,0.36,-3.96
3.54,0.36,-3.53
3.97,0.36,-3.04
4.34,0.36,-2.49
4.62,0.36,-1.9
4.83,0.36,-1.28
4.96,0.36,-0.64
5.0,0.36,0.01
4.96,0.36,0.67
4.83,0.36,1.31
-0.54,0.36,-0.23
-0.53,0.36,-0.31
-0.44,0.36,-0.34
3.52,0.36,3.55
3.03,0.36,3.98
2.49,0.36,4.34
1.9,0.36,4.63
1.28,0.36,4.83
0.05,0.36,0.42
-0.0,0.36,0.34
-0.04,0.36,0.31
-0.08,0.36,0.3
-0.13,0.36,0.3
-0.18,0.36,0.31
-3.06,0.36,3.95
-3.55,0.36,3.52
-3.98,0.36,3.03
-4.34,0.36,2.48
-4.63,0.36,1.89
-4.84,0.36,1.27
-4.96,0.36,0.63
-5.0,0.34,0.0
-4.96,0.34,-0.65
-4.83,0.34,-1.3
-4.62,0.34,-1.91
-4.33,0.34,-2.5
-3.97,0.34,-3.05
-3.53,0.34,-3.54
-3.04,0.34,-3.97
-2.5,0.34,-4.33
-1.91,0.34,-4.62
-1.29,0.34,-4.83
-0.65,0.34,-4.96
-0.0,0.34,0.58
-0.08,0.34,0.62
-0.17,0.34,0.62
-0.24,0.34,0.57
-0.27,0.34,0.46
3.05,0.34,-3.96
3.54,0.34,-3.53
3.97,0.34,-3.04
4.34,0.34,-2.49
4.62,0.34,-1.9
4.83,0.34,-1.28
4.96,0.34,-0.64
5.0,0.34,0.01
4.96,0.34,0.67
4.83,0.34,1.31
4.61,0.34,1.93
4.32,0.34,2.51
3.96,0.34,3.06
3.52,0.34,3.55
3.03,0.34,3.98
2.49,0.34,4.34
1.9,0.34,4.63
1.28,0.34,4.83
0.64,0.34,4.96
-0.0,0.34,0.37
-0.05,0.34,0.33
-0.09,0.34,0.32
-0.13,0.34,0.32
-0.2,0.34,0.35
-3.06,0.34,3.95
-3.55,0.34,3.52
-3.98,0.34,3.03
-4.34,0.34,2.48
-4.63,0.34,1.89
-4.84,0.34,1.27
-4.96,0.34,0.63
-5.0,0.31,0.0
-4.96,0.31,-0.65
-4.83,0.31,-1.3
-4.62,0.31,-1.91
-4.33,0.31,-2.5
-3.97,0.31,-3.05
-3.53,0.31,-3.54
-3.04,0.31,-3.97
-2.5,0.31,-4.33
-1.91,0.31,-4.62
-1.29,0.31,-4.83
-0.65,0.31,-4.96
-0.0,0.31,0.53
-0.08,0.31,0.59
-0.16,0.31,0.59
-0.22,0.31,0.53
2.51,0.31,-4.33
3.05,0.31,-3.96
3.54,0.31,-3.53
3.97,0.31,-3.04
4.34,0.31,-2.49
4.62,0.31,-1.9
4.83,0.31,-1.28
4.96,0.31,-0.64
5.0,0.31,0.01
4.96,0.31,0.67
4.83,0.31,1.31
4.61,0.31,1.93
4.32,0.31,2.51
3.96,0.31,3.06
3.52,0.31,3.55
3.03,0.31,3.98
2.49,0.31,4.34
1.9,0.31,4.63
1.28,0.31,4.83
0.64,0.31,4.96
-0.0,0.31,0.41
-0.05,0.31,0.36
-0.09,0.31,0.35
-0.15,0.31,0.35
-2.52,0.31,4.32
-3.06,0.31,3.95
-3.55,0.31,3.52
-3.98,0.31,3.03
-4.34,0.31,2.48
-4.63,0.31,1.89
-4.84,0.31,1.27
-4.96,0.31,0.63
-5.0,0.29,0.0
-4.96,0.29,-0.65
-4.83,0.29,-1.3
-4.62,0.29,-1.91
-4.33,0.29,-2.5
-3.97,0.29,-3.05
-3.53,0.29,-3.54
-3.04,0.29,-3.97
-2.5,0.29,-4.33
-1.91,0.29,-4.62
-1.29,0.29,-4.83
-0.65,0.29,-4.96
0.01,0.29,-5.0
-0.07,0.29,0.54
-0.15,0.29,0.55
-0.19,0.29,0.46
2.51,0.29,-4.33
3.05,0.29,-3.96
3.54,0.29,-3.53
3.97,0.29,-3.04
4.34,0.29,-2.49
4.62,0.29,-1.9
4.83,0.29,-1.28
4.96,0.29,-0.64
5.0,0.29,0.01
4.96,0.29,0.67
4.83,0.29,1.31
4.61,0.29,1.93
4.32,0.29,2.51
3.96,0.29,3.06
3.52,0.29,3.55
3.03,0.29,3.98
2.49,0.29,4.34
1.9,0.29,4.63
1.28,0.29,4.83
0.64,0.29,4.96
-0.02,0.29,5.0
-0.06,0.29,0.41
-0.11,0.29,0.39
-0.18,0.29,0.43
-2.52,0.29,4.32
-3.06,0.29,3.95
-3.55,0.29,3.52
-3.98,0.29,3.03
-4.34,0.29,2.48
-4.63,0.29,1.89
-4.84,0.29,1.27
-4.96,0.29,0.63
-5.0,0.26,0.0
-4.96,0.26,-0.65
-4.83,0.26,-1.3
-4.62,0.26,-1.91
-4.33,0.26,-2.5
-3.97,0.26,-3.05
-3.53,0.26,-3.54
-3.04,0.26,-3.97
-2.5,0.26,-4.33
-1.91,0.26,-4.62
-1.29,0.26,-4.83
-0.65,0.26,-4.96
0.01,0.26,-5.0
0.66,0.26,-4.96
1.3,0.26,-4.83
1.92,0.26,-4.62
2.51,0.26,-4.33
3.05,0.26,-3.96
3.54,0.26,-3.53
3.97,0.26,-3.04
4.34,0.26,-2.49
4.62,0.26,-1.9
4.83,0.26,-1.28
4.96,0.26,-0.64
5.0,0.26,0.01
4.96,0.26,0.67
4.83,0.26,1.31
4.61,0.26,1.93
4.32,0.26,2.51
3.96,0.26,3.06
3.52,0.26,3.55
3.03,0.26,3.98
2.49,0.26,4.34
1.9,0.26,4.63
1.28,0.26,4.83
0.64,0.26,4.96
-0.02,0.26,5.0
-0.67,0.26,4.95
-1.31,0.26,4.82
-1.93,0.26,4.61
-2.52,0.26,4.32
-3.06,0.26,3.95
-3.55,0.26,3.52
-3.98,0.26,3.03
-4.34,0.26,2.48
-4.63,0.26,1.89
-4.84,0.26,1.27
-4.96,0.26,0.63
-5.0,0.23,0.0
-4.96,0.23,-0.65
-4.83,0.23,-1.3
-4.62,0.23,-1.91
-4.33,0.23,-2.5
-3.97,0.23,-3.05
-3.53,0.23,-3.54
-3.04,0.23,-3.97
-2.5,0.23,-4.33
-1.91,0.23,-4.62
-1.29,0.23,-4.83
-0.65,0.23,-4.96
0.01,0.23,-5.0
0.66,0.23,-4.96
1.3,0.23,-4.83
1.92,0.23,-4.62
2.51,0.23,-4.33
3.05,0.23,-3.96
3.54,0.23,-3.53
3.97,0.23,-3.04
4.34,0.23,-2.49
4.62,0.23,-1.9
4.83,0.23,-1.28
4.96,0.23,-0.64
5.0,0.23,0.01
4.96,0.23,0.67
4.83,0.23,1.31
4.61,0.23,1.93
4.32,0.23,2.51
3.96,0.23,3.06
3.52,0.23,3.55
3.03,0.23,3.98
2.49,0.23,4.34
1.9,0.23,4.63
1.28,0.23,4.83
0.64,0.23,4.96
-0.02,0.23,5.0
-0.67,0.23,4.95
-1.31,0.23,4.82
-1.93,0.23,4.61
-2.52,0.23,4.32
-3.06,0.23,3.95
-3.55,0.23,3.52
-3.98,0.23,3.03
-4.34,0.23,2.48
-4.63,0.23,1.89
-4.84,0.23,1.27
-4.96,0.23,0.63
-5.0,0.21,0.0
-4.96,0.21,-0.65
-4.83,0.21,-1.3
-4.62,0.21,-1.91
-4.33,0.21,-2.5
-3.97,0.21,-3.05
-3.53,0.21,-3.54
-3.04,0.21,-3.97
-2.5,0.21,-4.33
-1.91,0.21,-4.62
-1.29,0.21,-4.83
-0.65,0.21,-4.96
0.01,0.21,-5.0
0.66,0.21,-4.96
1.3,0.21,-4.83
1.92,0.21,-4.62
2.51,0.21,-4.33
3.05,0.21,-3.96
3.54,0.21,-3.53
3.97,0.21,-3.04
4.34,0.21,-2.49
4.62,0.21,-1.9
4.83,0.21,-1.28
4.96,0.21,-0.64
5.0,0.21,0.01
4.96,0.21,0.67
4.83,0.21,1.31
4.61,0.21,1.93
4.32,0.21,2.51
3.96,0.21,3.06
3.52,0.21,3.55
3.03,0.21,3.98
2.49,0.21,4.34
1.9,0.21,4.63
1.28,0.21,4.83
0.64,0.21,4.96
-0.02,0.21,5.0
-0.67,0.21,4.95
-1.31,0.21,4.82
-1.93,0.21,4.61
-2.52,0.21,4.32
-3.06,0.21,3.95
-3.55,0.21,3.52
-3.98,0.21,3.03
-4.34,0.21,2.48
-4.63,0.21,1.89
-4.84,0.21,1.27
-4.96,0.21,0.63
-5.0,0.18,0.0
-4.96,0.18,-0.65
-4.83,0.18,-1.3
-4.62,0.18,-1.91
-4.33,0.18,-2.5
-3.97,0.18,-3.05
-3.53,0.18,-3.54
-3.04,0.18,-3.97
-2.5,0.18,-4.33
-1.91,0.18,-4.62
-1.29,0.18,-4.83
-0.65,0.18,-4.96
0.01,0.18,-5.0
0.66,0.18,-4.96
1.3,0.18,-4.83
1.92,0.18,-4.62
2.51,0.18,-4.33
3.05,0.18,-3.96
3.54,0.18,-3.53
3.97,0.18,-3.04
4.34,0.18,-2.49
4.62,0.18,-1.9
4.83,0.18,-1.28
4.96,0.18,-0.64
5.0,0.18,0.01
4.96,0.18,0.67
4.83,0.18,1.31
4.61,0.18,1.93
4.32,0.18,2.51
3.96,0.18,3.06
3.52,0.18,3.55
3.03,0.18,3.98
2.49,0.18,4.34
1.9,0.18,4.63
1.28,0.18,4.83
0.64,0.18,4.96
-0.02,0.18,5.0
-0.67,0.18,4.95
-1.31,0.18,4.82
-1.93,0.18,4.61
-2.52,0.18,4.32
-3.06,0.18,3.95
-3.55,0.18,3.52
-3.98,0.18,3.03
-4.34,0.18,2.48
-4.63,0.18,1.89
-4.84,0.18,1.27
-4.96,0.18,0.63
-5.0,0.16,0.0
-4.96,0.16,-0.65
-4.83,0.16,-1.3
-4.62,0.16,-1.91
-4.33,0.16,-2.5
-3.97,0.16,-3.05
-3.53,0.16,-3.54
-3.04,0.16,-3.97
-2.5,0.16,-4.33
-1.91,0.16,-4.62
-1.29,0.16,-4.83
-0.65,0.16,-4.96
0.01,0.16,-5.0
0.66,0.16,-4.96
1.3,0.16,-4.83
1.92,0.16,-4.62
2.51,0.16,-4.33
3.05,0.16,-3.96
3.54,0.16,-3.53
3.97,0.16,-3.04
4.34,0.16,-2.49
4.62,0.16,-1.9
4.83,0.16,-1.28
4.96,0.16,-0.64
5.0,0.16,0.01
4.96,0.16,0.67
4.83,0.16,1.31
4.61,0.16,1.93
4.32,0.16,2.51
3.96,0.16,3.06
3.52,0.16,3.55
3.03,0.16,3.98
2.49,0.16,4.34
1.9,0.16,4.63
1.28,0.16,4.83
0.64,0.16,4.96
-0.02,0.16,5.0
-0.67,0.16,4.95
-1.31,0.16,4.82
-1.93,0.16,4.61
-2.52,0.16,4.32
-3.06,0.16,3.95
-3.55,0.16,3.52
-3.98,0.16,3.03
-4.34,0.16,2.48
-4.63,0.16,1.89
-4.84,0.16,1.27
-4.96,0.16,0.63
-5.0,0.13,0.0
-4.96,0.13,-0.65
-4.83,0.13,-1.3
-4.62,0.13,-1.91
-4.33,0.13,-2.5
-3.97,0.13,-3.05
-3.53,0.13,-3.54
-3.04,0.13,-3.97
-2.5,0.13,-4.33
-1.91,0.13,-4.62
-1.29,0.13,-4.83
-0.65,0.13,-4.96
0.01,0.13,-5.0
0.66,0.13,-4.96
1.3,0.13,-4.83
1.92,0.13,-4.62
2.51,0.13,-4.33
3.05,0.13,-3.96
3.54,0.13,-3.53
3.97,0.13,-3.04
4.34,0.13,-2.49
4.62,0.13,-1.9
4.83,0.13,-1.28
4.96,0.13,-0.64
5.0,0.13,0.01
4.96,0.13,0.67
4.83,0.13,1.31
4.61,0.13,1.93
4.32,0.13,2.51
3.96,0.13,3.06
3.52,0.13,3.55
3.03,0.13,3.98
2.49,0.13,4.34
1.9,0.13,4.63
1.28,0.13,4.83
0.64,0.13,4.96
-0.02,0.13,5.0
-0.67,0.13,4.95
-1.31,0.13,4.82
-1.93,0.13,4.61
-2.52,0.13,4.32
-3.06,0.13,3.95
-3.55,0.13,3.52
-3.98,0.13,3.03
-4.34,0.13,2.48
-4.63,0.13,1.89
-4.84,0.13,1.27
-4.96,0.13,0.63
-5.0,0.1,0.0
-4.96,0.1,-0.65
-4.83,0.1,-1.3
-4.62,0.1,-1.91
-4.33,0.1,-2.5
-3.97,0.1,-3.05
-3.53,0.1,-3.54
-3.04,0.1,-3.97
-2.5,0.1,-4.33
-1.91,0.1,-4.62
-1.29,0.1,-4.83
-0.65,0.1,-4.96
0.01,0.1,-5.0
0.66,0.1,-4.96
1.3,0.1,-4.83
1.92,0.1,-4.62
2.51,0.1,-4.33
3.05,0.1,-3.96
3.54,0.1,-3.53
3.97,0.1,-3.04
4.34,0.1,-2.49
4.62,0.1,-1.9
4.83,0.1,-1.28
4.96,0.1,-0.64
5.0,0.1,0.01
4.96,0.1,0.67
4.83,0.1,1.31
4.61,0.1,1.93
4.32,0.1,2.51
3.96,0.1,3.06
3.52,0.1,3.55
3.03,0.1,3.98
2.49,0.1,4.34
1.9,0.1,4.63
1.28,0.1,4.83
0.64,0.1,4.96
-0.02,0.1,5.0
-0.67,0.1,4.95
-1.31,0.1,4.82
-1.93,0.1,4.61
-2.52,0.1,4.32
-3.06,0.1,3.95
-3.55,0.1,3.52
-3.98,0.1,3.03
-4.34,0.1,2.48
-4.63,0.1,1.89
-4.84,0.1,1.27
-4.96,0.1,0.63
-5.0,0.08,0.0
-4.96,0.08,-0.65
-4.83,0.08,-1.3
-4.62,0.08,-1.91
-4.33,0.08,-2.5
-3.97,0.08,-3.05
-3.53,0.08,-3.54
-3.04,0.08,-3.97
-2.5,0.08,-4.33
-1.91,0.08,-4.62
-1.29,0.08,-4.83
-0.65,0.08,-4.96
0.01,0.08,-5.0
0.66,0.08,-4.96
1.3,0.08,-4.83
1.92,0.08,-4.62
2.51,0.08,-4.33
3.05,0.08,-3.96
3.54,0.08,-3.53
3.97,0.08,-3.04
4.34,0.08,-2.49
4.62,0.08,-1.9
4.83,0.08,-1.28
4.96,0.08,-0.64
5.0,0.08,0.01
4.96,0.08,0.67
4.83,0.08,1.31
4.61,0.08,1.93
4.32,0.08,2.51
3.96,0.08,3.06
3.52,0.08,3.55
3.03,0.08,3.98
2.49,0.08,4.34
1.9,0.08,4.63
1.28,0.08,4.83
0.64,0.08,4.96
-0.02,0.08,5.0
-0.67,0.08,4.95
-1.31,0.08,4.82
-1.93,0.08,4.61
-2.52,0.08,4.32
-3.06,0.08,3.95
-3.55,0.08,3.52
-3.98,0.08,3.03
-4.34,0.08,2.48
-4.63,0.08,1.89
-4.84,0.08,1.27
-4.96,0.08,0.63
-5.0,0.05,0.0
-4.96,0.05,-0.65
-4.83,0.05,-1.3
-4.62,0.05,-1.91
-4.33,0.05,-2.5
-3.97,0.05,-3.05
-3.53,0.05,-3.54
-3.04,0.05,-3.97
-2.5,0.05,-4.33
-1.91,0.05,-4.62
-1.29,0.05,-4.83
-0.65,0.05,-4.96
0.01,0.05,-5.0
0.66,0.05,-4.96
1.3,0.05,-4.83
1.92,0.05,-4.62
2.51,0.05,-4.33
3.05,0.05,-3.96
3.54,0.05,-3.53
3.97,0.05,-3.04
4.34,0.05,-2.49
4.62,0.05,-1.9
4.83,0.05,-1.28
4.96,0.05,-0.64
5.0,0.05,0.01
4.96,0.05,0.67
4.83,0.05,1.31
4.61,0.05,1.93
4.32,0.05,2.51
3.96,0.05,3.06
3.52,0.05,3.55
3.03,0.05,3.98
2.49,0.05,4.34
1.9,0.05,4.63
1.28,0.05,4.83
0.64,0.05,4.96
-0.02,0.05,5.0
-0.67,0.05,4.95
-1.31,0.05,4.82
-1.93,0.05,4.61
-2.52,0.05,4.32
-3.06,0.05,3.95
-3.55,0.05,3.52
-3.98,0.05,3.03
-4.34,0.05,2.48
-4.63,0.05,1.89
-4.84,0.05,1.27
-4.96,0.05,0.63
-5.0,0.03,0.0
-4.96,0.03,-0.65
-4.83,0.03,-1.3
-4.62,0.03,-1.91
-4.33,0.03,-2.5
-3.97,0.03,-3.05
-3.53,0.03,-3.54
-3.04,0.03,-3.97
-2.5,0.03,-4.33
-1.91,0.03,-4.62
-1.29,0.03,-4.83
-0.65,0.03,-4.96
0.01,0.03,-5.0
0.66,0.03,-4.96
1.3,0.03,-4.83
1.92,0.03,-4.62
2.51,0.03,-4.33
3.05,0.03,-3.96
3.54,0.03,-3.53
3.97,0.03,-3.04
4.34,0.03,-2.49
4.62,0.03,-1.9
4.83,0.03,-1.28
4.96,0.03,-0.64
5.0,0.03,0.01
4.96,0.03,0.67
4.83,0.03,1.31
4.61,0.03,1.93
4.32,0.03,2.51
3.96,0.03,3.06
3.52,0.03,3.55
3.03,0.03,3.98
2.49,0.03,4.34
1.9,0.03,4.63
1.28,0.03,4.83
0.64,0.03,4.96
-0.02,0.03,5.0
-0.67,0.03,4.95
-1.31,0.03,4.82
-1.93,0.03,4.61
-2.52,0.03,4.32
-3.06,0.03,3.95
-3.55,0.03,3.52
-3.98,0.03,3.03
-4.34,0.03,2.48
-4.63,0.03,1.89
