-4.96,2.05,-0.65
-4.83,2.05,-1.3
-4.62,2.05,-1.91
-4.33,2.05,-2.5
-3.97,2.05,-3.05
-3.53,2.05,-3.54
-3.04,2.05,-3.97
-2.5,2.05,-4.33
-1.91,2.05,-4.62
-1.29,2.05,-4.83
-0.65,2.05,-4.96
0.01,2.05,-5.0
0.66,2.05,-4.96
1.3,2.05,-4.83
1.92,2.05,-4.62
2.51,2.05,-4.33
3.05,2.05,-3.96
3.54,2.05,-3.53
3.97,2.05,-3.04
4.34,2.05,-2.49
4.62,2.05,-1.9
4.83,2.05,-1.28
4.96,2.05,-0.64
5.0,2.05,0.01
4.96,2.05,0.67
4.83,2.05,1.31
4.61,2.05,1.93
4.32,2.05,2.51
3.96,2.05,3.06
3.52,2.05,3.55
3.03,2.05,3.98
2.49,2.05,4.34
1.9,2.05,4.63
1.28,2.05,4.83
0.64,2.05,4.96
-0.02,2.05,5.0
-0.67,2.05,4.95
-1.31,2.05,4.82
-1.93,2.05,4.61
-2.52,2.05,4.32
-3.06,2.05,3.95
-3.55,2.05,3.52
-3.98,2.05,3.03
-4.34,2.05,2.48
-4.63,2.05,1.89
-4.84,2.05,1.27
-4.96,2.05,0.63
-5.0,2.03,0.0
-4.96,2.03,-0.65
-4.83,2.03,-1.3
-4.62,2.03,-1.91
-4.33,2.03,-2.5
-3.97,2.03,-3.05
-3.53,2.03,-3.54
-3.04,2.03,-3.97
-2.5,2.03,-4.33
-1.91,2.03,-4.62
-1.29,2.03,-4.83
-0.65,2.03,-4.96
0.01,2.03,-5.0
0.66,2.03,-4.96
1.3,2.03,-4.83
1.92,2.03,-4.62
2.51,2.03,-4.33
3.05,2.03,-3.96
3.54,2.03,-3.53
3.97,2.03,-3.04
4.34,2.03,-2.49
4.62,2.03,-1.9
4.83,2.03,-1.28
4.96,2.03,-0.64
5.0,2.03,0.01
4.96,2.03,0.67
4.83,2.03,1.31
4.61,2.03,1.93
4.32,2.03,2.51
3.96,2.03,3.06
3.52,2.03,3.55
3.03,2.03,3.98
2.49,2.03,4.34
1.9,2.03,4.63
1.28,2.03,4.83
0.64,2.03,4.96
-0.02,2.03,5.0
-0.67,2.03,4.95
-1.31,2.03,4.82
-1.93,2.03,4.61
-2.52,2.03,4.32
-3.06,2.03,3.95
-3.55,2.03,3.52
-3.98,2.03,3.03
-4.34,2.03,2.48
-4.63,2.03,1.89
-4.84,2.03,1.27
-4.96,2.03,0.63
-5.0,2.01,0.0
-4.96,2.01,-0.65
-4.83,2.01,-1.3
-4.62,2.01,-1.91
-4.33,2.01,-2.5
-3.97,2.01,-3.05
-3.53,2.01,-3.54
-3.04,2.01,-3.97
-2.5,2.01,-4.33
-1.91,2.01,-4.62
-1.29,2.01,-4.83
-0.65,2.01,-4.96
0.01,2.01,-5.0
0.66,2.01,-4.96
1.3,2.01,-4.83
1.92,2.01,-4.62
2.51,2.01,-4.33
3.05,2.01,-3.96
3.54,2.01,-3.53
3.97,2.01,-3.04
4.34,2.01,-2.49
4.62,2.01,-1.9
4.83,2.01,-1.28
4.96,2.01,-0.64
5.0,2.01,0.01
4.96,2.01,0.67
4.83,2.01,1.31
4.61,2.01,1.93
4.32,2.01,2.51
3.96,2.01,3.06
3.52,2.01,3.55
3.03,2.01,3.98
2.49,2.01,4.34
1.9,2.01,4.63
1.28,2.01,4.83
0.64,2.01,4.96
-0.02,2.01,5.0
-0.67,2.01,4.95
-1.31,2.01,4.82
-1.93,2.01,4.61
-2.52,2.01,4.32
-3.06,2.01,3.95
-3.55,2.01,3.52
-3.98,2.01,3.03
-4.34,2.01,2.48
-4.63,2.01,1.89
-4.84,2.01,1.27
-4.96,2.01,0.63
-5.0,1.99,0.0
-4.96,1.99,-0.65
-4.83,1.99,-1.3
-4.62,1.99,-1.91
-4.33,1.99,-2.5
-3.97,1.99,-3.05
-3.53,1.99,-3.54
-3.04,1.99,-3.97
-2.5,1.99,-4.33
-1.91,1.99,-4.62
-1.29,1.99,-4.83
-0.65,1.99,-4.96
0.01,1.99,-5.0
0.66,1.99,-4.96
1.3,1.99,-4.83
1.92,1.99,-4.62
2.51,1.99,-4.33
3.05,1.99,-3.96
3.54,1.99,-3.53
3.97,1.99,-3.04
4.34,1.99,-2.49
4.62,1.99,-1.9
4.83,1.99,-1.28
4.96,1.99,-0.64
5.0,1.99,0.01
4.96,1.99,0.67
4.83,1.99,1.31
4.61,1.99,1.93
4.32,1.99,2.51
3.96,1.99,3.06
3.52,1.99,3.55
3.03,1.99,3.98
2.49,1.99,4.34
1.9,1.99,4.63
1.28,1.99,4.83
0.64,1.99,4.96
-0.02,1.99,5.0
-0.67,1.99,4.95
-1.31,1.99,4.82
-1.93,1.99,4.61
-2.52,1.99,4.32
-3.06,1.99,3.95
-3.55,1.99,3.52
-3.98,1.99,3.03
-4.34,1.99,2.48
-4.63,1.99,1.89
-4.84,1.99,1.27
-4.96,1.99,0.63
-5.0,1.97,0.0
-4.96,1.97,-0.65
-4.83,1.97,-1.3
-4.62,1.97,-1.91
-4.33,1.97,-2.5
-3.97,1.97,-3.05
-3.53,1.97,-3.54
-3.04,1.97,-3.97
-2.5,1.97,-4.33
-1.91,1.97,-4.62
-1.29,1.97,-4.83
-0.65,1.97,-4.96
0.01,1.97,-5.0
0.66,1.97,-4.96
1.3,1.97,-4.83
1.92,1.97,-4.62
2.51,1.97,-4.33
3.05,1.97,-3.96
3.54,1.97,-3.53
3.97,1.97,-3.04
4.34,1.97,-2.49
4.62,1.97,-1.9
4.83,1.97,-1.28
4.96,1.97,-0.64
5.0,1.97,0.01
4.96,1.97,0.67
4.83,1.97,1.31
4.61,1.97,1.93
4.32,1.97,2.51
3.96,1.97,3.06
3.52,1.97,3.55
3.03,1.97,3.98
2.49,1.97,4.34
1.9,1.97,4.63
1.28,1.97,4.83
0.64,1.97,4.96
-0.02,1.97,5.0
-0.67,1.97,4.95
-1.31,1.97,4.82
-1.93,1.97,4.61
-2.52,1.97,4.32
-3.06,1.97,3.95
-3.55,1.97,3.52
-3.98,1.97,3.03
-4.34,1.97,2.48
-4.63,1.97,1.89
-4.84,1.97,1.27
-4.96,1.97,0.63
-5.0,1.95,0.0
-4.96,1.95,-0.65
-4.83,1.95,-1.3
-4.62,1.95,-1.91
-4.33,1.95,-2.5
-3.97,1.95,-3.05
-3.53,1.95,-3.54
-3.04,1.95,-3.97
-2.5,1.95,-4.33
-1.91,1.95,-4.62
-1.29,1.95,-4.83
-0.65,1.95,-4.96
0.01,1.95,-5.0
0.66,1.95,-4.96
1.3,1.95,-4.83
1.92,1.95,-4.62
2.51,1.95,-4.33
3.05,1.95,-3.96
3.54,1.95,-3.53
3.97,1.95,-3.04
4.34,1.95,-2.49
4.62,1.95,-1.9
4.83,1.95,-1.28
4.96,1.95,-0.64
5.0,1.95,0.01
4.96,1.95,0.67
4.83,1.95,1.31
4.61,1.95,1.93
4.32,1.95,2.51
3.96,1.95,3.06
3.52,1.95,3.55
3.03,1.95,3.98
2.49,1.95,4.34
1.9,1.95,4.63
1.28,1.95,4.83
0.64,1.95,4.96
-0.02,1.95,5.0
-0.67,1.95,4.95
-1.31,1.95,4.82
-1.93,1.95,4.61
-2.52,1.95,4.32
-3.06,1.95,3.95
-3.55,1.95,3.52
-3.98,1.95,3.03
-4.34,1.95,2.48
-4.63,1.95,1.89
-4.84,1.95,1.27
-4.96,1.95,0.63
-5.0,1.93,0.0
-4.96,1.93,-0.65
-4.83,1.93,-1.3
-4.62,1.93,-1.91
-4.33,1.93,-2.5
-3.97,1.93,-3.05
-3.53,1.93,-3.54
-3.04,1.93,-3.97
-2.5,1.93,-4.33
-1.91,1.93,-4.62
-1.29,1.93,-4.83
-0.65,1.93,-4.96
0.01,1.93,-5.0
0.66,1.93,-4.96
1.3,1.93,-4.83
1.92,1.93,-4.62
2.51,1.93,-4.33
3.05,1.93,-3.96
3.54,1.93,-3.53
3.97,1.93,-3.04
4.34,1.93,-2.49
4.62,1.93,-1.9
4.83,1.93,-1.28
4.96,1.93,-0.64
5.0,1.93,0.01
4.96,1.93,0.67
4.83,1.93,1.31
4.61,1.93,1.93
4.32,1.93,2.51
3.96,1.93,3.06
3.52,1.93,3.55
3.03,1.93,3.98
2.49,1.93,4.34
1.9,1.93,4.63
1.28,1.93,4.83
0.64,1.93,4.96
-0.02,1.93,5.0
-0.67,1.93,4.95
-1.31,1.93,4.82
-1.93,1.93,4.61
-2.52,1.93,4.32
-3.06,1.93,3.95
-3.55,1.93,3.52
-3.98,1.93,3.03
-4.34,1.93,2.48
-4.63,1.93,1.89
-4.84,1.93,1.27
-4.96,1.93,0.63
-5.0,1.91,0.0
-4.96,1.91,-0.65
-4.83,1.91,-1.3
-4.62,1.91,-1.91
-4.33,1.91,-2.5
-3.97,1.91,-3.05
-3.53,1.91,-3.54
-3.04,1.91,-3.97
-2.5,1.91,-4.33
-1.91,1.91,-4.62
-1.29,1.91,-4.83
-0.65,1.91,-4.96
0.01,1.91,-5.0
0.66,1.91,-4.96
1.3,1.91,-4.83
1.92,1.91,-4.62
2.51,1.91,-4.33
3.05,1.91,-3.96
3.54,1.91,-3.53
3.97,1.91,-3.04
4.34,1.91,-2.49
4.62,1.91,-1.9
4.83,1.91,-1.28
4.96,1.91,-0.64
5.0,1.91,0.01
4.96,1.91,0.67
4.83,1.91,1.31
4.61,1.91,1.93
4.32,1.91,2.51
3.96,1.91,3.06
3.52,1.91,3.55
3.03,1.91,3.98
2.49,1.91,4.34
1.9,1.91,4.63
1.28,1.91,4.83
0.64,1.91,4.96
-0.02,1.91,5.0
-0.67,1.91,4.95
-1.31,1.91,4.82
-1.93,1.91,4.61
-2.52,1.91,4.32
-3.06,1.91,3.95
-3.55,1.91,3.52
-3.98,1.91,3.03
-4.34,1.91,2.48
-4.63,1.91,1.89
-4.84,1.91,1.27
-4.96,1.91,0.63
-5.0,1.89,0.0
-4.96,1.89,-0.65
-4.83,1.89,-1.3
-4.62,1.89,-1.91
-4.33,1.89,-2.5
-3.97,1.89,-3.05
-3.53,1.89,-3.54
-3.04,1.89,-3.97
-2.5,1.89,-4.33
-1.91,1.89,-4.62
-1.29,1.89,-4.83
-0.65,1.89,-4.96
0.01,1.89,-5.0
0.66,1.89,-4.96
1.3,1.89,-4.83
1.92,1.89,-4.62
2.51,1.89,-4.33
3.05,1.89,-3.96
3.54,1.89,-3.53
3.97,1.89,-3.04
4.34,1.89,-2.49
4.62,1.89,-1.9
4.83,1.89,-1.28
4.96,1.89,-0.64
5.0,1.89,0.01
4.96,1.89,0.67
4.83,1.89,1.31
4.61,1.89,1.93
4.32,1.89,2.51
3.96,1.89,3.06
3.52,1.89,3.55
3.03,1.89,3.98
2.49,1.89,4.34
1.9,1.89,4.63
1.28,1.89,4.83
0.64,1.89,4.96
-0.02,1.89,5.0
-0.67,1.89,4.95
-1.31,1.89,4.82
-1.93,1.89,4.61
-2.52,1.89,4.32
-3.06,1.89,3.95
-3.55,1.89,3.52
-3.98,1.89,3.03
-4.34,1.89,2.48
-4.63,1.89,1.89
-4.84,1.89,1.27
-4.96,1.89,0.63
-5.0,1.87,0.0
-4.96,1.87,-0.65
-4.83,1.87,-1.3
-4.62,1.87,-1.91
-4.33,1.87,-2.5
-3.97,1.87,-3.05
-3.53,1.87,-3.54
-3.04,1.87,-3.97
-2.5,1.87,-4.33
-1.91,1.87,-4.62
-1.29,1.87,-4.83
-0.65,1.87,-4.96
0.01,1.87,-5.0
0.66,1.87,-4.96
1.3,1.87,-4.83
1.92,1.87,-4.62
2.51,1.87,-4.33
3.05,1.87,-3.96
3.54,1.87,-3.53
3.97,1.87,-3.04
4.34,1.87,-2.49
4.62,1.87,-1.9
4.83,1.87,-1.28
4.96,1.87,-0.64
5.0,1.87,0.01
4.96,1.87,0.67
4.83,1.87,1.31
4.61,1.87,1.93
4.32,1.87,2.51
3.96,1.87,3.06
3.52,1.87,3.55
3.03,1.87,3.98
2.49,1.87,4.34
1.9,1.87,4.63
1.28,1.87,4.83
0.64,1.87,4.96
-0.02,1.87,5.0
-0.67,1.87,4.95
-1.31,1.87,4.82
-1.93,1.87,4.61
-2.52,1.87,4.32
-3.06,1.87,3.95
-3.55,1.87,3.52
-3.98,1.87,3.03
-4.34,1.87,2.48
-4.63,1.87,1.89
-4.84,1.87,1.27
-4.96,1.87,0.63
-5.0,1.85,0.0
-4.96,1.85,-0.65
-4.83,1.85,-1.3
-4.62,1.85,-1.91
-4.33,1.85,-2.5
-3.97,1.85,-3.05
-3.53,1.85,-3.54
-3.04,1.85,-3.97
-2.5,1.85,-4.33
-1.91,1.85,-4.62
-1.29,1.85,-4.83
-0.65,1.85,-4.96
0.01,1.85,-5.0
0.66,1.85,-4.96
1.3,1.85,-4.83
1.92,1.85,-4.62
2.51,1.85,-4.33
3.05,1.85,-3.96
3.54,1.85,-3.53
3.97,1.85,-3.04
4.34,1.85,-2.49
4.62,1.85,-1.9
4.83,1.85,-1.28
4.96,1.85,-0.64
5.0,1.85,0.01
4.96,1.85,0.67
4.83,1.85,1.31
4.61,1.85,1.93
4.32,1.85,2.51
3.96,1.85,3.06
3.52,1.85,3.55
3.03,1.85,3.98
2.49,1.85,4.34
1.9,1.85,4.63
1.28,1.85,4.83
0.64,1.85,4.96
-0.02,1.85,5.0
-0.67,1.85,4.95
-1.31,1.85,4.82
-1.93,1.85,4.61
-2.52,1.85,4.32
-3.06,1.85,3.95
-3.55,1.85,3.52
-3.98,1.85,3.03
-4.34,1.85,2.48
-4.63,1.85,1.89
-4.84,1.85,1.27
-4.96,1.85,0.63
-5.0,1.83,0.0
-4.96,1.83,-0.65
-4.83,1.83,-1.3
-4.62,1.83,-1.91
-4.33,1.83,-2.5
-3.97,1.83,-3.05
-3.53,1.83,-3.54
-3.04,1.83,-3.97
-2.5,1.83,-4.33
-1.91,1.83,-4.62
-1.29,1.83,-4.83
-0.65,1.83,-4.96
0.01,1.83,-5.0
0.66,1.83,-4.96
1.3,1.83,-4.83
-0.03,1.83,0.06
-0.04,1.83,0.06
-0.04,1.83,0.06
-0.04,1.83,0.04
3.97,1.83,-3.04
4.34,1.83,-2.49
4.62,1.83,-1.9
4.83,1.83,-1.28
4.96,1.83,-0.64
5.0,1.83,0.01
4.96,1.83,0.67
4.83,1.83,1.31
4.61,1.83,1.93
4.32,1.83,2.51
3.96,1.83,3.06
3.52,1.83,3.55
3.03,1.83,3.98
2.49,1.83,4.34
1.9,1.83,4.63
1.28,1.83,4.83
0.64,1.83,4.96
-0.02,1.83,5.0
-0.67,1.83,4.95
-1.31,1.83,4.82
-0.02,1.83,0.05
-0.02,1.83,0.04
-0.03,1.83,0.04
-0.04,1.83,0.04
-3.98,1.83,3.03
-4.34,1.83,2.48
-4.63,1.83,1.89
-4.84,1.83,1.27
-4.96,1.83,0.63
0.04,1.8,0.0
0.04,1.8,0.01
0.04,1.8,0.01
0.05,1.8,0.02
0.05,1.8,0.03
0.05,1.8,0.04
0.05,1.8,0.05
0.05,1.8,0.07
0.05,1.8,0.08
0.04,1.8,0.1
0.03,1.8,0.11
0.02,1.8,0.12
-0.0,1.8,0.13
-0.02,1.8,0.13
-0.04,1.8,0.14
-0.05,1.8,0.13
-0.07,1.8,0.12
-0.09,1.8,0.11
-0.1,1.8,0.1
-0.11,1.8,0.08
-0.11,1.8,0.07
-0.12,1.8,0.05
-0.11,1.8,0.03
-0.11,1.8,0.01
-0.1,1.8,-0.0
-0.09,1.8,-0.01
-0.08,1.8,-0.02
-0.06,1.8,-0.03
-0.05,1.8,-0.03
-0.04,1.8,-0.03
-0.03,1.8,-0.03
-0.03,1.8,-0.03
-0.02,1.8,-0.03
-0.01,1.8,-0.03
-0.01,1.8,-0.03
-0.0,1.8,-0.03
0.0,1.8,-0.03
0.0,1.8,-0.03
0.01,1.8,-0.02
0.01,1.8,-0.02
0.01,1.8,-0.02
0.02,1.8,-0.02
0.02,1.8,-0.02
0.02,1.8,-0.02
0.02,1.8,-0.01
0.03,1.8,-0.01
0.03,1.8,-0.01
0.03,1.8,-0.0
0.07,1.78,-0.0
0.08,1.78,0.01
0.08,1.78,0.02
0.08,1.78,0.03
0.08,1.78,0.05
0.08,1.78,0.06
0.08,1.78,0.08
0.07,1.78,0.1
0.07,1.78,0.11
0.05,1.78,0.13
0.04,1.78,0.14
0.02,1.78,0.15
-0.0,1.78,0.16
-0.02,1.78,0.17
-0.04,1.78,0.17
-0.07,1.78,0.16
-0.09,1.78,0.15
-0.11,1.78,0.14
-0.12,1.78,0.12
-0.13,1.78,0.1
-0.14,1.78,0.08
-0.15,1.78,0.06
-0.15,1.78,0.04
-0.14,1.78,0.02
-0.13,1.78,-0.0
-0.12,1.78,-0.02
-0.11,1.78,-0.03
-0.1,1.78,-0.04
-0.09,1.78,-0.05
-0.07,1.78,-0.06
-0.06,1.78,-0.06
-0.05,1.78,-0.06
-0.04,1.78,-0.06
-0.03,1.78,-0.06
-0.02,1.78,-0.06
-0.01,1.78,-0.06
0.0,1.78,-0.06
0.01,1.78,-0.06
0.01,1.78,-0.05
0.02,1.78,-0.05
0.03,1.78,-0.05
0.03,1.78,-0.04
0.04,1.78,-0.04
0.05,1.78,-0.03
0.05,1.78,-0.03
0.06,1.78,-0.02
0.06,1.78,-0.02
0.07,1.78,-0.01
0.09,1.76,-0.0
0.1,1.76,0.01
0.1,1.76,0.03
0.1,1.76,0.04
0.1,1.76,0.06
0.1,1.76,0.08
0.1,1.76,0.1
0.09,1.76,0.12
0.08,1.76,0.13
0.06,1.76,0.15
0.04,1.76,0.16
0.02,1.76,0.18
-0.0,1.76,0.18
-0.02,1.76,0.19
-0.05,1.76,0.19
-0.07,1.76,0.18
-0.1,1.76,0.17
-0.12,1.76,0.15
-0.14,1.76,0.14
-0.15,1.76,0.12
-0.16,1.76,0.09
-0.17,1.76,0.07
-0.17,1.76,0.04
-0.16,1.76,0.02
-0.16,1.76,-0.0
-0.15,1.76,-0.02
-0.14,1.76,-0.04
-0.12,1.76,-0.05
-0.11,1.76,-0.06
-0.09,1.76,-0.07
-0.08,1.76,-0.08
-0.06,1.76,-0.08
-0.05,1.76,-0.08
-0.03,1.76,-0.09
-0.02,1.76,-0.08
-0.01,1.76,-0.08
0.0,1.76,-0.08
0.01,1.76,-0.08
0.02,1.76,-0.07
0.03,1.76,-0.07
0.04,1.76,-0.07
0.05,1.76,-0.06
0.05,1.76,-0.05
0.06,1.76,-0.05
0.07,1.76,-0.04
0.08,1.76,-0.03
0.08,1.76,-0.02
0.09,1.76,-0.01
0.11,1.74,-0.0
0.12,1.74,0.02
0.12,1.74,0.03
0.12,1.74,0.05
0.12,1.74,0.07
0.12,1.74,0.09
0.11,1.74,0.11
0.1,1.74,0.13
0.08,1.74,0.15
0.07,1.74,0.16
0.05,1.74,0.18
0.02,1.74,0.19
-0.0,1.74,0.2
-0.03,1.74,0.2
-0.05,1.74,0.2
-0.08,1.74,0.19
-0.11,1.74,0.18
-0.13,1.74,0.17
-0.15,1.74,0.15
-0.16,1.74,0.13
-0.17,1.74,0.1
-0.18,1.74,0.07
-0.18,1.74,0.05
-0.18,1.74,0.02
-0.17,1.74,-0.0
-0.16,1.74,-0.02
-0.15,1.74,-0.04
-0.14,1.74,-0.06
-0.12,1.74,-0.07
-0.11,1.74,-0.08
-0.09,1.74,-0.09
-0.07,1.74,-0.09
-0.06,1.74,-0.1
-0.04,1.74,-0.1
-0.03,1.74,-0.1
-0.01,1.74,-0.1
0.0,1.74,-0.1
0.01,1.74,-0.09
0.02,1.74,-0.09
0.04,1.74,-0.08
0.05,1.74,-0.08
0.06,1.74,-0.07
0.07,1.74,-0.07
0.07,1.74,-0.06
0.08,1.74,-0.05
0.09,1.74,-0.04
0.1,1.74,-0.03
0.11,1.74,-0.01
0.12,1.72,0.0
0.13,1.72,0.02
0.13,1.72,0.03
0.13,1.72,0.05
0.13,1.72,0.07
0.12,1.72,0.1
0.12,1.72,0.12
0.11,1.72,0.14
0.09,1.72,0.16
0.07,1.72,0.18
0.05,1.72,0.19
0.03,1.72,0.2
-0.0,1.72,0.21
-0.03,1.72,0.21
-0.06,1.72,0.21
-0.09,1.72,0.2
-0.11,1.72,0.19
-0.14,1.72,0.18
-0.16,1.72,0.16
-0.17,1.72,0.13
-0.18,1.72,0.11
-0.19,1.72,0.08
-0.19,1.72,0.05
-0.19,1.72,0.02
-0.19,1.72,-0.0
-0.18,1.72,-0.02
-0.16,1.72,-0.04
-0.15,1.72,-0.06
-0.13,1.72,-0.08
-0.12,1.72,-0.09
-0.1,1.72,-0.1
-0.08,1.72,-0.1
-0.06,1.72,-0.11
-0.05,1.72,-0.11
-0.03,1.72,-0.11
-0.01,1.72,-0.11
0.0,1.72,-0.11
0.01,1.72,-0.11
0.03,1.72,-0.1
0.04,1.72,-0.1
0.05,1.72,-0.09
0.06,1.72,-0.08
0.07,1.72,-0.07
0.08,1.72,-0.06
0.09,1.72,-0.05
0.1,1.72,-0.04
0.11,1.72,-0.03
0.12,1.72,-0.01
0.13,1.7,-0.0
0.14,1.7,0.02
0.14,1.7,0.04
0.14,1.7,0.06
0.14,1.7,0.08
0.13,1.7,0.1
0.12,1.7,0.12
0.11,1.7,0.14
0.1,1.7,0.17
0.08,1.7,0.18
0.05,1.7,0.2
0.03,1.7,0.21
-0.0,1.7,0.22
-0.03,1.7,0.22
-0.06,1.7,0.22
-0.09,1.7,0.21
-0.12,1.7,0.2
-0.14,1.7,0.18
-0.16,1.7,0.16
-0.18,1.7,0.14
-0.19,1.7,0.11
-0.2,1.7,0.08
-0.2,1.7,0.05
-0.2,1.7,0.03
-0.19,1.7,-0.0
-0.18,1.7,-0.02
-0.17,1.7,-0.05
-0.16,1.7,-0.07
-0.14,1.7,-0.08
-0.12,1.7,-0.09
-0.1,1.7,-0.1
-0.09,1.7,-0.11
-0.07,1.7,-0.12
-0.05,1.7,-0.12
-0.03,1.7,-0.12
-0.02,1.7,-0.12
0.0,1.7,-0.12
0.02,1.7,-0.11
0.03,1.7,-0.11
0.04,1.7,-0.1
0.06,1.7,-0.1
0.07,1.7,-0.09
0.08,1.7,-0.08
0.09,1.7,-0.07
0.1,1.7,-0.06
0.11,1.7,-0.04
0.12,1.7,-0.03
0.13,1.7,-0.02
0.14,1.68,0.0
0.14,1.68,0.02
0.14,1.68,0.04
0.14,1.68,0.06
0.14,1.68,0.08
0.14,1.68,0.1
0.13,1.68,0.13
0.11,1.68,0.15
0.1,1.68,0.17
0.08,1.68,0.19
0.05,1.68,0.2
0.03,1.68,0.22
-0.0,1.68,0.22
-0.03,1.68,0.23
-0.06,1.68,0.22
-0.09,1.68,0.22
-0.12,1.68,0.2
-0.14,1.68,0.19
-0.17,1.68,0.17
-0.18,1.68,0.14
-0.2,1.68,0.11
-0.2,1.68,0.08
-0.21,1.68,0.06
-0.21,1.68,0.03
-0.2,1.68,-0.0
-0.19,1.68,-0.03
-0.18,1.68,-0.05
-0.16,1.68,-0.07
-0.15,1.68,-0.08
-0.13,1.68,-0.1
-0.11,1.68,-0.11
-0.09,1.68,-0.12
-0.07,1.68,-0.12
-0.05,1.68,-0.12
-0.03,1.68,-0.13
-0.02,1.68,-0.12
0.0,1.68,-0.12
0.02,1.68,-0.12
0.03,1.68,-0.11
0.05,1.68,-0.11
0.06,1.68,-0.1
0.07,1.68,-0.09
0.08,1.68,-0.08
0.09,1.68,-0.07
0.11,1.68,-0.06
0.12,1.68,-0.05
0.12,1.68,-0.03
0.13,1.68,-0.02
0.14,1.66,0.0
0.14,1.66,0.02
0.15,1.66,0.04
0.15,1.66,0.06
0.14,1.66,0.08
0.14,1.66,0.11
0.13,1.66,0.13
0.12,1.66,0.15
0.1,1.66,0.17
0.08,1.66,0.19
0.06,1.66,0.21
0.03,1.66,0.22
-0.0,1.66,0.23
-0.03,1.66,0.23
-0.06,1.66,0.23
-0.09,1.66,0.22
-0.12,1.66,0.21
-0.15,1.66,0.19
-0.17,1.66,0.17
-0.19,1.66,0.14
-0.2,1.66,0.11
-0.21,1.66,0.09
-0.21,1.66,0.06
-0.21,1.66,0.03
-0.21,1.66,-0.0
-0.2,1.66,-0.03
-0.18,1.66,-0.05
-0.17,1.66,-0.07
-0.15,1.66,-0.09
-0.13,1.66,-0.1
-0.11,1.66,-0.11
-0.09,1.66,-0.12
-0.07,1.66,-0.13
-0.05,1.66,-0.13
-0.03,1.66,-0.13
-0.02,1.66,-0.13
0.0,1.66,-0.13
0.02,1.66,-0.12
0.03,1.66,-0.12
0.05,1.66,-0.11
0.06,1.66,-0.1
0.07,1.66,-0.09
0.09,1.66,-0.08
0.1,1.66,-0.07
0.11,1.66,-0.06
0.12,1.66,-0.05
0.13,1.66,-0.03
0.13,1.66,-0.02
0.14,1.64,-0.0
0.15,1.64,0.02
0.15,1.64,0.04
0.15,1.64,0.06
0.15,1.64,0.08
0.14,1.64,0.11
0.13,1.64,0.13
0.12,1.64,0.15
0.1,1.64,0.17
0.08,1.64,0.19
0.06,1.64,0.21
0.03,1.64,0.22
-0.0,1.64,0.23
-0.03,1.64,0.23
-0.06,1.64,0.23
-0.09,1.64,0.22
-0.12,1.64,0.21
-0.15,1.64,0.19
-0.17,1.64,0.17
-0.19,1.64,0.14
-0.2,1.64,0.12
-0.21,1.64,0.09
-0.22,1.64,0.06
-0.22,1.64,0.03
-0.21,1.64,-0.0
-0.2,1.64,-0.03
-0.19,1.64,-0.05
-0.18,1.64,-0.07
-0.16,1.64,-0.09
-0.14,1.64,-0.11
-0.12,1.64,-0.12
-0.1,1.64,-0.13
-0.08,1.64,-0.13
-0.06,1.64,-0.14
-0.04,1.64,-0.14
-0.02,1.64,-0.13
0.0,1.64,-0.13
0.02,1.64,-0.13
0.03,1.64,-0.12
0.05,1.64,-0.11
0.06,1.64,-0.11
0.07,1.64,-0.1
0.09,1.64,-0.09
0.1,1.64,-0.07
0.11,1.64,-0.06
0.12,1.64,-0.05
0.13,1.64,-0.03
0.13,1.64,-0.02
0.14,1.62,-0.0
0.14,1.62,0.02
0.15,1.62,0.04
0.15,1.62,0.06
0.14,1.62,0.08
0.14,1.62,0.11
0.13,1.62,0.13
0.12,1.62,0.15
0.1,1.62,0.17
0.08,1.62,0.19
0.06,1.62,0.21
0.03,1.62,0.22
-0.0,1.62,0.23
-0.03,1.62,0.23
-0.06,1.62,0.23
-0.09,1.62,0.22
-0.12,1.62,0.21
-0.15,1.62,0.19
-0.17,1.62,0.17
-0.19,1.62,0.14
-0.2,1.62,0.12
-0.21,1.62,0.09
-0.22,1.62,0.06
-0.22,1.62,0.03
-0.22,1.62,-0.0
-0.21,1.62,-0.03
-0.2,1.62,-0.05
-0.18,1.62,-0.08
-0.16,1.62,-0.1
-0.14,1.62,-0.11
-0.12,1.62,-0.12
-0.1,1.62,-0.13
-0.08,1.62,-0.14
-0.06,1.62,-0.14
-0.04,1.62,-0.14
-0.02,1.62,-0.14
0.0,1.62,-0.14
0.02,1.62,-0.13
0.03,1.62,-0.12
0.05,1.62,-0.12
0.06,1.62,-0.11
0.08,1.62,-0.1
0.09,1.62,-0.09
0.1,1.62,-0.07
0.11,1.62,-0.06
0.12,1.62,-0.05
0.13,1.62,-0.03
0.13,1.62,-0.02
0.14,1.6,-0.0
0.14,1.6,0.02
0.14,1.6,0.04
0.14,1.6,0.06
0.14,1.6,0.08
0.13,1.6,0.1
0.13,1.6,0.13
0.11,1.6,0.15
0.1,1.6,0.17
0.08,1.6,0.19
0.05,1.6,0.2
0.03,1.6,0.21
-0.0,1.6,0.22
-0.03,1.6,0.22
-0.06,1.6,0.22
-0.09,1.6,0.22
-0.12,1.6,0.2
-0.14,1.6,0.19
-0.17,1.6,0.17
-0.19,1.6,0.14
-0.2,1.6,0.12
-0.21,1.6,0.09
-0.22,1.6,0.06
-0.22,1.6,0.03
-0.22,1.6,-0.0
-0.21,1.6,-0.03
-0.2,1.6,-0.06
-0.19,1.6,-0.08
-0.17,1.6,-0.1
-0.15,1.6,-0.12
-0.13,1.6,-0.13
-0.11,1.6,-0.14
-0.08,1.6,-0.14
-0.06,1.6,-0.16
-0.05,1.6,-0.19
-0.03,1.6,-0.21
0.0,1.6,-0.22
0.03,1.6,-0.22
0.06,1.6,-0.22
0.08,1.6,-0.2
0.1,1.6,-0.18
0.12,1.6,-0.15
0.12,1.6,-0.12
0.1,1.6,-0.08
0.11,1.6,-0.06
0.12,1.6,-0.05
0.13,1.6,-0.03
0.13,1.6,-0.02
0.13,1.58,-0.0
0.14,1.58,0.02
0.14,1.58,0.04
0.14,1.58,0.06
0.14,1.58,0.08
0.13,1.58,0.1
0.12,1.58,0.12
0.11,1.58,0.14
0.09,1.58,0.16
0.07,1.58,0.18
0.05,1.58,0.2
0.03,1.58,0.21
-0.0,1.58,0.22
-0.03,1.58,0.22
-0.06,1.58,0.22
-0.09,1.58,0.21
-0.12,1.58,0.2
-0.14,1.58,0.19
-0.17,1.58,0.17
-0.19,1.58,0.14
-0.2,1.58,0.12
-0.22,1.58,0.09
-0.22,1.58,0.06
-0.23,1.58,0.03
-0.23,1.58,-0.0
-0.22,1.58,-0.03
-0.21,1.58,-0.06
-0.19,1.58,-0.08
-0.17,1.58,-0.1
-0.15,1.58,-0.12
-0.13,1.58,-0.13
-0.11,1.58,-0.15
-0.1,1.58,-0.18
-0.09,1.58,-0.21
-0.06,1.58,-0.24
-0.03,1.58,-0.25
0.0,1.58,-0.27
0.04,1.58,-0.27
0.07,1.58,-0.26
0.1,1.58,-0.24
0.13,1.58,-0.22
0.15,1.58,-0.19
0.16,1.58,-0.16
0.16,1.58,-0.12
0.16,1.58,-0.09
0.14,1.58,-0.06
0.12,1.58,-0.03
0.13,1.58,-0.02
0.13,1.56,0.0
0.13,1.56,0.02
0.13,1.56,0.04
0.13,1.56,0.06
0.13,1.56,0.08
0.13,1.56,0.1
0.12,1.56,0.12
0.1,1.56,0.14
0.09,1.56,0.16
0.07,1.56,0.17
0.05,1.56,0.19
0.03,1.56,0.2
-0.0,1.56,0.21
-0.03,1.56,0.21
-0.06,1.56,0.21
-0.09,1.56,0.21
-0.11,1.56,0.2
-0.14,1.56,0.18
-0.17,1.56,0.17
-0.19,1.56,0.14
-0.2,1.56,0.12
-0.22,1.56,0.09
-0.23,1.56,0.06
-0.23,1.56,0.03
-0.23,1.56,-0.0
-0.22,1.56,-0.03
-0.21,1.56,-0.06
-0.19,1.56,-0.08
-0.18,1.56,-0.1
-0.16,1.56,-0.12
-0.15,1.56,-0.15
-0.14,1.56,-0.18
-0.12,1.56,-0.21
-0.1,1.56,-0.24
-0.07,1.56,-0.27
-0.04,1.56,-0.29
0.0,1.56,-0.3
0.04,1.56,-0.3
0.08,1.56,-0.29
0.11,1.56,-0.27
0.14,1.56,-0.25
0.17,1.56,-0.22
0.18,1.56,-0.18
0.19,1.56,-0.15
0.19,1.56,-0.11
0.18,1.56,-0.08
0.17,1.56,-0.04
0.15,1.56,-0.02
0.16,1.54,0.0
0.14,1.54,0.02
0.13,1.54,0.04
0.13,1.54,0.05
0.13,1.54,0.07
0.12,1.54,0.09
0.11,1.54,0.11
0.1,1.54,0.13
0.09,1.54,0.15
0.07,1.54,0.17
0.05,1.54,0.18
0.03,1.54,0.19
-0.0,1.54,0.2
-0.03,1.54,0.21
-0.06,1.54,0.21
-0.08,1.54,0.2
-0.11,1.54,0.2
-0.14,1.54,0.18
-0.16,1.54,0.16
-0.19,1.54,0.15
-0.21,1.54,0.12
-0.23,1.54,0.09
-0.24,1.54,0.06
-0.23,1.54,0.03
-0.23,1.54,-0.0
-0.22,1.54,-0.03
-0.21,1.54,-0.06
-0.2,1.54,-0.08
-0.19,1.54,-0.11
-0.18,1.54,-0.14
-0.17,1.54,-0.17
-0.15,1.54,-0.2
-0.13,1.54,-0.23
-0.11,1.54,-0.27
-0.08,1.54,-0.29
-0.04,1.54,-0.31
0.0,1.54,-0.32
0.04,1.54,-0.32
0.08,1.54,-0.31
0.12,1.54,-0.29
0.16,1.54,-0.27
0.18,1.54,-0.24
0.2,1.54,-0.2
0.21,1.54,-0.16
0.22,1.54,-0.12
0.21,1.54,-0.09
0.2,1.54,-0.05
0.18,1.54,-0.02
0.19,1.52,-0.0
0.17,1.52,0.02
0.15,1.52,0.04
0.13,1.52,0.05
0.12,1.52,0.07
0.12,1.52,0.09
0.11,1.52,0.11
0.1,1.52,0.13
0.08,1.52,0.14
0.07,1.52,0.16
0.05,1.52,0.18
0.02,1.52,0.19
-0.0,1.52,0.2
-0.03,1.52,0.2
-0.05,1.52,0.2
-0.08,1.52,0.2
-0.12,1.52,0.2
-0.15,1.52,0.2
-0.19,1.52,0.19
-0.22,1.52,0.17
-0.25,1.52,0.14
-0.27,1.52,0.11
-0.27,1.52,0.07
-0.27,1.52,0.04
-0.26,1.52,-0.0
-0.25,1.52,-0.03
-0.24,1.52,-0.06
-0.23,1.52,-0.09
-0.21,1.52,-0.12
-0.2,1.52,-0.15
-0.18,1.52,-0.18
-0.17,1.52,-0.22
-0.14,1.52,-0.25
-0.12,1.52,-0.28
-0.08,1.52,-0.31
-0.04,1.52,-0.33
0.0,1.52,-0.34
0.05,1.52,-0.34
0.09,1.52,-0.33
0.13,1.52,-0.31
0.17,1.52,-0.29
0.2,1.52,-0.25
0.22,1.52,-0.22
0.23,1.52,-0.18
0.24,1.52,-0.13
0.23,1.52,-0.1
0.22,1.52,-0.06
0.21,1.52,-0.03
0.21,1.5,-0.0
0.19,1.5,0.02
0.17,1.5,0.04
0.15,1.5,0.06
0.13,1.5,0.08
0.12,1.5,0.09
0.1,1.5,0.1
0.09,1.5,0.12
0.08,1.5,0.14
0.06,1.5,0.15
0.05,1.5,0.17
0.02,1.5,0.18
-0.0,1.5,0.19
-0.03,1.5,0.2
-0.06,1.5,0.22
-0.09,1.5,0.23
-0.13,1.5,0.23
-0.17,1.5,0.23
-0.21,1.5,0.21
-0.25,1.5,0.19
-0.27,1.5,0.16
-0.29,1.5,0.12
-0.3,1.5,0.08
-0.3,1.5,0.04
-0.29,1.5,-0.0
-0.28,1.5,-0.04
-0.26,1.5,-0.07
-0.25,1.5,-0.1
-0.23,1.5,-0.13
-0.21,1.5,-0.17
-0.2,1.5,-0.2
-0.18,1.5,-0.23
-0.15,1.5,-0.27
-0.12,1.5,-0.3
-0.09,1.5,-0.33
-0.04,1.5,-0.35
0.0,1.5,-0.35
0.05,1.5,-0.36
0.09,1.5,-0.35
0.14,1.5,-0.33
0.17,1.5,-0.3
0.21,1.5,-0.27
0.23,1.5,-0.23
0.24,1.5,-0.19
0.25,1.5,-0.14
0.25,1.5,-0.1
0.24,1.5,-0.06
0.23,1.5,-0.03
0.22,1.48,-0.0
0.2,1.48,0.03
0.18,1.48,0.05
0.16,1.48,0.07
0.14,1.48,0.08
0.13,1.48,0.1
0.11,1.48,0.11
0.1,1.48,0.13
0.08,1.48,0.14
0.06,1.48,0.15
0.05,1.48,0.17
0.02,1.48,0.19
-0.0,1.48,0.21
-0.03,1.48,0.23
-0.07,1.48,0.24
-0.1,1.48,0.25
-0.15,1.48,0.25
-0.19,1.48,0.24
-0.23,1.48,0.23
-0.26,1.48,0.2
-0.29,1.48,0.17
-0.31,1.48,0.13
-0.32,1.48,0.09
-0.33,1.48,0.04
-0.32,1.48,-0.0
-0.3,1.48,-0.04
-0.28,1.48,-0.08
-0.26,1.48,-0.11
-0.25,1.48,-0.14
-0.23,1.48,-0.17
-0.21,1.48,-0.21
-0.19,1.48,-0.24
-0.16,1.48,-0.28
-0.13,1.48,-0.31
-0.09,1.48,-0.34
-0.05,1.48,-0.36
0.0,1.48,-0.37
0.05,1.48,-0.37
0.1,1.48,-0.36
0.14,1.48,-0.34
0.18,1.48,-0.31
0.21,1.48,-0.28
0.24,1.48,-0.24
0.26,1.48,-0.19
0.26,1.48,-0.15
0.26,1.48,-0.11
0.26,1.48,-0.07
0.24,1.48,-0.03
0.24,1.46,0.0
0.22,1.46,0.03
0.19,1.46,0.05
0.17,1.46,0.07
0.16,1.46,0.09
0.14,1.46,0.11
0.12,1.46,0.12
0.1,1.46,0.14
0.09,1.46,0.15
0.07,1.46,0.17
0.05,1.46,0.19
0.03,1.46,0.21
-0.0,1.46,0.23
-0.03,1.46,0.25
-0.07,1.46,0.26
-0.11,1.46,0.27
-0.16,1.46,0.27
-0.2,1.46,0.26
-0.24,1.46,0.24
-0.28,1.46,0.21
-0.31,1.46,0.18
-0.33,1.46,0.14
-0.34,1.46,0.09
-0.34,1.46,0.04
-0.34,1.46,-0.0
-0.32,1.46,-0.04
-0.3,1.46,-0.08
-0.28,1.46,-0.12
-0.26,1.46,-0.15
-0.24,1.46,-0.18
-0.22,1.46,-0.22
-0.19,1.46,-0.25
-0.17,1.46,-0.29
-0.13,1.46,-0.32
-0.09,1.46,-0.35
-0.05,1.46,-0.37
0.0,1.46,-0.38
0.05,1.46,-0.38
0.1,1.46,-0.37
0.15,1.46,-0.35
0.19,1.46,-0.32
0.22,1.46,-0.29
0.25,1.46,-0.24
0.26,1.46,-0.2
0.27,1.46,-0.16
0.27,1.46,-0.11
0.27,1.46,-0.07
0.25,1.46,-0.03
0.25,1.44,-0.0
0.23,1.44,0.03
0.2,1.44,0.05
0.18,1.44,0.08
0.16,1.44,0.09
0.15,1.44,0.11
0.13,1.44,0.13
0.11,1.44,0.15
0.09,1.44,0.16
0.07,1.44,0.18
0.05,1.44,0.2
0.03,1.44,0.22
-0.0,1.44,0.25
-0.04,1.44,0.27
-0.08,1.44,0.28
-0.12,1.44,0.29
-0.16,1.44,0.28
-0.21,1.44,0.27
-0.25,1.44,0.25
-0.29,1.44,0.22
-0.32,1.44,0.18
-0.34,1.44,0.14
-0.36,1.44,0.09
-0.36,1.44,0.05
-0.35,1.44,-0.0
-0.33,1.44,-0.04
-0.31,1.44,-0.08
-0.29,1.44,-0.12
-0.27,1.44,-0.16
-0.24,1.44,-0.19
-0.22,1.44,-0.22
-0.2,1.44,-0.26
-0.17,1.44,-0.3
-0.14,1.44,-0.33
-0.09,1.44,-0.36
-0.05,1.44,-0.38
0.0,1.44,-0.39
0.05,1.44,-0.39
0.1,1.44,-0.38
0.15,1.44,-0.36
0.19,1.44,-0.33
0.23,1.44,-0.29
0.25,1.44,-0.25
0.27,1.44,-0.21
0.28,1.44,-0.16
0.28,1.44,-0.12
0.28,1.44,-0.07
0.26,1.44,-0.03
0.25,1.42,-0.0
0.23,1.42,0.03
0.21,1.42,0.06
0.19,1.42,0.08
0.17,1.42,0.1
0.15,1.42,0.12
0.14,1.42,0.14
0.12,1.42,0.15
0.1,1.42,0.17
0.08,1.42,0.19
0.06,1.42,0.21
0.03,1.42,0.24
-0.0,1.42,0.26
-0.04,1.42,0.28
-0.08,1.42,0.29
-0.12,1.42,0.3
-0.17,1.42,0.29
-0.22,1.42,0.28
-0.26,1.42,0.26
-0.3,1.42,0.23
-0.33,1.42,0.19
-0.35,1.42,0.15
-0.37,1.42,0.1
-0.37,1.42,0.05
-0.36,1.42,-0.0
-0.35,1.42,-0.05
-0.32,1.42,-0.09
-0.3,1.42,-0.12
-0.28,1.42,-0.16
-0.25,1.42,-0.19
-0.23,1.42,-0.23
-0.2,1.42,-0.27
-0.17,1.42,-0.3
-0.14,1.42,-0.34
-0.1,1.42,-0.36
-0.05,1.42,-0.38
0.0,1.42,-0.39
0.05,1.42,-0.39
0.1,1.42,-0.38
0.15,1.42,-0.36
0.19,1.42,-0.33
0.23,1.42,-0.3
0.26,1.42,-0.26
0.28,1.42,-0.21
0.29,1.42,-0.16
0.29,1.42,-0.12
0.28,1.42,-0.07
0.27,1.42,-0.03
0.26,1.39,-0.0
0.24,1.39,0.03
0.22,1.39,0.06
0.2,1.39,0.08
0.18,1.39,0.1
0.16,1.39,0.12
0.14,1.39,0.14
0.12,1.39,0.16
0.1,1.39,0.18
0.08,1.39,0.2
0.06,1.39,0.22
0.03,1.39,0.25
-0.0,1.39,0.27
-0.04,1.39,0.29
-0.08,1.39,0.3
-0.13,1.39,0.31
-0.18,1.39,0.3
-0.22,1.39,0.29
-0.27,1.39,0.27
-0.31,1.39,0.23
-0.34,1.39,0.19
-0.36,1.39,0.15
-0.38,1.39,0.1
-0.38,1.39,0.05
-0.37,1.39,-0.0
-0.36,1.39,-0.05
-0.33,1.39,-0.09
-0.31,1.39,-0.13
-0.28,1.39,-0.16
-0.26,1.39,-0.2
-0.23,1.39,-0.23
-0.21,1.39,-0.27
-0.18,1.39,-0.31
-0.14,1.39,-0.34
-0.1,1.39,-0.37
-0.05,1.39,-0.39
0.0,1.39,-0.4
0.05,1.39,-0.4
0.11,1.39,-0.39
0.15,1.39,-0.37
0.2,1.39,-0.34
0.23,1.39,-0.3
0.26,1.39,-0.26
0.28,1.39,-0.21
0.29,1.39,-0.17
0.29,1.39,-0.12
0.29,1.39,-0.08
0.28,1.39,-0.04
0.26,1.37,-0.0
0.24,1.37,0.03
0.22,1.37,0.06
0.2,1.37,0.08
0.18,1.37,0.1
0.16,1.37,0.12
0.14,1.37,0.14
0.13,1.37,0.16
0.11,1.37,0.18
0.09,1.37,0.21
0.06,1.37,0.23
0.03,1.37,0.26
-0.0,1.37,0.28
-0.04,1.37,0.3
-0.08,1.37,0.31
-0.13,1.37,0.32
-0.18,1.37,0.31
-0.23,1.37,0.3
-0.27,1.37,0.27
-0.31,1.37,0.24
-0.35,1.37,0.2
-0.37,1.37,0.15
-0.38,1.37,0.1
-0.39,1.37,0.05
-0.38,1.37,-0.0
-0.37,1.37,-0.05
-0.34,1.37,-0.09
-0.31,1.37,-0.13
-0.29,1.37,-0.17
-0.26,1.37,-0.2
-0.24,1.37,-0.24
-0.21,1.37,-0.27
-0.18,1.37,-0.31
-0.14,1.37,-0.34
-0.1,1.37,-0.37
-0.05,1.37,-0.39
0.0,1.37,-0.4
0.05,1.37,-0.4
0.11,1.37,-0.39
0.15,1.37,-0.37
0.2,1.37,-0.34
0.23,1.37,-0.3
0.26,1.37,-0.26
0.28,1.37,-0.22
0.29,1.37,-0.17
0.3,1.37,-0.12
0.29,1.37,-0.08
0.28,1.37,-0.04
0.27,1.35,-0.0
0.24,1.35,0.03
0.22,1.35,0.06
0.2,1.35,0.08
0.18,1.35,0.11
0.16,1.35,0.13
0.15,1.35,0.15
0.13,1.35,0.17
0.11,1.35,0.19
0.09,1.35,0.21
0.06,1.35,0.24
0.03,1.35,0.27
-0.0,1.35,0.29
-0.04,1.35,0.31
-0.09,1.35,0.32
-0.13,1.35,0.32
-0.18,1.35,0.32
-0.23,1.35,0.3
-0.28,1.35,0.28
-0.32,1.35,0.24
-0.35,1.35,0.2
-0.38,1.35,0.15
-0.39,1.35,0.1
-0.39,1.35,0.05
-0.39,1.35,-0.0
-0.37,1.35,-0.05
-0.35,1.35,-0.09
-0.32,1.35,-0.13
-0.29,1.35,-0.17
-0.26,1.35,-0.2
-0.24,1.35,-0.24
-0.21,1.35,-0.27
-0.18,1.35,-0.31
-0.14,1.35,-0.35
-0.1,1.35,-0.37
-0.05,1.35,-0.39
0.0,1.35,-0.4
0.05,1.35,-0.4
0.11,1.35,-0.39
0.16,1.35,-0.37
0.2,1.35,-0.34
0.24,1.35,-0.3
0.26,1.35,-0.26
0.28,1.35,-0.22
0.3,1.35,-0.17
0.3,1.35,-0.12
0.29,1.35,-0.08
0.28,1.35,-0.04
0.27,1.33,-0.0
0.24,1.33,0.03
0.22,1.33,0.06
0.2,1.33,0.08
0.18,1.33,0.11
0.17,1.33,0.13
0.15,1.33,0.15
0.13,1.33,0.17
0.11,1.33,0.19
0.09,1.33,0.22
0.06,1.33,0.24
0.04,1.33,0.27
-0.0,1.33,0.29
-0.04,1.33,0.31
-0.09,1.33,0.32
-0.14,1.33,0.33
-0.19,1.33,0.32
-0.23,1.33,0.3
-0.28,1.33,0.28
-0.32,1.33,0.25
-0.35,1.33,0.2
-0.38,1.33,0.16
-0.39,1.33,0.1
-0.4,1.33,0.05
-0.39,1.33,-0.0
-0.38,1.33,-0.05
-0.35,1.33,-0.1
-0.32,1.33,-0.13
-0.29,1.33,-0.17
-0.27,1.33,-0.21
-0.24,1.33,-0.24
-0.21,1.33,-0.27
-0.18,1.33,-0.31
-0.14,1.33,-0.35
-0.1,1.33,-0.37
-0.05,1.33,-0.39
0.0,1.33,-0.4
0.05,1.33,-0.4
0.11,1.33,-0.39
0.16,1.33,-0.37
0.2,1.33,-0.34
0.24,1.33,-0.3
0.26,1.33,-0.26
0.28,1.33,-0.22
0.3,1.33,-0.17
0.3,1.33,-0.12
0.29,1.33,-0.08
0.28,1.33,-0.04
0.26,1.31,-0.0
0.24,1.31,0.03
0.22,1.31,0.06
0.2,1.31,0.08
0.18,1.31,0.11
0.17,1.31,0.13
0.15,1.31,0.15
0.13,1.31,0.17
0.11,1.31,0.19
0.09,1.31,0.22
0.07,1.31,0.25
0.04,1.31,0.27
-0.0,1.31,0.3
-0.04,1.31,0.31
-0.09,1.31,0.33
-0.14,1.31,0.33
-0.19,1.31,0.32
-0.24,1.31,0.31
-0.28,1.31,0.28
-0.32,1.31,0.25
-0.36,1.31,0.21
-0.38,1.31,0.16
-0.4,1.31,0.11
-0.4,1.31,0.05
-0.39,1.31,-0.0
-0.38,1.31,-0.05
-0.35,1.31,-0.1
-0.32,1.31,-0.14
-0.29,1.31,-0.17
-0.27,1.31,-0.21
-0.24,1.31,-0.24
-0.21,1.31,-0.27
-0.18,1.31,-0.31
-0.14,1.31,-0.34
-0.1,1.31,-0.37
-0.05,1.31,-0.39
0.0,1.31,-0.4
0.05,1.31,-0.4
0.11,1.31,-0.39
0.15,1.31,-0.37
0.2,1.31,-0.34
0.24,1.31,-0.3
0.26,1.31,-0.26
0.28,1.31,-0.22
0.29,1.31,-0.17
0.3,1.31,-0.12
0.29,1.31,-0.08
0.28,1.31,-0.04
0.28,1.29,0.0
0.28,1.29,0.04
0.22,1.29,0.06
0.2,1.29,0.08
0.18,1.29,0.11
0.17,1.29,0.13
0.15,1.29,0.15
0.13,1.29,0.17
0.11,1.29,0.19
0.09,1.29,0.22
0.07,1.29,0.25
0.04,1.29,0.27
-0.0,1.29,0.3
-0.04,1.29,0.32
-0.09,1.29,0.33
-0.14,1.29,0.33
-0.19,1.29,0.32
-0.24,1.29,0.31
-0.28,1.29,0.28
-0.36,1.29,0.27
-0.38,1.29,0.22
-0.38,1.29,0.16
-0.4,1.29,0.11
-0.4,1.29,0.05
-0.4,1.29,-0.0
-0.38,1.29,-0.05
-0.36,1.29,-0.1
-0.32,1.29,-0.14
-0.29,1.29,-0.17
-0.27,1.29,-0.21
-0.24,1.29,-0.24
-0.21,1.29,-0.27
-0.18,1.29,-0.31
-0.14,1.29,-0.34
-0.1,1.29,-0.37
-0.05,1.29,-0.39
0.0,1.29,-0.4
0.05,1.29,-0.4
0.11,1.29,-0.39
0.15,1.29,-0.37
0.2,1.29,-0.34
0.23,1.29,-0.3
0.26,1.29,-0.26
0.28,1.29,-0.21
0.29,1.29,-0.17
0.29,1.29,-0.12
0.29,1.29,-0.08
0.28,1.29,-0.04
0.3,1.27,0.0
0.32,1.27,0.04
0.32,1.27,0.09
0.2,1.27,0.08
0.18,1.27,0.1
0.16,1.27,0.13
0.15,1.27,0.15
0.13,1.27,0.17
0.11,1.27,0.19
0.09,1.27,0.22
0.07,1.27,0.25
0.04,1.27,0.27
-0.0,1.27,0.3
-0.04,1.27,0.32
-0.09,1.27,0.33
-0.14,1.27,0.33
-0.19,1.27,0.32
-0.24,1.27,0.31
-0.29,1.27,0.29
-0.37,1.27,0.28
-0.4,1.27,0.23
-0.38,1.27,0.16
-0.4,1.27,0.11
-0.4,1.27,0.05
-0.4,1.27,-0.0
-0.38,1.27,-0.05
-0.35,1.27,-0.1
-0.32,1.27,-0.14
-0.29,1.27,-0.17
-0.26,1.27,-0.2
-0.23,1.27,-0.24
-0.21,1.27,-0.27
-0.17,1.27,-0.3
-0.14,1.27,-0.34
-0.1,1.27,-0.36
-0.05,1.27,-0.38
0.0,1.27,-0.39
0.05,1.27,-0.39
0.1,1.27,-0.38
0.15,1.27,-0.36
0.19,1.27,-0.33
0.23,1.27,-0.3
0.26,1.27,-0.26
0.28,1.27,-0.21
0.29,1.27,-0.16
0.29,1.27,-0.12
0.28,1.27,-0.07
0.29,1.27,-0.04
0.31,1.25,0.0
0.34,1.25,0.04
0.35,1.25,0.09
0.34,1.25,0.14
0.18,1.25,0.1
0.16,1.25,0.12
0.14,1.25,0.14
0.13,1.25,0.17
0.11,1.25,0.19
0.09,1.25,0.22
0.07,1.25,0.24
0.04,1.25,0.27
-0.0,1.25,0.29
-0.04,1.25,0.31
-0.09,1.25,0.32
-0.14,1.25,0.33
-0.19,1.25,0.32
-0.24,1.25,0.31
-0.3,1.25,0.3
-0.37,1.25,0.28
-0.4,1.25,0.23
-0.38,1.25,0.16
-0.4,1.25,0.11
-0.4,1.25,0.05
-0.39,1.25,-0.0
-0.38,1.25,-0.05
-0.35,1.25,-0.1
-0.32,1.25,-0.13
-0.29,1.25,-0.17
-0.26,1.25,-0.2
-0.23,1.25,-0.23
-0.2,1.25,-0.26
-0.17,1.25,-0.3
-0.14,1.25,-0.33
-0.09,1.25,-0.36
-0.05,1.25,-0.38
0.0,1.25,-0.39
0.05,1.25,-0.39
0.1,1.25,-0.38
0.15,1.25,-0.36
0.19,1.25,-0.33
0.23,1.25,-0.29
0.25,1.25,-0.25
0.27,1.25,-0.21
0.28,1.25,-0.16
0.28,1.25,-0.12
0.28,1.25,-0.07
0.29,1.25,-0.04
0.32,1.23,0.0
0.35,1.23,0.05
0.37,1.23,0.1
0.36,1.23,0.15
0.17,1.23,0.1
0.16,1.23,0.12
0.14,1.23,0.14
0.12,1.23,0.16
0.11,1.23,0.19
0.09,1.23,0.21
0.06,1.23,0.24
0.03,1.23,0.27
-0.0,1.23,0.29
-0.04,1.23,0.31
-0.09,1.23,0.32
-0.13,1.23,0.32
-0.18,1.23,0.32
-0.23,1.23,0.3
-0.3,1.23,0.3
-0.37,1.23,0.28
-0.4,1.23,0.23
-0.38,1.23,0.16
-0.39,1.23,0.1
-0.4,1.23,0.05
-0.39,1.23,-0.0
-0.37,1.23,-0.05
-0.35,1.23,-0.09
-0.32,1.23,-0.13
-0.29,1.23,-0.17
-0.26,1.23,-0.2
-0.23,1.23,-0.23
-0.2,1.23,-0.26
-0.17,1.23,-0.29
-0.13,1.23,-0.32
-0.09,1.23,-0.35
-0.05,1.23,-0.37
0.0,1.23,-0.38
0.05,1.23,-0.38
0.1,1.23,-0.37
0.15,1.23,-0.35
0.19,1.23,-0.32
0.22,1.23,-0.29
0.25,1.23,-0.24
0.26,1.23,-0.2
0.27,1.23,-0.16
0.27,1.23,-0.11
0.27,1.23,-0.07
0.29,1.23,-0.04
0.31,1.21,0.0
0.35,1.21,0.05
0.38,1.21,0.1
0.38,1.21,0.16
0.3,1.21,0.18
0.15,1.21,0.12
0.14,1.21,0.14
0.13,1.21,0.17
0.11,1.21,0.19
0.09,1.21,0.21
0.06,1.21,0.23
0.04,1.21,0.27
-0.0,1.21,0.28
-0.04,1.21,0.3
-0.08,1.21,0.32
-0.13,1.21,0.32
-0.18,1.21,0.31
-0.23,1.21,0.3
-0.29,1.21,0.29
-0.36,1.21,0.27
-0.38,1.21,0.22
-0.37,1.21,0.15
-0.39,1.21,0.1
-0.39,1.21,0.05
-0.38,1.21,-0.0
-0.37,1.21,-0.05
-0.34,1.21,-0.09
-0.31,1.21,-0.13
-0.28,1.21,-0.16
-0.25,1.21,-0.19
-0.22,1.21,-0.22
-0.19,1.21,-0.25
-0.16,1.21,-0.28
-0.13,1.21,-0.31
-0.09,1.21,-0.34
-0.05,1.21,-0.36
0.0,1.21,-0.37
0.05,1.21,-0.37
0.1,1.21,-0.36
0.14,1.21,-0.34
0.18,1.21,-0.31
0.21,1.21,-0.28
0.24,1.21,-0.24
0.26,1.21,-0.19
0.26,1.21,-0.15
0.26,1.21,-0.11
0.26,1.21,-0.07
0.28,1.21,-0.04
0.3,1.19,0.0
0.34,1.19,0.05
0.38,1.19,0.1
0.4,1.19,0.17
0.3,1.19,0.18
0.17,1.19,0.13
0.16,1.19,0.16
0.14,1.19,0.18
0.12,1.19,0.21
0.09,1.19,0.23
0.07,1.19,0.25
0.04,1.19,0.27
-0.0,1.19,0.28
-0.04,1.19,0.3
-0.08,1.19,0.31
-0.13,1.19,0.31
-0.18,1.19,0.31
-0.23,1.19,0.29
-0.28,1.19,0.28
-0.33,1.19,0.25
-0.34,1.19,0.2
-0.37,1.19,0.15
-0.38,1.19,0.1
-0.38,1.19,0.05
-0.38,1.19,-0.0
-0.36,1.19,-0.05
-0.34,1.19,-0.09
-0.31,1.19,-0.13
-0.27,1.19,-0.16
-0.24,1.19,-0.19
-0.21,1.19,-0.22
-0.19,1.19,-0.24
-0.16,1.19,-0.27
-0.12,1.19,-0.3
-0.09,1.19,-0.33
-0.04,1.19,-0.35
0.0,1.19,-0.36
0.05,1.19,-0.36
0.09,1.19,-0.35
0.14,1.19,-0.33
0.18,1.19,-0.3
0.21,1.19,-0.27
0.23,1.19,-0.23
0.24,1.19,-0.19
0.25,1.19,-0.14
0.25,1.19,-0.1
0.24,1.19,-0.06
0.25,1.19,-0.03
0.21,1.17,0.0
0.32,1.17,0.04
0.39,1.17,0.1
0.42,1.17,0.17
0.38,1.17,0.22
0.18,1.17,0.14
0.16,1.17,0.16
0.15,1.17,0.19
0.13,1.17,0.22
0.1,1.17,0.24
0.07,1.17,0.26
0.04,1.17,0.27
-0.0,1.17,0.28
-0.04,1.17,0.29
-0.08,1.17,0.3
-0.13,1.17,0.3
-0.17,1.17,0.3
-0.22,1.17,0.29
-0.26,1.17,0.26
-0.3,1.17,0.23
-0.33,1.17,0.19
-0.36,1.17,0.15
-0.37,1.17,0.1
-0.38,1.17,0.05
-0.37,1.17,-0.0
-0.35,1.17,-0.05
-0.33,1.17,-0.09
-0.3,1.17,-0.12
-0.26,1.17,-0.15
-0.24,1.17,-0.18
-0.21,1.17,-0.21
-0.18,1.17,-0.23
-0.15,1.17,-0.27
-0.12,1.17,-0.3
-0.08,1.17,-0.32
-0.04,1.17,-0.33
0.0,1.17,-0.34
0.05,1.17,-0.34
0.09,1.17,-0.33
0.13,1.17,-0.31
0.17,1.17,-0.29
0.2,1.17,-0.25
0.22,1.17,-0.22
0.23,1.17,-0.18
0.24,1.17,-0.13
0.23,1.17,-0.1
0.23,1.17,-0.06
0.22,1.17,-0.03
0.22,1.15,-0.0
0.22,1.15,0.03
0.35,1.15,0.09
0.43,1.15,0.18
0.4,1.15,0.23
0.19,1.15,0.14
0.17,1.15,0.17
0.15,1.15,0.2
0.13,1.15,0.23
0.1,1.15,0.25
0.07,1.15,0.27
0.04,1.15,0.28
-0.0,1.15,0.29
-0.04,1.15,0.29
-0.08,1.15,0.29
-0.12,1.15,0.29
-0.17,1.15,0.29
-0.21,1.15,0.28
-0.26,1.15,0.26
-0.29,1.15,0.22
-0.33,1.15,0.19
-0.35,1.15,0.14
-0.36,1.15,0.1
-0.36,1.15,0.05
-0.36,1.15,-0.0
-0.34,1.15,-0.05
-0.32,1.15,-0.09
-0.29,1.15,-0.12
-0.25,1.15,-0.15
-0.22,1.15,-0.17
-0.2,1.15,-0.21
-0.18,1.15,-0.24
-0.16,1.15,-0.28
-0.13,1.15,-0.31
-0.09,1.15,-0.33
-0.04,1.15,-0.34
0.0,1.15,-0.35
0.05,1.15,-0.35
0.09,1.15,-0.33
0.13,1.15,-0.32
0.17,1.15,-0.29
0.2,1.15,-0.26
0.22,1.15,-0.22
0.24,1.15,-0.18
0.24,1.15,-0.14
0.24,1.15,-0.1
0.24,1.15,-0.06
0.23,1.15,-0.03
0.23,1.13,-0.0
0.22,1.13,0.03
0.22,1.13,0.06
0.43,1.13,0.18
0.4,1.13,0.23
0.19,1.13,0.15
0.18,1.13,0.18
0.16,1.13,0.21
0.13,1.13,0.23
0.11,1.13,0.26
0.07,1.13,0.28
0.04,1.13,0.29
-0.0,1.13,0.3
-0.04,1.13,0.3
-0.08,1.13,0.3
-0.12,1.13,0.29
-0.16,1.13,0.28
-0.2,1.13,0.27
-0.25,1.13,0.25
-0.28,1.13,0.22
-0.31,1.13,0.18
-0.34,1.13,0.14
-0.35,1.13,0.09
-0.35,1.13,0.05
-0.34,1.13,-0.0
-0.33,1.13,-0.04
-0.3,1.13,-0.08
-0.27,1.13,-0.11
-0.24,1.13,-0.14
-0.22,1.13,-0.17
-0.21,1.13,-0.21
-0.19,1.13,-0.25
-0.16,1.13,-0.28
-0.13,1.13,-0.31
-0.09,1.13,-0.34
-0.04,1.13,-0.35
0.0,1.13,-0.36
0.05,1.13,-0.35
0.09,1.13,-0.34
0.14,1.13,-0.32
0.17,1.13,-0.3
0.2,1.13,-0.26
0.23,1.13,-0.22
0.24,1.13,-0.18
0.25,1.13,-0.14
0.25,1.13,-0.1
0.25,1.13,-0.06
0.24,1.13,-0.03
0.24,1.11,-0.0
0.23,1.11,0.03
0.22,1.11,0.06
0.42,1.11,0.18
0.39,1.11,0.23
0.2,1.11,0.15
0.18,1.11,0.18
0.16,1.11,0.21
0.14,1.11,0.24
0.11,1.11,0.26
0.08,1.11,0.28
0.04,1.11,0.3
-0.0,1.11,0.3
-0.04,1.11,0.31
-0.08,1.11,0.3
-0.12,1.11,0.29
-0.16,1.11,0.27
-0.19,1.11,0.25
-0.23,1.11,0.23
-0.27,1.11,0.21
-0.3,1.11,0.17
-0.32,1.11,0.13
-0.33,1.11,0.09
-0.33,1.11,0.04
-0.33,1.11,-0.0
-0.31,1.11,-0.04
-0.28,1.11,-0.08
-0.25,1.11,-0.11
-0.24,1.11,-0.14
-0.23,1.11,-0.18
-0.22,1.11,-0.22
-0.19,1.11,-0.25
-0.17,1.11,-0.29
-0.13,1.11,-0.32
-0.09,1.11,-0.34
-0.05,1.11,-0.36
0.0,1.11,-0.36
0.05,1.11,-0.36
0.09,1.11,-0.35
0.14,1.11,-0.33
0.18,1.11,-0.3
0.21,1.11,-0.27
0.23,1.11,-0.23
0.25,1.11,-0.19
0.26,1.11,-0.15
0.26,1.11,-0.11
0.25,1.11,-0.07
0.24,1.11,-0.03
0.24,1.09,-0.0
0.23,1.09,0.03
0.23,1.09,0.06
0.22,1.09,0.09
0.21,1.09,0.12
0.2,1.09,0.15
0.18,1.09,0.18
0.16,1.09,0.21
0.14,1.09,0.24
0.11,1.09,0.27
0.08,1.09,0.29
0.04,1.09,0.3
-0.0,1.09,0.31
-0.04,1.09,0.31
-0.08,1.09,0.31
-0.12,1.09,0.29
-0.16,1.09,0.28
-0.19,1.09,0.25
-0.22,1.09,0.22
-0.25,1.09,0.19
-0.28,1.09,0.16
-0.3,1.09,0.12
-0.31,1.09,0.08
-0.31,1.09,0.04
-0.31,1.09,-0.0
-0.29,1.09,-0.04
-0.26,1.09,-0.07
-0.25,1.09,-0.11
-0.24,1.09,-0.14
-0.23,1.09,-0.18
-0.22,1.09,-0.22
-0.2,1.09,-0.26
-0.17,1.09,-0.29
-0.13,1.09,-0.32
-0.09,1.09,-0.35
-0.05,1.09,-0.36
0.0,1.09,-0.37
0.05,1.09,-0.37
0.1,1.09,-0.35
0.14,1.09,-0.33
0.18,1.09,-0.31
0.21,1.09,-0.27
0.23,1.09,-0.23
0.25,1.09,-0.19
0.26,1.09,-0.15
0.26,1.09,-0.11
0.26,1.09,-0.07
0.25,1.09,-0.03
0.24,1.07,-0.0
0.24,1.07,0.03
0.23,1.07,0.06
0.22,1.07,0.09
0.21,1.07,0.12
0.2,1.07,0.16
0.19,1.07,0.19
0.17,1.07,0.22
0.14,1.07,0.24
0.11,1.07,0.27
0.08,1.07,0.29
0.04,1.07,0.3
-0.0,1.07,0.31
-0.04,1.07,0.31
-0.08,1.07,0.31
-0.12,1.07,0.3
-0.16,1.07,0.28
-0.2,1.07,0.25
-0.23,1.07,0.23
-0.25,1.07,0.19
-0.27,1.07,0.16
-0.28,1.07,0.12
-0.29,1.07,0.08
-0.29,1.07,0.04
-0.28,1.07,-0.0
-0.27,1.07,-0.04
-0.26,1.07,-0.07
-0.26,1.07,-0.11
-0.25,1.07,-0.14
-0.24,1.07,-0.18
-0.22,1.07,-0.22
-0.2,1.07,-0.26
-0.17,1.07,-0.3
-0.13,1.07,-0.33
-0.09,1.07,-0.35
-0.05,1.07,-0.36
0.0,1.07,-0.37
0.05,1.07,-0.37
0.1,1.07,-0.36
0.14,1.07,-0.34
0.18,1.07,-0.31
0.21,1.07,-0.27
0.24,1.07,-0.23
0.25,1.07,-0.19
0.26,1.07,-0.15
0.27,1.07,-0.11
0.26,1.07,-0.07
0.25,1.07,-0.03
0.25,1.05,-0.0
0.24,1.05,0.03
0.23,1.05,0.06
0.22,1.05,0.09
0.21,1.05,0.12
0.2,1.05,0.16
0.19,1.05,0.19
0.17,1.05,0.22
0.14,1.05,0.24
0.11,1.05,0.27
0.08,1.05,0.29
0.04,1.05,0.3
-0.0,1.05,0.31
-0.04,1.05,0.31
-0.08,1.05,0.31
-0.12,1.05,0.3
-0.16,1.05,0.28
-0.2,1.05,0.26
-0.23,1.05,0.23
-0.25,1.05,0.19
-0.27,1.05,0.16
-0.28,1.05,0.12
-0.29,1.05,0.08
-0.29,1.05,0.04
-0.28,1.05,-0.0
-0.27,1.05,-0.04
-0.27,1.05,-0.07
-0.26,1.05,-0.11
-0.25,1.05,-0.14
-0.24,1.05,-0.18
-0.22,1.05,-0.22
-0.2,1.05,-0.26
-0.17,1.05,-0.3
-0.13,1.05,-0.33
-0.09,1.05,-0.35
-0.05,1.05,-0.37
0.0,1.05,-0.37
0.05,1.05,-0.37
0.1,1.05,-0.36
0.14,1.05,-0.34
0.18,1.05,-0.31
0.21,1.05,-0.27
0.24,1.05,-0.24
0.25,1.05,-0.19
0.26,1.05,-0.15
0.27,1.05,-0.11
0.26,1.05,-0.07
0.25,1.05,-0.03
0.24,1.03,0.0
0.24,1.03,0.03
0.23,1.03,0.06
0.22,1.03,0.09
0.21,1.03,0.12
0.2,1.03,0.15
0.19,1.03,0.19
0.17,1.03,0.22
0.14,1.03,0.24
0.11,1.03,0.27
0.08,1.03,0.29
0.04,1.03,0.3
-0.0,1.03,0.31
-0.04,1.03,0.31
-0.08,1.03,0.31
-0.12,1.03,0.3
-0.16,1.03,0.28
-0.2,1.03,0.25
-0.23,1.03,0.23
-0.25,1.03,0.19
-0.27,1.03,0.16
-0.28,1.03,0.12
-0.29,1.03,0.08
-0.29,1.03,0.04
-0.28,1.03,-0.0
-0.27,1.03,-0.04
-0.26,1.03,-0.07
-0.26,1.03,-0.11
-0.25,1.03,-0.14
-0.24,1.03,-0.18
-0.22,1.03,-0.22
-0.2,1.03,-0.26
-0.17,1.03,-0.3
-0.13,1.03,-0.33
-0.09,1.03,-0.35
-0.05,1.03,-0.37
0.0,1.03,-0.37
0.05,1.03,-0.37
0.1,1.03,-0.36
0.14,1.03,-0.34
0.18,1.03,-0.31
0.21,1.03,-0.27
0.24,1.03,-0.24
0.25,1.03,-0.19
0.26,1.03,-0.15
0.27,1.03,-0.11
0.26,1.03,-0.07
0.25,1.03,-0.03
0.24,1.0,-0.0
0.23,1.0,0.03
0.23,1.0,0.06
0.22,1.0,0.09
0.21,1.0,0.12
0.2,1.0,0.15
0.18,1.0,0.18
0.16,1.0,0.21
0.14,1.0,0.24
0.11,1.0,0.27
0.08,1.0,0.28
0.04,1.0,0.3
-0.0,1.0,0.31
-0.04,1.0,0.31
-0.08,1.0,0.31
-0.12,1.0,0.29
-0.16,1.0,0.28
-0.19,1.0,0.25
-0.22,1.0,0.22
-0.25,1.0,0.19
-0.27,1.0,0.15
-0.28,1.0,0.12
-0.29,1.0,0.08
-0.29,1.0,0.04
-0.28,1.0,-0.0
-0.27,1.0,-0.04
-0.26,1.0,-0.07
-0.25,1.0,-0.11
-0.24,1.0,-0.14
-0.23,1.0,-0.18
-0.22,1.0,-0.22
-0.2,1.0,-0.26
-0.17,1.0,-0.29
-0.13,1.0,-0.32
-0.09,1.0,-0.35
-0.05,1.0,-0.36
0.0,1.0,-0.37
0.05,1.0,-0.37
0.1,1.0,-0.35
0.14,1.0,-0.33
0.18,1.0,-0.31
0.21,1.0,-0.27
0.24,1.0,-0.23
0.25,1.0,-0.19
0.26,1.0,-0.15
0.26,1.0,-0.11
0.26,1.0,-0.07
0.25,1.0,-0.03
0.24,0.98,0.0
0.23,0.98,0.03
0.22,0.98,0.06
0.21,0.98,0.09
0.21,0.98,0.12
0.2,0.98,0.15
0.18,0.98,0.18
0.16,0.98,0.21
0.14,0.98,0.24
0.11,0.98,0.26
0.07,0.98,0.28
0.04,0.98,0.29
-0.0,0.98,0.3
-0.04,0.98,0.31
-0.08,0.98,0.3
-0.12,0.98,0.29
-0.16,0.98,0.27
-0.19,0.98,0.25
-0.22,0.98,0.22
-0.25,0.98,0.19
-0.26,0.98,0.15
-0.28,0.98,0.11
-0.28,0.98,0.07
-0.28,0.98,0.04
-0.28,0.98,-0.0
-0.27,0.98,-0.04
-0.26,0.98,-0.07
-0.25,0.98,-0.1
-0.24,0.98,-0.14
-0.23,0.98,-0.18
-0.22,0.98,-0.22
-0.2,0.98,-0.26
-0.17,0.98,-0.29
-0.13,0.98,-0.32
-0.09,0.98,-0.34
-0.05,0.98,-0.36
0.0,0.98,-0.37
0.05,0.98,-0.36
0.1,0.98,-0.35
0.14,0.98,-0.33
0.18,0.98,-0.3
0.21,0.98,-0.27
0.23,0.98,-0.23
0.25,0.98,-0.19
0.26,0.98,-0.15
0.26,0.98,-0.11
0.26,0.98,-0.07
0.25,0.98,-0.03
0.23,0.96,-0.0
0.22,0.96,0.03
0.22,0.96,0.06
0.21,0.96,0.09
0.2,0.96,0.12
0.19,0.96,0.15
0.18,0.96,0.18
0.16,0.96,0.21
0.13,0.96,0.23
0.1,0.96,0.25
0.07,0.96,0.27
0.04,0.96,0.29
-0.0,0.96,0.3
-0.04,0.96,0.3
-0.08,0.96,0.3
-0.12,0.96,0.28
-0.15,0.96,0.27
-0.19,0.96,0.24
-0.22,0.96,0.22
-0.24,0.96,0.18
-0.26,0.96,0.15
-0.27,0.96,0.11
-0.28,0.96,0.07
-0.26,0.96,0.03
-0.27,0.96,-0.0
-0.26,0.96,-0.04
-0.26,0.96,-0.07
-0.25,0.96,-0.1
-0.23,0.96,-0.13
-0.23,0.96,-0.17
-0.21,0.96,-0.21
-0.19,0.96,-0.25
-0.16,0.96,-0.29
-0.13,0.96,-0.32
-0.09,0.96,-0.34
-0.05,0.96,-0.35
0.0,0.96,-0.36
0.05,0.96,-0.36
0.09,0.96,-0.35
0.14,0.96,-0.33
0.17,0.96,-0.3
0.2,0.96,-0.26
0.23,0.96,-0.23
0.24,0.96,-0.19
0.25,0.96,-0.14
0.25,0.96,-0.1
0.26,0.96,-0.07
0.24,0.96,-0.03
0.22,0.94,-0.0
0.22,0.94,0.03
0.21,0.94,0.06
0.2,0.94,0.08
0.19,0.94,0.11
0.18,0.94,0.14
0.17,0.94,0.17
0.15,0.94,0.2
0.13,0.94,0.23
0.1,0.94,0.25
0.07,0.94,0.27
0.04,0.94,0.28
-0.0,0.94,0.29
-0.04,0.94,0.29
-0.08,0.94,0.29
-0.12,0.94,0.28
-0.15,0.94,0.26
-0.18,0.94,0.24
-0.21,0.94,0.21
-0.23,0.94,0.18
-0.25,0.94,0.14
-0.26,0.94,0.11
-0.27,0.94,0.07
-0.27,0.94,0.03
-0.26,0.94,-0.0
-0.25,0.94,-0.03
-0.24,0.94,-0.07
-0.24,0.94,-0.1
-0.23,0.94,-0.13
-0.22,0.94,-0.17
-0.21,0.94,-0.21
-0.19,0.94,-0.25
-0.16,0.94,-0.29
-0.13,0.94,-0.31
-0.08,0.94,-0.32
-0.04,0.94,-0.35
0.0,0.94,-0.35
0.05,0.94,-0.35
0.09,0.94,-0.34
0.13,0.94,-0.32
0.17,0.94,-0.29
0.2,0.94,-0.26
0.22,0.94,-0.22
0.24,0.94,-0.18
0.25,0.94,-0.14
0.25,0.94,-0.1
0.24,0.94,-0.06
0.23,0.94,-0.03
0.21,0.92,0.0
0.21,0.92,0.03
0.2,0.92,0.05
0.19,0.92,0.08
0.18,0.92,0.11
0.18,0.92,0.14
0.17,0.92,0.17
0.15,0.92,0.2
0.13,0.92,0.23
0.11,0.92,0.26
0.07,0.92,0.28
0.04,0.92,0.29
-0.0,0.92,0.3
-0.04,0.92,0.29
-0.08,0.92,0.29
-0.11,0.92,0.27
-0.15,0.92,0.25
-0.18,0.92,0.23
-0.2,0.92,0.2
-0.23,0.92,0.17
-0.24,0.92,0.14
-0.25,0.92,0.1
-0.26,0.92,0.07
-0.26,0.92,0.03
-0.25,0.92,-0.0
-0.24,0.92,-0.03
-0.23,0.92,-0.06
-0.23,0.92,-0.09
-0.22,0.92,-0.13
-0.21,0.92,-0.16
-0.2,0.92,-0.2
-0.18,0.92,-0.24
-0.16,0.92,-0.27
-0.12,0.92,-0.3
-0.09,0.92,-0.32
-0.04,0.92,-0.34
0.0,0.92,-0.34
0.05,0.92,-0.34
0.09,0.92,-0.33
0.13,0.92,-0.32
0.17,0.92,-0.29
0.2,0.92,-0.26
0.22,0.92,-0.22
0.23,0.92,-0.18
0.24,0.92,-0.14
0.24,0.92,-0.1
0.23,0.92,-0.06
0.22,0.92,-0.03
0.2,0.9,0.0
0.19,0.9,0.03
0.19,0.9,0.05
0.18,0.9,0.08
0.19,0.9,0.11
0.18,0.9,0.14
0.17,0.9,0.17
0.16,0.9,0.2
0.13,0.9,0.23
0.11,0.9,0.26
0.08,0.9,0.28
0.04,0.9,0.3
-0.0,0.9,0.3
-0.04,0.9,0.3
-0.08,0.9,0.29
-0.11,0.9,0.27
-0.15,0.9,0.25
-0.17,0.9,0.22
-0.19,0.9,0.19
-0.22,0.9,0.16
-0.23,0.9,0.13
-0.24,0.9,0.1
-0.24,0.9,0.07
-0.24,0.9,0.03
-0.24,0.9,-0.0
-0.23,0.9,-0.03
-0.22,0.9,-0.06
-0.22,0.9,-0.09
-0.21,0.9,-0.12
-0.2,0.9,-0.15
-0.19,0.9,-0.19
-0.17,0.9,-0.23
-0.15,0.9,-0.26
-0.12,0.9,-0.29
-0.08,0.9,-0.31
-0.04,0.9,-0.33
0.0,0.9,-0.34
0.05,0.9,-0.35
0.09,0.9,-0.34
0.13,0.9,-0.32
0.17,0.9,-0.3
0.2,0.9,-0.26
0.22,0.9,-0.22
0.23,0.9,-0.18
0.24,0.9,-0.14
0.23,0.9,-0.09
0.22,0.9,-0.06
0.21,0.9,-0.03
0.19,0.88,0.0
0.18,0.88,0.02
0.18,0.88,0.05
0.18,0.88,0.08
0.19,0.88,0.11
0.18,0.88,0.14
0.17,0.88,0.17
0.16,0.88,0.21
0.14,0.88,0.24
0.11,0.88,0.27
0.08,0.88,0.29
0.04,0.88,0.3
-0.0,0.88,0.31
-0.04,0.88,0.31
-0.08,0.88,0.3
-0.12,0.88,0.28
-0.15,0.88,0.25
-0.17,0.88,0.22
-0.19,0.88,0.19
-0.21,0.88,0.16
-0.22,0.88,0.12
-0.23,0.88,0.09
-0.23,0.88,0.06
-0.23,0.88,0.03
-0.22,0.88,-0.0
-0.21,0.88,-0.03
-0.21,0.88,-0.06
-0.2,0.88,-0.08
-0.2,0.88,-0.11
-0.19,0.88,-0.14
-0.18,0.88,-0.18
-0.16,0.88,-0.21
-0.14,0.88,-0.25
-0.11,0.88,-0.28
-0.08,0.88,-0.31
-0.04,0.88,-0.33
0.0,0.88,-0.35
0.05,0.88,-0.35
0.09,0.88,-0.34
0.14,0.88,-0.33
0.17,0.88,-0.3
0.2,0.88,-0.26
0.23,0.88,-0.22
0.24,0.88,-0.18
0.24,0.88,-0.14
0.23,0.88,-0.09
0.22,0.88,-0.06
0.2,0.88,-0.03
0.17,0.86,-0.0
0.17,0.86,0.02
0.18,0.86,0.05
0.18,0.86,0.08
0.19,0.86,0.11
0.18,0.86,0.14
0.18,0.86,0.18
0.16,0.86,0.21
0.14,0.86,0.24
0.11,0.86,0.27
0.08,0.86,0.29
0.04,0.86,0.31
-0.0,0.86,0.31
-0.04,0.86,0.31
-0.08,0.86,0.3
-0.12,0.86,0.28
-0.15,0.86,0.26
-0.18,0.86,0.23
-0.19,0.86,0.19
-0.21,0.86,0.16
-0.21,0.86,0.12
-0.21,0.86,0.09
-0.21,0.86,0.06
-0.21,0.86,0.03
-0.2,0.86,-0.0
-0.2,0.86,-0.03
-0.19,0.86,-0.05
-0.18,0.86,-0.08
-0.18,0.86,-0.1
-0.17,0.86,-0.13
-0.16,0.86,-0.17
-0.15,0.86,-0.2
-0.14,0.86,-0.24
-0.11,0.86,-0.28
-0.08,0.86,-0.31
-0.04,0.86,-0.34
0.0,0.86,-0.35
0.05,0.86,-0.36
0.1,0.86,-0.35
0.14,0.86,-0.33
0.18,0.86,-0.3
0.21,0.86,-0.27
0.23,0.86,-0.23
0.24,0.86,-0.18
0.24,0.86,-0.14
0.23,0.86,-0.1
0.22,0.86,-0.06
0.2,0.86,-0.03
0.17,0.84,0.0
0.17,0.84,0.02
0.18,0.84,0.05
0.18,0.84,0.08
0.19,0.84,0.11
0.19,0.84,0.14
0.18,0.84,0.18
0.16,0.84,0.21
0.14,0.84,0.25
0.11,0.84,0.27
0.08,0.84,0.3
0.04,0.84,0.31
-0.0,0.84,0.32
-0.04,0.84,0.32
-0.08,0.84,0.31
-0.12,0.84,0.29
-0.15,0.84,0.26
-0.18,0.84,0.23
-0.2,0.84,0.2
-0.21,0.84,0.16
-0.21,0.84,0.12
-0.21,0.84,0.09
-0.21,0.84,0.05
-0.2,0.84,0.03
-0.18,0.84,-0.0
-0.17,0.84,-0.02
-0.17,0.84,-0.05
-0.16,0.84,-0.07
-0.16,0.84,-0.09
-0.16,0.84,-0.12
-0.16,0.84,-0.16
-0.15,0.84,-0.2
-0.14,0.84,-0.24
-0.12,0.84,-0.28
-0.08,0.84,-0.31
-0.04,0.84,-0.34
0.0,0.84,-0.36
0.05,0.84,-0.36
0.1,0.84,-0.36
0.14,0.84,-0.34
0.18,0.84,-0.31
0.21,0.84,-0.27
0.23,0.84,-0.23
0.24,0.84,-0.18
0.24,0.84,-0.14
0.23,0.84,-0.09
0.22,0.84,-0.06
0.19,0.84,-0.02
0.17,0.82,0.0
0.16,0.82,0.02
0.18,0.82,0.05
0.18,0.82,0.08
0.19,0.82,0.11
0.19,0.82,0.14
0.18,0.82,0.18
0.17,0.82,0.22
0.14,0.82,0.25
0.12,0.82,0.28
0.08,0.82,0.3
0.04,0.82,0.32
-0.0,0.82,0.33
-0.04,0.82,0.32
-0.08,0.82,0.31
-0.12,0.82,0.29
-0.15,0.82,0.26
-0.18,0.82,0.23
-0.2,0.82,0.2
-0.21,0.82,0.16
-0.21,0.82,0.12
-0.21,0.82,0.09
-0.2,0.82,0.05
-0.19,0.82,0.02
-0.18,0.82,-0.0
-0.16,0.82,-0.02
-0.14,0.82,-0.04
-0.13,0.82,-0.06
-0.14,0.82,-0.08
-0.15,0.82,-0.12
-0.16,0.82,-0.16
-0.15,0.82,-0.2
-0.14,0.82,-0.24
-0.12,0.82,-0.28
-0.08,0.82,-0.32
-0.04,0.82,-0.35
0.0,0.82,-0.36
0.05,0.82,-0.37
0.1,0.82,-0.36
0.14,0.82,-0.34
0.18,0.82,-0.31
0.21,0.82,-0.28
0.23,0.82,-0.23
0.24,0.82,-0.18
0.24,0.82,-0.14
0.23,0.82,-0.09
0.21,0.82,-0.06
0.19,0.82,-0.02
0.16,0.8,-0.0
0.16,0.8,0.02
0.17,0.8,0.05
0.18,0.8,0.08
0.19,0.8,0.11
0.19,0.8,0.14
0.18,0.8,0.18
0.17,0.8,0.22
0.15,0.8,0.25
0.12,0.8,0.28
0.08,0.8,0.31
0.04,0.8,0.33
-0.0,0.8,0.33
-0.04,0.8,0.33
-0.09,0.8,0.32
-0.12,0.8,0.3
-0.16,0.8,0.27
-0.18,0.8,0.23
-0.2,0.8,0.2
-0.21,0.8,0.16
-0.21,0.8,0.12
-0.21,0.8,0.09
-0.2,0.8,0.05
-0.19,0.8,0.02
-0.17,0.8,-0.0
-0.16,0.8,-0.02
-0.14,0.8,-0.04
-0.12,0.8,-0.05
-0.14,0.8,-0.08
-0.15,0.8,-0.12
-0.16,0.8,-0.16
-0.15,0.8,-0.2
-0.14,0.8,-0.24
-0.12,0.8,-0.29
-0.08,0.8,-0.32
-0.04,0.8,-0.35
0.0,0.8,-0.37
0.05,0.8,-0.37
0.1,0.8,-0.37
0.15,0.8,-0.35
0.19,0.8,-0.32
0.22,0.8,-0.28
0.24,0.8,-0.23
0.25,0.8,-0.19
0.24,0.8,-0.14
0.23,0.8,-0.09
0.21,0.8,-0.06
0.19,0.8,-0.02
0.15,0.78,-0.0
0.16,0.78,0.02
0.17,0.78,0.05
0.18,0.78,0.08
0.19,0.78,0.11
0.19,0.78,0.14
0.18,0.78,0.18
0.17,0.78,0.22
0.15,0.78,0.26
0.12,0.78,0.29
0.08,0.78,0.31
0.04,0.78,0.33
-0.0,0.78,0.34
-0.04,0.78,0.34
-0.09,0.78,0.32
-0.13,0.78,0.3
-0.16,0.78,0.27
-0.18,0.78,0.24
-0.2,0.78,0.2
-0.21,0.78,0.16
-0.21,0.78,0.12
-0.21,0.78,0.09
-0.2,0.78,0.05
-0.18,0.78,0.02
-0.17,0.78,-0.0
-0.15,0.78,-0.02
-0.13,0.78,-0.04
-0.12,0.78,-0.05
-0.13,0.78,-0.08
-0.15,0.78,-0.11
-0.15,0.78,-0.15
-0.15,0.78,-0.2
-0.14,0.78,-0.24
-0.12,0.78,-0.29
-0.09,0.78,-0.32
-0.05,0.78,-0.35
0.0,0.78,-0.37
0.05,0.78,-0.38
0.1,0.78,-0.37
0.15,0.78,-0.35
0.19,0.78,-0.32
0.22,0.78,-0.28
0.24,0.78,-0.24
0.25,0.78,-0.19
0.24,0.78,-0.14
0.23,0.78,-0.09
0.21,0.78,-0.06
0.18,0.78,-0.02
0.15,0.76,-0.0
0.15,0.76,0.02
0.17,0.76,0.05
0.18,0.76,0.07
0.19,0.76,0.11
0.19,0.76,0.15
0.18,0.76,0.18
0.17,0.76,0.22
0.15,0.76,0.26
0.12,0.76,0.29
0.09,0.76,0.32
0.04,0.76,0.34
-0.0,0.76,0.34
-0.05,0.76,0.34
-0.09,0.76,0.33
-0.13,0.76,0.3
-0.16,0.76,0.27
-0.18,0.76,0.24
-0.2,0.76,0.2
-0.21,0.76,0.16
-0.21,0.76,0.12
-0.2,0.76,0.08
-0.19,0.76,0.05
-0.18,0.76,0.02
-0.16,0.76,-0.0
-0.14,0.76,-0.02
-0.13,0.76,-0.03
-0.11,0.76,-0.05
-0.13,0.76,-0.07
-0.14,0.76,-0.11
-0.15,0.76,-0.15
-0.15,0.76,-0.2
-0.14,0.76,-0.24
-0.12,0.76,-0.29
-0.09,0.76,-0.33
-0.05,0.76,-0.36
0.0,0.76,-0.38
0.05,0.76,-0.38
0.1,0.76,-0.38
0.15,0.76,-0.36
0.19,0.76,-0.33
0.22,0.76,-0.29
0.24,0.76,-0.24
0.25,0.76,-0.19
0.24,0.76,-0.14
0.23,0.76,-0.09
0.21,0.76,-0.05
0.18,0.76,-0.02
0.14,0.74,0.0
0.15,0.74,0.02
0.17,0.74,0.04
0.18,0.74,0.07
0.19,0.74,0.11
0.19,0.74,0.15
0.19,0.74,0.19
0.17,0.74,0.23
0.15,0.74,0.26
0.12,0.74,0.3
0.09,0.74,0.33
0.04,0.74,0.34
-0.0,0.74,0.35
-0.05,0.74,0.35
-0.09,0.74,0.33
-0.13,0.74,0.31
-0.16,0.74,0.28
-0.19,0.74,0.24
-0.2,0.74,0.2
-0.21,0.74,0.16
-0.21,0.74,0.12
-0.2,0.74,0.08
-0.19,0.74,0.05
-0.17,0.74,0.02
-0.16,0.74,-0.0
-0.14,0.74,-0.02
-0.12,0.74,-0.03
-0.1,0.74,-0.04
-0.12,0.74,-0.07
-0.14,0.74,-0.11
-0.15,0.74,-0.15
-0.15,0.74,-0.2
-0.14,0.74,-0.24
-0.12,0.74,-0.29
-0.09,0.74,-0.33
-0.05,0.74,-0.36
0.0,0.74,-0.38
0.05,0.74,-0.39
0.1,0.74,-0.38
0.15,0.74,-0.36
0.19,0.74,-0.33
0.22,0.74,-0.29
0.24,0.74,-0.24
0.25,0.74,-0.19
0.25,0.74,-0.14
0.23,0.74,-0.09
0.2,0.74,-0.05
0.17,0.74,-0.02
0.13,0.72,-0.0
0.15,0.72,0.02
0.16,0.72,0.04
0.18,0.72,0.07
0.19,0.72,0.11
0.19,0.72,0.15
0.19,0.72,0.19
0.18,0.72,0.23
0.15,0.72,0.27
0.13,0.72,0.3
0.09,0.72,0.33
0.05,0.72,0.35
-0.0,0.72,0.36
-0.05,0.72,0.35
-0.09,0.72,0.34
-0.13,0.72,0.31
-0.16,0.72,0.28
-0.19,0.72,0.24
-0.2,0.72,0.2
-0.21,0.72,0.16
-0.21,0.72,0.12
-0.2,0.72,0.08
-0.19,0.72,0.05
-0.17,0.72,0.02
-0.15,0.72,-0.0
-0.13,0.72,-0.02
-0.11,0.72,-0.03
-0.1,0.72,-0.04
-0.11,0.72,-0.06
-0.13,0.72,-0.1
-0.15,0.72,-0.15
-0.15,0.72,-0.2
-0.14,0.72,-0.24
-0.12,0.72,-0.29
-0.09,0.72,-0.33
-0.05,0.72,-0.37
0.0,0.72,-0.39
0.05,0.72,-0.4
0.11,0.72,-0.39
0.15,0.72,-0.37
0.2,0.72,-0.34
0.23,0.72,-0.29
0.25,0.72,-0.24
0.25,0.72,-0.19
0.25,0.72,-0.14
0.23,0.72,-0.09
0.2,0.72,-0.05
0.17,0.72,-0.02
0.12,0.7,-0.0
0.14,0.7,0.02
0.16,0.7,0.04
0.17,0.7,0.07
0.19,0.7,0.11
0.19,0.7,0.15
0.19,0.7,0.19
0.18,0.7,0.23
0.16,0.7,0.27
0.13,0.7,0.31
0.09,0.7,0.34
0.05,0.7,0.35
-0.0,0.7,0.36
-0.05,0.7,0.36
-0.09,0.7,0.34
-0.13,0.7,0.32
-0.16,0.7,0.28
-0.19,0.7,0.24
-0.2,0.7,0.2
-0.21,0.7,0.16
-0.21,0.7,0.12
-0.2,0.7,0.08
-0.18,0.7,0.05
-0.16,0.7,0.02
-0.14,0.7,-0.0
-0.12,0.7,-0.02
-0.11,0.7,-0.03
-0.09,0.7,-0.04
-0.1,0.7,-0.06
-0.13,0.7,-0.1
-0.14,0.7,-0.14
-0.15,0.7,-0.19
-0.14,0.7,-0.24
-0.12,0.7,-0.29
-0.09,0.7,-0.34
-0.05,0.7,-0.37
0.0,0.7,-0.39
0.05,0.7,-0.4
0.11,0.7,-0.39
0.16,0.7,-0.37
0.2,0.7,-0.34
0.23,0.7,-0.3
0.25,0.7,-0.25
0.25,0.7,-0.19
0.25,0.7,-0.14
0.23,0.7,-0.09
0.2,0.7,-0.05
0.16,0.7,-0.02
0.12,0.68,0.0
0.14,0.68,0.02
0.16,0.68,0.04
0.17,0.68,0.07
0.18,0.68,0.11
0.19,0.68,0.15
0.19,0.68,0.19
0.18,0.68,0.23
0.16,0.68,0.28
0.13,0.68,0.31
0.09,0.68,0.34
0.05,0.68,0.36
-0.0,0.68,0.37
-0.05,0.68,0.36
-0.09,0.68,0.35
-0.13,0.68,0.32
-0.17,0.68,0.29
-0.19,0.68,0.25
-0.2,0.68,0.2
-0.21,0.68,0.16
-0.2,0.68,0.12
-0.19,0.68,0.08
-0.18,0.68,0.05
-0.16,0.68,0.02
-0.14,0.68,-0.0
-0.12,0.68,-0.02
-0.1,0.68,-0.03
-0.08,0.68,-0.03
-0.09,0.68,-0.05
-0.12,0.68,-0.09
-0.14,0.68,-0.14
-0.15,0.68,-0.19
-0.14,0.68,-0.24
-0.12,0.68,-0.3
-0.09,0.68,-0.34
-0.05,0.68,-0.37
0.0,0.68,-0.4
0.06,0.68,-0.41
0.11,0.68,-0.4
0.16,0.68,-0.38
0.2,0.68,-0.34
0.23,0.68,-0.3
0.25,0.68,-0.25
0.26,0.68,-0.19
0.25,0.68,-0.14
0.22,0.68,-0.09
0.19,0.68,-0.05
0.15,0.68,-0.02
0.11,0.66,-0.0
0.13,0.66,0.02
0.15,0.66,0.04
0.17,0.66,0.07
0.18,0.66,0.11
0.19,0.66,0.15
0.19,0.66,0.19
0.18,0.66,0.24
0.16,0.66,0.28
0.13,0.66,0.32
0.09,0.66,0.35
0.05,0.66,0.37
-0.0,0.66,0.37
-0.05,0.66,0.37
-0.1,0.66,0.35
-0.14,0.66,0.33
-0.17,0.66,0.29
-0.19,0.66,0.25
-0.2,0.66,0.2
-0.21,0.66,0.16
-0.2,0.66,0.12
-0.19,0.66,0.08
-0.17,0.66,0.05
-0.15,0.66,0.02
-0.13,0.66,-0.0
-0.11,0.66,-0.01
-0.09,0.66,-0.02
-0.07,0.66,-0.03
-0.07,0.66,-0.04
-0.11,0.66,-0.08
-0.13,0.66,-0.13
-0.14,0.66,-0.19
-0.14,0.66,-0.24
-0.12,0.66,-0.3
-0.09,0.66,-0.34
-0.05,0.66,-0.38
0.0,0.66,-0.4
0.06,0.66,-0.41
0.11,0.66,-0.4
0.16,0.66,-0.38
0.2,0.66,-0.35
0.23,0.66,-0.3
0.25,0.66,-0.25
0.26,0.66,-0.2
0.25,0.66,-0.14
0.22,0.66,-0.09
0.19,0.66,-0.05
0.14,0.66,-0.02
0.1,0.64,-0.0
0.12,0.64,0.02
0.15,0.64,0.04
0.17,0.64,0.07
0.18,0.64,0.1
0.19,0.64,0.15
0.19,0.64,0.19
0.18,0.64,0.24
0.16,0.64,0.28
0.13,0.64,0.32
0.09,0.64,0.35
0.05,0.64,0.37
-0.0,0.64,0.38
-0.05,0.64,0.37
-0.1,0.64,0.36
-0.14,0.64,0.33
-0.17,0.64,0.29
-0.19,0.64,0.25
-0.2,0.64,0.2
-0.21,0.64,0.16
-0.2,0.64,0.12
-0.19,0.64,0.08
-0.17,0.64,0.04
-0.14,0.64,0.02
-0.12,0.64,-0.0
-0.1,0.64,-0.01
-0.08,0.64,-0.02
-0.07,0.64,-0.03
-0.05,0.64,-0.03
-0.09,0.64,-0.07
-0.13,0.64,-0.13
-0.14,0.64,-0.19
-0.14,0.64,-0.24
-0.12,0.64,-0.3
-0.09,0.64,-0.35
-0.05,0.64,-0.38
0.0,0.64,-0.41
0.06,0.64,-0.41
0.11,0.64,-0.41
0.16,0.64,-0.39
0.21,0.64,-0.35
0.24,0.64,-0.31
0.26,0.64,-0.25
0.26,0.64,-0.2
0.25,0.64,-0.14
0.22,0.64,-0.09
0.18,0.64,-0.05
0.12,0.64,-0.02
0.1,0.62,-0.0
0.12,0.62,0.02
0.14,0.62,0.04
0.16,0.62,0.07
0.18,0.62,0.1
0.19,0.62,0.15
0.19,0.62,0.19
0.18,0.62,0.24
0.16,0.62,0.28
0.13,0.62,0.32
0.09,0.62,0.35
0.05,0.62,0.37
-0.0,0.62,0.38
-0.05,0.62,0.38
-0.1,0.62,0.36
-0.14,0.62,0.33
-0.17,0.62,0.3
-0.19,0.62,0.25
-0.2,0.62,0.2
-0.21,0.62,0.16
-0.2,0.62,0.11
-0.18,0.62,0.07
-0.16,0.62,0.04
-0.14,0.62,0.02
-0.11,0.62,-0.0
-0.09,0.62,-0.01
-0.07,0.62,-0.02
-0.06,0.62,-0.02
-0.05,0.62,-0.03
-0.04,0.62,-0.03
-0.12,0.62,-0.12
-0.14,0.62,-0.18
-0.14,0.62,-0.24
-0.12,0.62,-0.3
-0.09,0.62,-0.35
-0.05,0.62,-0.39
0.0,0.62,-0.41
0.06,0.62,-0.42
0.11,0.62,-0.41
0.16,0.62,-0.39
0.21,0.62,-0.35
0.24,0.62,-0.31
0.26,0.62,-0.25
0.26,0.62,-0.2
0.24,0.62,-0.14
0.21,0.62,-0.09
0.17,0.62,-0.04
0.08,0.62,-0.01
0.09,0.59,-0.0
0.11,0.59,0.01
0.13,0.59,0.04
0.16,0.59,0.07
0.18,0.59,0.1
0.19,0.59,0.14
0.19,0.59,0.19
0.18,0.59,0.24
0.16,0.59,0.28
0.13,0.59,0.33
0.1,0.59,0.36
0.05,0.59,0.38
-0.0,0.59,0.39
-0.05,0.59,0.39
-0.1,0.59,0.37
-0.14,0.59,0.34
-0.18,0.59,0.3
-0.2,0.59,0.26
-0.21,0.59,0.21
-0.2,0.59,0.16
-0.19,0.59,0.11
-0.18,0.59,0.07
-0.15,0.59,0.04
-0.13,0.59,0.02
-0.1,0.59,-0.0
-0.08,0.59,-0.01
-0.06,0.59,-0.02
-0.05,0.59,-0.02
-0.04,0.59,-0.02
-0.03,0.59,-0.02
-0.11,0.59,-0.11
-0.14,0.59,-0.18
-0.14,0.59,-0.24
-0.12,0.59,-0.3
-0.09,0.59,-0.36
-0.05,0.59,-0.4
0.0,0.59,-0.42
0.06,0.59,-0.43
0.11,0.59,-0.42
0.17,0.59,-0.39
0.21,0.59,-0.36
0.24,0.59,-0.31
0.26,0.59,-0.25
0.26,0.59,-0.2
0.24,0.59,-0.14
0.21,0.59,-0.09
0.16,0.59,-0.04
0.07,0.59,-0.01
0.07,0.57,0.0
0.1,0.57,0.01
0.12,0.57,0.03
0.15,0.57,0.06
0.17,0.57,0.1
0.18,0.57,0.14
0.19,0.57,0.19
0.18,0.57,0.24
0.17,0.57,0.29
0.14,0.57,0.33
0.1,0.57,0.36
0.05,0.57,0.38
-0.0,0.57,0.39
-0.05,0.57,0.39
-0.1,0.57,0.38
-0.14,0.57,0.35
-0.18,0.57,0.31
-0.2,0.57,0.26
-0.21,0.57,0.21
-0.21,0.57,0.16
-0.19,0.57,0.11
-0.17,0.57,0.07
-0.14,0.57,0.04
-0.12,0.57,0.01
-0.09,0.57,-0.0
-0.07,0.57,-0.01
-0.05,0.57,-0.01
-0.04,0.57,-0.02
-0.03,0.57,-0.02
-0.02,0.57,-0.02
-0.09,0.57,-0.09
-0.13,0.57,-0.17
-0.14,0.57,-0.25
-0.13,0.57,-0.31
-0.1,0.57,-0.36
-0.05,0.57,-0.4
0.0,0.57,-0.42
0.06,0.57,-0.43
0.12,0.57,-0.42
0.17,0.57,-0.4
0.21,0.57,-0.36
0.24,0.57,-0.31
0.25,0.57,-0.25
0.25,0.57,-0.19
0.24,0.57,-0.14
0.2,0.57,-0.08
0.14,0.57,-0.04
0.06,0.57,-0.01
0.06,0.55,-0.0
0.08,0.55,0.01
0.11,0.55,0.03
0.14,0.55,0.06
0.16,0.55,0.09
0.18,0.55,0.14
0.19,0.55,0.19
0.18,0.55,0.24
0.17,0.55,0.29
0.14,0.55,0.33
0.1,0.55,0.36
0.05,0.55,0.39
-0.0,0.55,0.4
-0.05,0.55,0.4
-0.1,0.55,0.38
-0.15,0.55,0.35
-0.18,0.55,0.31
-0.2,0.55,0.27
-0.21,0.55,0.21
-0.21,0.55,0.16
-0.19,0.55,0.11
-0.17,0.55,0.07
-0.13,0.55,0.03
-0.1,0.55,0.01
-0.07,0.55,-0.0
-0.05,0.55,-0.01
-0.04,0.55,-0.01
-0.03,0.55,-0.01
-0.02,0.55,-0.01
-0.02,0.55,-0.01
-0.01,0.55,-0.01
-0.14,0.55,-0.18
-0.15,0.55,-0.26
-0.13,0.55,-0.32
-0.1,0.55,-0.37
-0.05,0.55,-0.41
0.0,0.55,-0.43
0.06,0.55,-0.44
0.12,0.55,-0.43
0.17,0.55,-0.4
0.21,0.55,-0.36
0.24,0.55,-0.31
0.26,0.55,-0.25
0.25,0.55,-0.19
0.23,0.55,-0.13
0.19,0.55,-0.08
0.03,0.55,-0.01
0.04,0.55,-0.01
0.03,0.53,0.0
0.05,0.53,0.01
0.09,0.53,0.02
0.13,0.53,0.05
0.16,0.53,0.09
0.18,0.53,0.14
0.19,0.53,0.19
0.18,0.53,0.24
0.17,0.53,0.29
0.14,0.53,0.33
0.1,0.53,0.36
0.05,0.53,0.39
-0.0,0.53,0.4
-0.05,0.53,0.4
-0.1,0.53,0.39
-0.15,0.53,0.36
-0.18,0.53,0.32
-0.21,0.53,0.27
-0.22,0.53,0.22
-0.21,0.53,0.16
-0.2,0.53,0.11
-0.17,0.53,0.07
-0.13,0.53,0.03
-0.09,0.53,0.01
-0.05,0.53,-0.0
-0.03,0.53,-0.0
-0.01,0.53,-0.0
-0.01,0.53,-0.0
-0.01,0.53,-0.0
-0.0,0.53,-0.0
-0.0,0.53,-0.0
-0.14,0.53,-0.19
-0.15,0.53,-0.26
-0.13,0.53,-0.33
-0.1,0.53,-0.38
-0.05,0.53,-0.41
0.0,0.53,-0.43
0.06,0.53,-0.44
0.12,0.53,-0.43
0.17,0.53,-0.4
0.21,0.53,-0.36
0.24,0.53,-0.31
0.26,0.53,-0.25
0.25,0.53,-0.19
0.23,0.53,-0.13
0.17,0.53,-0.07
0.01,0.53,-0.0
0.02,0.53,-0.0
0.01,0.51,0.0
0.04,0.51,0.0
0.08,0.51,0.02
0.12,0.51,0.05
0.15,0.51,0.09
0.18,0.51,0.13
0.18,0.51,0.18
0.18,0.51,0.24
0.16,0.51,0.29
0.14,0.51,0.33
0.1,0.51,0.37
0.05,0.51,0.39
-0.0,0.51,0.41
-0.05,0.51,0.41
-0.11,0.51,0.39
-0.15,0.51,0.36
-0.19,0.51,0.32
-0.21,0.51,0.28
-0.22,0.51,0.22
-0.22,0.51,0.17
-0.2,0.51,0.11
-0.17,0.51,0.07
-0.13,0.51,0.03
-0.08,0.51,0.01
-0.03,0.51,-0.0
-0.01,0.51,-0.0
-0.0,0.51,-0.0
-0.0,0.51,-0.0
-0.0,0.51,-0.0
-0.0,0.51,-0.0
-0.0,0.51,-0.0
-0.15,0.51,-0.2
-0.16,0.51,-0.27
-0.14,0.51,-0.33
-0.1,0.51,-0.38
-0.05,0.51,-0.42
0.0,0.51,-0.44
0.06,0.51,-0.44
0.12,0.51,-0.43
0.17,0.51,-0.4
0.21,0.51,-0.36
0.24,0.51,-0.31
0.25,0.51,-0.25
0.25,0.51,-0.19
0.22,0.51,-0.13
0.16,0.51,-0.06
0.0,0.51,-0.0
0.0,0.51,-0.0
-5.0,0.49,0.0
-4.96,0.49,-0.65
-4.83,0.49,-1.3
0.11,0.49,0.04
0.14,0.49,0.08
0.17,0.49,0.13
0.18,0.49,0.18
0.18,0.49,0.23
0.16,0.49,0.28
0.14,0.49,0.33
0.1,0.49,0.37
0.05,0.49,0.39
-0.0,0.49,0.41
-0.05,0.49,0.41
-0.11,0.49,0.4
-0.15,0.49,0.37
-0.19,0.49,0.33
-0.22,0.49,0.28
-0.23,0.49,0.23
-0.22,0.49,0.17
-0.2,0.49,0.12
-0.17,0.49,0.07
-0.12,0.49,0.03
-0.06,0.49,0.01
5.0,0.49,0.01
4.96,0.49,0.67
0.03,0.49,0.01
0.01,0.49,0.0
0.01,0.49,0.0
0.01,0.49,0.0
0.0,0.49,0.0
-0.16,0.49,-0.21
-0.16,0.49,-0.28
-0.14,0.49,-0.34
-0.1,0.49,-0.39
-0.05,0.49,-0.42
0.0,0.49,-0.44
0.06,0.49,-0.44
0.12,0.49,-0.43
0.17,0.49,-0.4
0.21,0.49,-0.36
0.24,0.49,-0.31
0.25,0.49,-0.25
0.24,0.49,-0.19
0.21,0.49,-0.12
-0.01,0.49,0.0
-0.01,0.49,0.0
-0.03,0.49,0.0
-5.0,0.47,0.0
-4.96,0.47,-0.65
-4.83,0.47,-1.3
0.08,0.47,0.03
0.13,0.47,0.07
0.16,0.47,0.12
0.17,0.47,0.17
0.17,0.47,0.23
0.16,0.47,0.28
0.14,0.47,0.33
0.1,0.47,0.37
0.05,0.47,0.4
-0.0,0.47,0.41
-0.06,0.47,0.41
-0.11,0.47,0.4
-0.16,0.47,0.38
-0.19,0.47,0.34
-0.22,0.47,0.29
-0.23,0.47,0.23
-0.23,0.47,0.17
-0.21,0.47,0.12
-0.17,0.47,0.07
-0.12,0.47,0.03
4.96,0.47,-0.64
5.0,0.47,0.01
4.96,0.47,0.67
4.83,0.47,1.31
0.04,0.47,0.01
0.02,0.47,0.01
0.01,0.47,0.01
0.01,0.47,0.01
-0.16,0.47,-0.21
-0.16,0.47,-0.29
-0.14,0.47,-0.35
-0.1,0.47,-0.4
-0.06,0.47,-0.43
0.0,0.47,-0.45
0.06,0.47,-0.45
0.12,0.47,-0.43
0.17,0.47,-0.4
0.21,0.47,-0.36
0.23,0.47,-0.3
0.25,0.47,-0.24
0.24,0.47,-0.18
0.2,0.47,-0.11
-0.02,0.47,0.01
-0.03,0.47,0.01
-4.96,0.47,0.63
-5.0,0.45,0.0
-4.96,0.45,-0.65
-4.83,0.45,-1.3
-4.62,0.45,-1.91
0.11,0.45,0.06
0.15,0.45,0.11
0.17,0.45,0.17
0.17,0.45,0.22
0.16,0.45,0.28
0.13,0.45,0.33
0.1,0.45,0.37
0.05,0.45,0.4
-0.0,0.45,0.42
-0.06,0.45,0.42
-0.11,0.45,0.41
-0.16,0.45,0.38
-0.2,0.45,0.34
-0.22,0.45,0.29
-0.24,0.45,0.24
-0.23,0.45,0.18
-0.21,0.45,0.12
-0.17,0.45,0.07
-0.11,0.45,0.03
4.96,0.45,-0.64
5.0,0.45,0.01
4.96,0.45,0.67
4.83,0.45,1.31
4.61,0.45,1.93
0.03,0.45,0.02
0.02,0.45,0.02
-0.12,0.45,-0.12
-0.17,0.45,-0.22
-0.17,0.45,-0.3
-0.15,0.45,-0.36
-0.11,0.45,-0.4
-0.06,0.45,-0.44
0.0,0.45,-0.45
0.06,0.45,-0.45
0.12,0.45,-0.43
0.17,0.45,-0.4
0.21,0.45,-0.35
0.23,0.45,-0.3
0.24,0.45,-0.24
0.23,0.45,-0.17
0.18,0.45,-0.11
-0.03,0.45,0.01
-0.05,0.45,0.01
-4.96,0.45,0.63
-5.0,0.43,0.0
-4.96,0.43,-0.65
-4.83,0.43,-1.3
-4.62,0.43,-1.91
-4.33,0.43,-2.5
0.14,0.43,0.11
0.16,0.43,0.16
0.17,0.43,0.22
0.16,0.43,0.27
0.13,0.43,0.32
0.1,0.43,0.37
0.05,0.43,0.4
-0.0,0.43,0.42
-0.06,0.43,0.42
-0.11,0.43,0.41
-0.16,0.43,0.39
-0.2,0.43,0.35
-0.23,0.43,0.3
-0.24,0.43,0.24
-0.24,0.43,0.18
-0.21,0.43,0.12
-0.17,0.43,0.07
4.83,0.43,-1.28
4.96,0.43,-0.64
5.0,0.43,0.01
4.96,0.43,0.67
4.83,0.43,1.31
4.61,0.43,1.93
4.32,0.43,2.51
0.03,0.43,0.02
-0.14,0.43,-0.14
-0.18,0.43,-0.23
-0.17,0.43,-0.3
-0.15,0.43,-0.36
-0.11,0.43,-0.41
-0.06,0.43,-0.44
0.0,0.43,-0.45
0.06,0.43,-0.45
0.12,0.43,-0.43
0.17,0.43,-0.4
0.2,0.43,-0.35
0.23,0.43,-0.3
0.23,0.43,-0.23
0.22,0.43,-0.17
0.16,0.43,-0.09
-0.04,0.43,0.02
-4.84,0.43,1.27
-4.96,0.43,0.63
-5.0,0.41,0.0
-4.96,0.41,-0.65
-4.83,0.41,-1.3
-4.62,0.41,-1.91
-4.33,0.41,-2.5
0.12,0.41,0.09
0.15,0.41,0.15
0.16,0.41,0.21
0.16,0.41,0.27
0.13,0.41,0.32
0.1,0.41,0.37
0.05,0.41,0.4
-0.0,0.41,0.42
-0.06,0.41,0.43
-0.11,0.41,0.42
-0.16,0.41,0.39
-0.2,0.41,0.35
-0.23,0.41,0.3
-0.24,0.41,0.24
-0.24,0.41,0.18
-0.21,0.41,0.12
-0.17,0.41,0.07
4.83,0.41,-1.28
4.96,0.41,-0.64
5.0,0.41,0.01
4.96,0.41,0.67
4.83,0.41,1.31
4.61,0.41,1.93
4.32,0.41,2.51
0.05,0.41,0.04
-0.15,0.41,-0.15
-0.18,0.41,-0.24
-0.18,0.41,-0.31
-0.15,0.41,-0.37
-0.11,0.41,-0.42
-0.06,0.41,-0.45
0.0,0.41,-0.46
0.06,0.41,-0.45
0.12,0.41,-0.43
0.17,0.41,-0.4
0.2,0.41,-0.35
0.22,0.41,-0.29
0.23,0.41,-0.23
0.21,0.41,-0.16
-0.03,0.41,0.02
-0.05,0.41,0.02
-4.84,0.41,1.27
-4.96,0.41,0.63
-5.0,0.39,0.0
-4.96,0.39,-0.65
-4.83,0.39,-1.3
-4.62,0.39,-1.91
-4.33,0.39,-2.5
0.09,0.39,0.07
0.14,0.39,0.15
0.16,0.39,0.21
0.15,0.39,0.27
0.13,0.39,0.32
0.1,0.39,0.37
0.05,0.39,0.4
-0.0,0.39,0.42
-0.06,0.39,0.43
-0.11,0.39,0.42
-0.17,0.39,0.4
-0.21,0.39,0.36
-0.24,0.39,0.31
-0.25,0.39,0.25
-0.24,0.39,0.19
-0.22,0.39,0.13
-0.17,0.39,0.07
4.83,0.39,-1.28
4.96,0.39,-0.64
5.0,0.39,0.01
4.96,0.39,0.67
4.83,0.39,1.31
4.61,0.39,1.93
4.32,0.39,2.51
0.07,0.39,0.06
-0.16,0.39,-0.16
-0.19,0.39,-0.25
-0.18,0.39,-0.32
-0.15,0.39,-0.38
-0.11,0.39,-0.42
-0.06,0.39,-0.45
0.0,0.39,-0.46
0.06,0.39,-0.46
0.12,0.39,-0.43
0.17,0.39,-0.4
0.2,0.39,-0.35
0.22,0.39,-0.29
0.22,0.39,-0.22
0.19,0.39,-0.15
-0.04,0.39,0.02
-0.06,0.39,0.02
-4.84,0.39,1.27
-4.96,0.39,0.63
-5.0,0.37,0.0
-4.96,0.37,-0.65
-4.83,0.37,-1.3
-4.62,0.37,-1.91
-4.33,0.37,-2.5
-3.97,0.37,-3.05
0.13,0.37,0.13
0.15,0.37,0.2
0.15,0.37,0.26
0.13,0.37,0.32
0.1,0.37,0.37
0.05,0.37,0.4
-0.0,0.37,0.43
-0.06,0.37,0.44
-0.12,0.37,0.43
-0.17,0.37,0.4
-0.21,0.37,0.36
-0.24,0.37,0.31
-0.25,0.37,0.25
-0.25,0.37,0.19
-0.22,0.37,0.13
-0.16,0.37,0.07
4.83,0.37,-1.28
4.96,0.37,-0.64
5.0,0.37,0.01
4.96,0.37,0.67
4.83,0.37,1.31
4.61,0.37,1.93
4.32,0.37,2.51
3.96,0.37,3.06
-0.16,0.37,-0.16
-0.19,0.37,-0.25
-0.19,0.37,-0.32
-0.16,0.37,-0.38
-0.11,0.37,-0.43
-0.06,0.37,-0.46
0.0,0.37,-0.47
0.06,0.37,-0.46
0.12,0.37,-0.43
0.16,0.37,-0.39
0.2,0.37,-0.34
0.22,0.37,-0.28
0.21,0.37,-0.21
0.18,0.37,-0.14
-0.05,0.37,0.03
-0.07,0.37,0.03
-4.84,0.37,1.27
-4.96,0.37,0.63
-5.0,0.35,0.0
-4.96,0.35,-0.65
-4.83,0.35,-1.3
-4.62,0.35,-1.91
-4.33,0.35,-2.5
-3.97,0.35,-3.05
0.12,0.35,0.12
0.15,0.35,0.19
0.15,0.35,0.26
0.13,0.35,0.32
0.1,0.35,0.37
0.05,0.35,0.41
-0.0,0.35,0.43
-0.06,0.35,0.44
-0.12,0.35,0.43
-0.17,0.35,0.41
-0.21,0.35,0.37
-0.24,0.35,0.32
-0.26,0.35,0.26
-0.25,0.35,0.19
-0.22,0.35,0.13
-0.16,0.35,0.07
4.83,0.35,-1.28
4.96,0.35,-0.64
5.0,0.35,0.01
4.96,0.35,0.67
4.83,0.35,1.31
4.61,0.35,1.93
4.32,0.35,2.51
3.96,0.35,3.06
-0.17,0.35,-0.17
-0.2,0.35,-0.26
-0.19,0.35,-0.33
-0.16,0.35,-0.39
-0.11,0.35,-0.43
-0.06,0.35,-0.46
0.0,0.35,-0.47
0.06,0.35,-0.46
0.12,0.35,-0.43
0.16,0.35,-0.39
0.2,0.35,-0.34
0.21,0.35,-0.28
0.21,0.35,-0.2
0.15,0.35,-0.11
-0.06,0.35,0.03
-0.09,0.35,0.04
-4.84,0.35,1.27
-4.96,0.35,0.63
-5.0,0.33,0.0
-4.96,0.33,-0.65
-4.83,0.33,-1.3
-4.62,0.33,-1.91
-4.33,0.33,-2.5
-3.97,0.33,-3.05
-0.09,0.33,-0.09
0.14,0.33,0.18
0.15,0.33,0.25
0.13,0.33,0.31
0.1,0.33,0.37
0.05,0.33,0.41
-0.0,0.33,0.43
-0.06,0.33,0.44
-0.12,0.33,0.44
-0.17,0.33,0.41
-0.22,0.33,0.37
-0.25,0.33,0.32
-0.26,0.33,0.26
-0.26,0.33,0.2
-0.23,0.33,0.13
-0.15,0.33,0.06
4.83,0.33,-1.28
4.96,0.33,-0.64
5.0,0.33,0.01
4.96,0.33,0.67
4.83,0.33,1.31
4.61,0.33,1.93
4.32,0.33,2.51
3.96,0.33,3.06
-0.18,0.33,-0.18
-0.2,0.33,-0.27
-0.19,0.33,-0.34
-0.16,0.33,-0.4
-0.12,0.33,-0.44
-0.06,0.33,-0.46
0.0,0.33,-0.47
0.06,0.33,-0.46
0.12,0.33,-0.43
0.16,0.33,-0.39
0.19,0.33,-0.33
0.21,0.33,-0.27
0.2,0.33,-0.2
-0.05,0.33,0.04
-0.06,0.33,0.04
-0.11,0.33,0.04
-4.84,0.33,1.27
-4.96,0.33,0.63
-5.0,0.31,0.0
-4.96,0.31,-0.65
-4.83,0.31,-1.3
-4.62,0.31,-1.91
-4.33,0.31,-2.5
-3.97,0.31,-3.05
-0.09,0.31,-0.09
0.13,0.31,0.17
0.14,0.31,0.25
0.13,0.31,0.31
0.1,0.31,0.36
0.05,0.31,0.41
-0.0,0.31,0.44
-0.06,0.31,0.45
-0.12,0.31,0.44
-0.17,0.31,0.42
-0.22,0.31,0.38
-0.25,0.31,0.33
-0.27,0.31,0.27
-0.26,0.31,0.2
-0.23,0.31,0.13
4.62,0.31,-1.9
4.83,0.31,-1.28
4.96,0.31,-0.64
5.0,0.31,0.01
4.96,0.31,0.67
4.83,0.31,1.31
4.61,0.31,1.93
4.32,0.31,2.51
3.96,0.31,3.06
-0.19,0.31,-0.19
-0.21,0.31,-0.27
-0.2,0.31,-0.35
-0.17,0.31,-0.4
-0.12,0.31,-0.45
-0.06,0.31,-0.47
0.0,0.31,-0.47
0.06,0.31,-0.46
0.12,0.31,-0.43
0.16,0.31,-0.39
0.19,0.31,-0.33
0.2,0.31,-0.26
0.19,0.31,-0.18
-0.05,0.31,0.04
-0.07,0.31,0.04
-4.63,0.31,1.89
-4.84,0.31,1.27
-4.96,0.31,0.63
-5.0,0.29,0.0
-4.96,0.29,-0.65
-4.83,0.29,-1.3
-4.62,0.29,-1.91
-4.33,0.29,-2.5
-3.97,0.29,-3.05
-0.1,0.29,-0.1
0.12,0.29,0.15
0.14,0.29,0.24
0.13,0.29,0.31
0.1,0.29,0.36
0.05,0.29,0.41
-0.0,0.29,0.44
-0.06,0.29,0.45
-0.12,0.29,0.45
-0.18,0.29,0.42
-0.22,0.29,0.39
-0.26,0.29,0.33
-0.27,0.29,0.27
-0.26,0.29,0.2
-0.23,0.29,0.13
4.62,0.29,-1.9
4.83,0.29,-1.28
4.96,0.29,-0.64
5.0,0.29,0.01
4.96,0.29,0.67
4.83,0.29,1.31
4.61,0.29,1.93
4.32,0.29,2.51
3.96,0.29,3.06
-0.19,0.29,-0.2
-0.21,0.29,-0.28
-0.2,0.29,-0.35
-0.17,0.29,-0.41
-0.12,0.29,-0.45
-0.06,0.29,-0.47
0.0,0.29,-0.48
0.06,0.29,-0.46
0.12,0.29,-0.43
0.16,0.29,-0.39
0.19,0.29,-0.33
0.2,0.29,-0.26
0.17,0.29,-0.17
-0.06,0.29,0.04
-0.08,0.29,0.05
-4.63,0.29,1.89
-4.84,0.29,1.27
-4.96,0.29,0.63
-5.0,0.27,0.0
-4.96,0.27,-0.65
-4.83,0.27,-1.3
-4.62,0.27,-1.91
-4.33,0.27,-2.5
-3.97,0.27,-3.05
-0.1,0.27,-0.1
-0.07,0.27,-0.09
0.13,0.27,0.23
0.12,0.27,0.3
0.1,0.27,0.36
0.05,0.27,0.41
-0.0,0.27,0.44
-0.06,0.27,0.46
-0.12,0.27,0.45
-0.18,0.27,0.43
-0.23,0.27,0.39
-0.26,0.27,0.34
-0.28,0.27,0.27
-0.27,0.27,0.2
-0.23,0.27,0.13
4.62,0.27,-1.9
4.83,0.27,-1.28
4.96,0.27,-0.64
5.0,0.27,0.01
4.96,0.27,0.67
4.83,0.27,1.31
4.61,0.27,1.93
4.32,0.27,2.51
3.96,0.27,3.06
-0.2,0.27,-0.2
-0.22,0.27,-0.29
-0.21,0.27,-0.36
-0.17,0.27,-0.42
-0.12,0.27,-0.46
-0.06,0.27,-0.48
0.0,0.27,-0.48
0.06,0.27,-0.46
0.12,0.27,-0.43
0.16,0.27,-0.38
0.19,0.27,-0.32
0.19,0.27,-0.25
0.15,0.27,-0.15
-0.06,0.27,0.05
-0.09,0.27,0.05
-4.63,0.27,1.89
-4.84,0.27,1.27
-4.96,0.27,0.63
-5.0,0.25,0.0
-4.96,0.25,-0.65
-4.83,0.25,-1.3
-4.62,0.25,-1.91
-4.33,0.25,-2.5
-3.97,0.25,-3.05
-0.1,0.25,-0.1
-0.07,0.25,-0.09
0.13,0.25,0.22
0.12,0.25,0.3
0.1,0.25,0.36
0.05,0.25,0.41
-0.0,0.25,0.44
-0.06,0.25,0.46
-0.12,0.25,0.46
-0.18,0.25,0.44
-0.23,0.25,0.4
-0.26,0.25,0.34
-0.28,0.25,0.28
-0.27,0.25,0.21
-0.23,0.25,0.13
4.62,0.25,-1.9
4.83,0.25,-1.28
4.96,0.25,-0.64
5.0,0.25,0.01
4.96,0.25,0.67
4.83,0.25,1.31
4.61,0.25,1.93
4.32,0.25,2.51
3.96,0.25,3.06
-0.21,0.25,-0.21
-0.22,0.25,-0.29
-0.21,0.25,-0.37
-0.17,0.25,-0.42
-0.12,0.25,-0.46
-0.06,0.25,-0.48
0.0,0.25,-0.48
0.06,0.25,-0.47
0.12,0.25,-0.43
0.16,0.25,-0.38
0.18,0.25,-0.32
0.18,0.25,-0.24
-0.05,0.25,0.05
-0.07,0.25,0.05
-0.09,0.25,0.05
-4.63,0.25,1.89
-4.84,0.25,1.27
-4.96,0.25,0.63
-5.0,0.23,0.0
-4.96,0.23,-0.65
-4.83,0.23,-1.3
-4.62,0.23,-1.91
-4.33,0.23,-2.5
-3.97,0.23,-3.05
-0.1,0.23,-0.1
-0.07,0.23,-0.09
0.12,0.23,0.21
0.12,0.23,0.29
0.1,0.23,0.36
0.05,0.23,0.41
-0.0,0.23,0.45
-0.06,0.23,0.46
-0.12,0.23,0.46
-0.18,0.23,0.44
-0.23,0.23,0.4
-0.27,0.23,0.35
-0.28,0.23,0.28
-0.28,0.23,0.21
-0.24,0.23,0.14
4.62,0.23,-1.9
4.83,0.23,-1.28
4.96,0.23,-0.64
5.0,0.23,0.01
4.96,0.23,0.67
4.83,0.23,1.31
4.61,0.23,1.93
4.32,0.23,2.51
3.96,0.23,3.06
-0.21,0.23,-0.22
-0.23,0.23,-0.3
-0.21,0.23,-0.37
-0.18,0.23,-0.43
-0.12,0.23,-0.47
-0.06,0.23,-0.49
0.0,0.23,-0.49
0.06,0.23,-0.47
0.12,0.23,-0.43
0.16,0.23,-0.38
0.18,0.23,-0.31
0.18,0.23,-0.23
-0.06,0.23,0.06
-0.07,0.23,0.06
-0.1,0.23,0.06
-4.63,0.23,1.89
-4.84,0.23,1.27
-4.96,0.23,0.63
-5.0,0.21,0.0
-4.96,0.21,-0.65
-4.83,0.21,-1.3
-4.62,0.21,-1.91
-4.33,0.21,-2.5
-3.97,0.21,-3.05
-0.1,0.21,-0.1
-0.07,0.21,-0.09
0.11,0.21,0.19
0.12,0.21,0.29
0.09,0.21,0.36
0.05,0.21,0.41
-0.0,0.21,0.45
-0.06,0.21,0.47
-0.13,0.21,0.47
-0.19,0.21,0.45
-0.24,0.21,0.41
-0.27,0.21,0.35
-0.29,0.21,0.29
-0.28,0.21,0.21
-0.24,0.21,0.14
4.62,0.21,-1.9
4.83,0.21,-1.28
4.96,0.21,-0.64
5.0,0.21,0.01
4.96,0.21,0.67
4.83,0.21,1.31
4.61,0.21,1.93
4.32,0.21,2.51
3.96,0.21,3.06
-0.22,0.21,-0.22
-0.23,0.21,-0.31
-0.22,0.21,-0.38
-0.18,0.21,-0.43
-0.12,0.21,-0.47
-0.06,0.21,-0.49
0.0,0.21,-0.49
0.06,0.21,-0.47
0.12,0.21,-0.43
0.16,0.21,-0.37
0.18,0.21,-0.3
0.17,0.21,-0.21
-0.06,0.21,0.06
-0.08,0.21,0.06
-0.11,0.21,0.06
-4.63,0.21,1.89
-4.84,0.21,1.27
-4.96,0.21,0.63
-5.0,0.18,0.0
-4.96,0.18,-0.65
-4.83,0.18,-1.3
-4.62,0.18,-1.91
-4.33,0.18,-2.5
-3.97,0.18,-3.05
-0.1,0.18,-0.1
-0.07,0.18,-0.1
-0.05,0.18,-0.09
0.12,0.18,0.28
0.09,0.18,0.35
0.05,0.18,0.41
-0.0,0.18,0.45
-0.06,0.18,0.47
-0.13,0.18,0.47
-0.19,0.18,0.45
-0.24,0.18,0.41
-0.27,0.18,0.35
-0.29,0.18,0.29
-0.28,0.18,0.22
-0.24,0.18,0.14
4.62,0.18,-1.9
4.83,0.18,-1.28
4.96,0.18,-0.64
5.0,0.18,0.01
4.96,0.18,0.67
4.83,0.18,1.31
4.61,0.18,1.93
4.32,0.18,2.51
3.96,0.18,3.06
-0.23,0.18,-0.23
-0.24,0.18,-0.31
-0.22,0.18,-0.38
-0.18,0.18,-0.44
-0.13,0.18,-0.48
-0.06,0.18,-0.49
0.0,0.18,-0.49
0.06,0.18,-0.47
0.12,0.18,-0.43
0.15,0.18,-0.37
0.17,0.18,-0.3
0.15,0.18,-0.19
-0.07,0.18,0.07
-0.09,0.18,0.06
-0.12,0.18,0.07
-4.63,0.18,1.89
-4.84,0.18,1.27
-4.96,0.18,0.63
-5.0,0.16,0.0
-4.96,0.16,-0.65
-4.83,0.16,-1.3
-4.62,0.16,-1.91
-4.33,0.16,-2.5
-3.97,0.16,-3.05
-0.11,0.16,-0.11
-0.07,0.16,-0.1
-0.05,0.16,-0.09
0.11,0.16,0.27
0.09,0.16,0.35
0.05,0.16,0.41
-0.0,0.16,0.45
-0.06,0.16,0.47
-0.13,0.16,0.47
-0.19,0.16,0.45
-0.24,0.16,0.41
-0.27,0.16,0.36
-0.29,0.16,0.29
-0.28,0.16,0.22
-0.24,0.16,0.14
4.62,0.16,-1.9
4.83,0.16,-1.28
4.96,0.16,-0.64
5.0,0.16,0.01
4.96,0.16,0.67
4.83,0.16,1.31
4.61,0.16,1.93
4.32,0.16,2.51
3.96,0.16,3.06
-0.23,0.16,-0.23
-0.24,0.16,-0.31
-0.22,0.16,-0.38
-0.18,0.16,-0.44
-0.13,0.16,-0.48
-0.06,0.16,-0.49
0.0,0.16,-0.49
0.06,0.16,-0.47
0.12,0.16,-0.42
0.15,0.16,-0.36
0.17,0.16,-0.29
-0.05,0.16,0.07
-0.07,0.16,0.07
-0.09,0.16,0.07
-0.13,0.16,0.07
-4.63,0.16,1.89
-4.84,0.16,1.27
-4.96,0.16,0.63
-5.0,0.14,0.0
-4.96,0.14,-0.65
-4.83,0.14,-1.3
-4.62,0.14,-1.91
-4.33,0.14,-2.5
-3.97,0.14,-3.05
-0.11,0.14,-0.11
-0.08,0.14,-0.1
-0.06,0.14,-0.1
0.11,0.14,0.26
0.09,0.14,0.35
0.05,0.14,0.41
-0.0,0.14,0.45
-0.06,0.14,0.47
-0.13,0.14,0.47
-0.19,0.14,0.45
-0.24,0.14,0.41
-0.27,0.14,0.35
-0.29,0.14,0.29
-0.28,0.14,0.22
-0.24,0.14,0.14
4.62,0.14,-1.9
4.83,0.14,-1.28
4.96,0.14,-0.64
5.0,0.14,0.01
4.96,0.14,0.67
4.83,0.14,1.31
4.61,0.14,1.93
4.32,0.14,2.51
3.96,0.14,3.06
-0.23,0.14,-0.23
-0.24,0.14,-0.31
-0.22,0.14,-0.38
-0.18,0.14,-0.44
-0.13,0.14,-0.48
-0.06,0.14,-0.49
0.0,0.14,-0.49
0.06,0.14,-0.47
0.11,0.14,-0.42
0.15,0.14,-0.36
0.16,0.14,-0.28
-0.06,0.14,0.08
-0.07,0.14,0.07
-0.1,0.14,0.07
-0.14,0.14,0.08
-4.63,0.14,1.89
-4.84,0.14,1.27
-4.96,0.14,0.63
-5.0,0.12,0.0
-4.96,0.12,-0.65
-4.83,0.12,-1.3
-4.62,0.12,-1.91
-4.33,0.12,-2.5
-3.97,0.12,-3.05
-0.11,0.12,-0.11
-0.08,0.12,-0.1
-0.06,0.12,-0.1
0.1,0.12,0.24
0.09,0.12,0.34
0.05,0.12,0.4
-0.0,0.12,0.44
-0.06,0.12,0.47
-0.13,0.12,0.46
-0.18,0.12,0.44
-0.23,0.12,0.41
-0.27,0.12,0.35
-0.29,0.12,0.29
-0.28,0.12,0.21
-0.23,0.12,0.13
4.62,0.12,-1.9
4.83,0.12,-1.28
4.96,0.12,-0.64
5.0,0.12,0.01
4.96,0.12,0.67
4.83,0.12,1.31
4.61,0.12,1.93
4.32,0.12,2.51
3.96,0.12,3.06
-0.22,0.12,-0.22
-0.24,0.12,-0.31
-0.22,0.12,-0.38
-0.18,0.12,-0.44
-0.13,0.12,-0.47
-0.06,0.12,-0.49
0.0,0.12,-0.49
0.06,0.12,-0.46
0.11,0.12,-0.42
0.15,0.12,-0.35
0.15,0.12,-0.27
-0.06,0.12,0.08
-0.08,0.12,0.08
-0.1,0.12,0.08
-0.15,0.12,0.09
-4.63,0.12,1.89
-4.84,0.12,1.27
-4.96,0.12,0.63
-5.0,0.1,0.0
-4.96,0.1,-0.65
-4.83,0.1,-1.3
-4.62,0.1,-1.91
-4.33,0.1,-2.5
-3.97,0.1,-3.05
-0.12,0.1,-0.12
-0.08,0.1,-0.11
-0.06,0.1,-0.11
0.09,0.1,0.21
0.09,0.1,0.33
0.05,0.1,0.4
-0.0,0.1,0.44
-0.06,0.1,0.46
-0.12,0.1,0.46
-0.18,0.1,0.44
-0.23,0.1,0.4
-0.27,0.1,0.35
-0.28,0.1,0.28
-0.27,0.1,0.21
4.34,0.1,-2.49
4.62,0.1,-1.9
4.83,0.1,-1.28
4.96,0.1,-0.64
5.0,0.1,0.01
4.96,0.1,0.67
4.83,0.1,1.31
4.61,0.1,1.93
4.32,0.1,2.51
3.96,0.1,3.06
-0.21,0.1,-0.21
-0.23,0.1,-0.3
-0.21,0.1,-0.37
-0.18,0.1,-0.43
-0.12,0.1,-0.47
-0.06,0.1,-0.49
0.0,0.1,-0.48
0.06,0.1,-0.46
0.11,0.1,-0.41
0.14,0.1,-0.35
0.15,0.1,-0.25
-0.07,0.1,0.08
-0.08,0.1,0.08
-0.11,0.1,0.08
-4.34,0.1,2.48
-4.63,0.1,1.89
-4.84,0.1,1.27
-4.96,0.1,0.63
-5.0,0.08,0.0
-4.96,0.08,-0.65
-4.83,0.08,-1.3
-4.62,0.08,-1.91
-4.33,0.08,-2.5
-3.97,0.08,-3.05
-0.15,0.08,-0.15
-0.09,0.08,-0.12
-0.07,0.08,-0.11
-0.05,0.08,-0.11
0.08,0.08,0.31
0.05,0.08,0.38
-0.0,0.08,0.43
-0.06,0.08,0.45
-0.12,0.08,0.45
-0.18,0.08,0.43
-0.23,0.08,0.39
-0.26,0.08,0.34
-0.27,0.08,0.27
-0.26,0.08,0.2
4.34,0.08,-2.49
4.62,0.08,-1.9
4.83,0.08,-1.28
4.96,0.08,-0.64
5.0,0.08,0.01
4.96,0.08,0.67
4.83,0.08,1.31
4.61,0.08,1.93
4.32,0.08,2.51
3.96,0.08,3.06
-0.19,0.08,-0.19
-0.22,0.08,-0.29
-0.21,0.08,-0.37
-0.17,0.08,-0.42
-0.12,0.08,-0.46
-0.06,0.08,-0.48
0.0,0.08,-0.48
0.06,0.08,-0.45
0.11,0.08,-0.4
0.14,0.08,-0.33
0.12,0.08,-0.21
-0.07,0.08,0.09
-0.09,0.08,0.09
-0.12,0.08,0.09
-4.34,0.08,2.48
-4.63,0.08,1.89
-4.84,0.08,1.27
-4.96,0.08,0.63
-5.0,0.06,0.0
-4.96,0.06,-0.65
-4.83,0.06,-1.3
-4.62,0.06,-1.91
-4.33,0.06,-2.5
-3.97,0.06,-3.05
-3.53,0.06,-3.54
-0.1,0.06,-0.13
-0.07,0.06,-0.13
-0.05,0.06,-0.12
0.08,0.06,0.29
0.05,0.06,0.37
-0.0,0.06,0.42
-0.06,0.06,0.44
-0.12,0.06,0.44
-0.18,0.06,0.42
-0.22,0.06,0.38
-0.25,0.06,0.33
-0.26,0.06,0.26
-0.23,0.06,0.18
4.34,0.06,-2.49
4.62,0.06,-1.9
4.83,0.06,-1.28
4.96,0.06,-0.64
5.0,0.06,0.01
4.96,0.06,0.67
4.83,0.06,1.31
4.61,0.06,1.93
4.32,0.06,2.51
3.96,0.06,3.06
3.52,0.06,3.55
-0.21,0.06,-0.28
-0.2,0.06,-0.35
-0.17,0.06,-0.41
-0.12,0.06,-0.45
-0.06,0.06,-0.47
0.0,0.06,-0.46
0.06,0.06,-0.44
0.11,0.06,-0.39
0.13,0.06,-0.32
-0.06,0.06,0.1
-0.08,0.06,0.1
-0.1,0.06,0.1
-0.15,0.06,0.11
-4.34,0.06,2.48
-4.63,0.06,1.89
-4.84,0.06,1.27
-4.96,0.06,0.63
-5.0,0.04,0.0
-4.96,0.04,-0.65
-4.83,0.04,-1.3
-4.62,0.04,-1.91
-4.33,0.04,-2.5
-3.97,0.04,-3.05
-3.53,0.04,-3.54
-0.12,0.04,-0.16
-0.08,0.04,-0.14
-0.06,0.04,-0.14
-0.04,0.04,-0.14
0.05,0.04,0.35
-0.0,0.04,0.4
-0.06,0.04,0.42
-0.11,0.04,0.43
-0.17,0.04,0.41
-0.21,0.04,0.37
-0.24,0.04,0.31
-0.25,0.04,0.24
3.97,0.04,-3.04
4.34,0.04,-2.49
4.62,0.04,-1.9
4.83,0.04,-1.28
4.96,0.04,-0.64
5.0,0.04,0.01
4.96,0.04,0.67
4.83,0.04,1.31
4.61,0.04,1.93
4.32,0.04,2.51
3.96,0.04,3.06
3.52,0.04,3.55
-0.19,0.04,-0.26
-0.19,0.04,-0.34
-0.16,0.04,-0.4
-0.12,0.04,-0.44
-0.06,0.04,-0.46
0.0,0.04,-0.45
0.06,0.04,-0.42
0.1,0.04,-0.37
0.12,0.04,-0.29
-0.07,0.04,0.12
-0.09,0.04,0.12
-0.12,0.04,0.12
-3.98,0.04,3.03
-4.34,0.04,2.48
-4.63,0.04,1.89
-4.84,0.04,1.27
-4.96,0.04,0.63
-5.0,0.02,0.0
-4.96,0.02,-0.65
-4.83,0.02,-1.3
-4.62,0.02,-1.91
-4.33,0.02,-2.5
-3.97,0.02,-3.05
-3.53,0.02,-3.54
-3.04,0.02,-3.97
-0.09,0.02,-0.16
-0.06,0.02,-0.16
-0.04,0.02,-0.15
0.04,0.02,0.31
-0.0,0.02,0.37
-0.05,0.02,0.4
-0.11,0.02,0.41
-0.16,0.02,0.39
-0.2,0.02,0.35
-0.23,0.02,0.29
-0.22,0.02,0.22
3.97,0.02,-3.04
4.34,0.02,-2.49
4.62,0.02,-1.9
4.83,0.02,-1.28
4.96,0.02,-0.64
5.0,0.02,0.01
4.96,0.02,0.67
4.83,0.02,1.31
4.61,0.02,1.93
4.32,0.02,2.51
3.96,0.02,3.06
3.52,0.02,3.55
3.03,0.02,3.98
-0.18,0.02,-0.32
-0.16,0.02,-0.38
-0.11,0.02,-0.42
-0.06,0.02,-0.44
0.0,0.02,-0.43
0.05,0.02,-0.4
0.09,0.02,-0.34
-0.06,0.02,0.14
-0.08,0.02,0.14
-0.11,0.02,0.14
-0.15,0.02,0.15
-3.98,0.02,3.03
-4.34,0.02,2.48
-4.63,0.02,1.89
