-4.96,1.8,-0.65
-4.83,1.8,-1.3
-4.62,1.8,-1.91
-4.33,1.8,-2.5
-3.97,1.8,-3.05
-3.53,1.8,-3.54
-3.04,1.8,-3.97
-2.5,1.8,-4.33
-1.91,1.8,-4.62
-1.29,1.8,-4.83
-0.65,1.8,-4.96
0.01,1.8,-5.0
0.66,1.8,-4.96
1.3,1.8,-4.83
1.92,1.8,-4.62
2.51,1.8,-4.33
3.05,1.8,-3.96
3.54,1.8,-3.53
3.97,1.8,-3.04
4.34,1.8,-2.49
4.62,1.8,-1.9
4.83,1.8,-1.28
4.96,1.8,-0.64
5.0,1.8,0.01
4.96,1.8,0.67
4.83,1.8,1.31
4.61,1.8,1.93
4.32,1.8,2.51
3.96,1.8,3.06
3.52,1.8,3.55
3.03,1.8,3.98
2.49,1.8,4.34
1.9,1.8,4.63
1.28,1.8,4.83
0.64,1.8,4.96
-0.02,1.8,5.0
-0.67,1.8,4.95
-1.31,1.8,4.82
-1.93,1.8,4.61
-2.52,1.8,4.32
-3.06,1.8,3.95
-3.55,1.8,3.52
-3.98,1.8,3.03
-4.34,1.8,2.48
-4.63,1.8,1.89
-4.84,1.8,1.27
-4.96,1.8,0.63
-5.0,1.78,0.0
-4.96,1.78,-0.65
-4.83,1.78,-1.3
-4.62,1.78,-1.91
-4.33,1.78,-2.5
-3.97,1.78,-3.05
-3.53,1.78,-3.54
-3.04,1.78,-3.97
-2.5,1.78,-4.33
-1.91,1.78,-4.62
-1.29,1.78,-4.83
-0.65,1.78,-4.96
0.01,1.78,-5.0
0.66,1.78,-4.96
1.3,1.78,-4.83
1.92,1.78,-4.62
2.51,1.78,-4.33
3.05,1.78,-3.96
3.54,1.78,-3.53
3.97,1.78,-3.04
4.34,1.78,-2.49
4.62,1.78,-1.9
4.83,1.78,-1.28
4.96,1.78,-0.64
5.0,1.78,0.01
4.96,1.78,0.67
4.83,1.78,1.31
4.61,1.78,1.93
4.32,1.78,2.51
3.96,1.78,3.06
3.52,1.78,3.55
3.03,1.78,3.98
2.49,1.78,4.34
1.9,1.78,4.63
1.28,1.78,4.83
0.64,1.78,4.96
-0.02,1.78,5.0
-0.67,1.78,4.95
-1.31,1.78,4.82
-1.93,1.78,4.61
-2.52,1.78,4.32
-3.06,1.78,3.95
-3.55,1.78,3.52
-3.98,1.78,3.03
-4.34,1.78,2.48
-4.63,1.78,1.89
-4.84,1.78,1.27
-4.96,1.78,0.63
-5.0,1.77,0.0
-4.96,1.77,-0.65
-4.83,1.77,-1.3
-4.62,1.77,-1.91
-4.33,1.77,-2.5
-3.97,1.77,-3.05
-3.53,1.77,-3.54
-3.04,1.77,-3.97
-2.5,1.77,-4.33
-1.91,1.77,-4.62
-1.29,1.77,-4.83
-0.65,1.77,-4.96
0.01,1.77,-5.0
0.66,1.77,-4.96
1.3,1.77,-4.83
1.92,1.77,-4.62
2.51,1.77,-4.33
3.05,1.77,-3.96
3.54,1.77,-3.53
3.97,1.77,-3.04
4.34,1.77,-2.49
4.62,1.77,-1.9
4.83,1.77,-1.28
4.96,1.77,-0.64
5.0,1.77,0.01
4.96,1.77,0.67
4.83,1.77,1.31
4.61,1.77,1.93
4.32,1.77,2.51
3.96,1.77,3.06
3.52,1.77,3.55
3.03,1.77,3.98
2.49,1.77,4.34
1.9,1.77,4.63
1.28,1.77,4.83
0.64,1.77,4.96
-0.02,1.77,5.0
-0.67,1.77,4.95
-1.31,1.77,4.82
-1.93,1.77,4.61
-2.52,1.77,4.32
-3.06,1.77,3.95
-3.55,1.77,3.52
-3.98,1.77,3.03
-4.34,1.77,2.48
-4.63,1.77,1.89
-4.84,1.77,1.27
-4.96,1.77,0.63
-5.0,1.75,0.0
-4.96,1.75,-0.65
-4.83,1.75,-1.3
-4.62,1.75,-1.91
-4.33,1.75,-2.5
-3.97,1.75,-3.05
-3.53,1.75,-3.54
-3.04,1.75,-3.97
-2.5,1.75,-4.33
-1.91,1.75,-4.62
-1.29,1.75,-4.83
-0.65,1.75,-4.96
0.01,1.75,-5.0
0.66,1.75,-4.96
1.3,1.75,-4.83
1.92,1.75,-4.62
2.51,1.75,-4.33
3.05,1.75,-3.96
3.54,1.75,-3.53
3.97,1.75,-3.04
4.34,1.75,-2.49
4.62,1.75,-1.9
4.83,1.75,-1.28
4.96,1.75,-0.64
5.0,1.75,0.01
4.96,1.75,0.67
4.83,1.75,1.31
4.61,1.75,1.93
4.32,1.75,2.51
3.96,1.75,3.06
3.52,1.75,3.55
3.03,1.75,3.98
2.49,1.75,4.34
1.9,1.75,4.63
1.28,1.75,4.83
0.64,1.75,4.96
-0.02,1.75,5.0
-0.67,1.75,4.95
-1.31,1.75,4.82
-1.93,1.75,4.61
-2.52,1.75,4.32
-3.06,1.75,3.95
-3.55,1.75,3.52
-3.98,1.75,3.03
-4.34,1.75,2.48
-4.63,1.75,1.89
-4.84,1.75,1.27
-4.96,1.75,0.63
-5.0,1.73,0.0
-4.96,1.73,-0.65
-4.83,1.73,-1.3
-4.62,1.73,-1.91
-4.33,1.73,-2.5
-3.97,1.73,-3.05
-3.53,1.73,-3.54
-3.04,1.73,-3.97
-2.5,1.73,-4.33
-1.91,1.73,-4.62
-1.29,1.73,-4.83
-0.65,1.73,-4.96
0.01,1.73,-5.0
0.66,1.73,-4.96
1.3,1.73,-4.83
1.92,1.73,-4.62
2.51,1.73,-4.33
3.05,1.73,-3.96
3.54,1.73,-3.53
3.97,1.73,-3.04
4.34,1.73,-2.49
4.62,1.73,-1.9
4.83,1.73,-1.28
4.96,1.73,-0.64
5.0,1.73,0.01
4.96,1.73,0.67
4.83,1.73,1.31
4.61,1.73,1.93
4.32,1.73,2.51
3.96,1.73,3.06
3.52,1.73,3.55
3.03,1.73,3.98
2.49,1.73,4.34
1.9,1.73,4.63
1.28,1.73,4.83
0.64,1.73,4.96
-0.02,1.73,5.0
-0.67,1.73,4.95
-1.31,1.73,4.82
-1.93,1.73,4.61
-2.52,1.73,4.32
-3.06,1.73,3.95
-3.55,1.73,3.52
-3.98,1.73,3.03
-4.34,1.73,2.48
-4.63,1.73,1.89
-4.84,1.73,1.27
-4.96,1.73,0.63
-5.0,1.71,0.0
-4.96,1.71,-0.65
-4.83,1.71,-1.3
-4.62,1.71,-1.91
-4.33,1.71,-2.5
-3.97,1.71,-3.05
-3.53,1.71,-3.54
-3.04,1.71,-3.97
-2.5,1.71,-4.33
-1.91,1.71,-4.62
-1.29,1.71,-4.83
-0.65,1.71,-4.96
0.01,1.71,-5.0
0.66,1.71,-4.96
1.3,1.71,-4.83
1.92,1.71,-4.62
2.51,1.71,-4.33
3.05,1.71,-3.96
3.54,1.71,-3.53
3.97,1.71,-3.04
4.34,1.71,-2.49
4.62,1.71,-1.9
4.83,1.71,-1.28
4.96,1.71,-0.64
5.0,1.71,0.01
4.96,1.71,0.67
4.83,1.71,1.31
4.61,1.71,1.93
4.32,1.71,2.51
3.96,1.71,3.06
3.52,1.71,3.55
3.03,1.71,3.98
2.49,1.71,4.34
1.9,1.71,4.63
1.28,1.71,4.83
0.64,1.71,4.96
-0.02,1.71,5.0
-0.67,1.71,4.95
-1.31,1.71,4.82
-1.93,1.71,4.61
-2.52,1.71,4.32
-3.06,1.71,3.95
-3.55,1.71,3.52
-3.98,1.71,3.03
-4.34,1.71,2.48
-4.63,1.71,1.89
-4.84,1.71,1.27
-4.96,1.71,0.63
-5.0,1.69,0.0
-4.96,1.69,-0.65
-4.83,1.69,-1.3
-4.62,1.69,-1.91
-4.33,1.69,-2.5
-3.97,1.69,-3.05
-3.53,1.69,-3.54
-3.04,1.69,-3.97
-2.5,1.69,-4.33
-1.91,1.69,-4.62
-1.29,1.69,-4.83
-0.65,1.69,-4.96
0.01,1.69,-5.0
0.66,1.69,-4.96
1.3,1.69,-4.83
1.92,1.69,-4.62
2.51,1.69,-4.33
3.05,1.69,-3.96
3.54,1.69,-3.53
3.97,1.69,-3.04
4.34,1.69,-2.49
4.62,1.69,-1.9
4.83,1.69,-1.28
4.96,1.69,-0.64
5.0,1.69,0.01
4.96,1.69,0.67
4.83,1.69,1.31
4.61,1.69,1.93
4.32,1.69,2.51
3.96,1.69,3.06
3.52,1.69,3.55
3.03,1.69,3.98
2.49,1.69,4.34
1.9,1.69,4.63
1.28,1.69,4.83
0.64,1.69,4.96
-0.02,1.69,5.0
-0.67,1.69,4.95
-1.31,1.69,4.82
-1.93,1.69,4.61
-2.52,1.69,4.32
-3.06,1.69,3.95
-3.55,1.69,3.52
-3.98,1.69,3.03
-4.34,1.69,2.48
-4.63,1.69,1.89
-4.84,1.69,1.27
-4.96,1.69,0.63
-5.0,1.68,0.0
-4.96,1.68,-0.65
-4.83,1.68,-1.3
-4.62,1.68,-1.91
-4.33,1.68,-2.5
-3.97,1.68,-3.05
-3.53,1.68,-3.54
-3.04,1.68,-3.97
-2.5,1.68,-4.33
-1.91,1.68,-4.62
-1.29,1.68,-4.83
-0.65,1.68,-4.96
0.01,1.68,-5.0
0.66,1.68,-4.96
1.3,1.68,-4.83
1.92,1.68,-4.62
2.51,1.68,-4.33
3.05,1.68,-3.96
3.54,1.68,-3.53
3.97,1.68,-3.04
4.34,1.68,-2.49
4.62,1.68,-1.9
4.83,1.68,-1.28
4.96,1.68,-0.64
5.0,1.68,0.01
4.96,1.68,0.67
4.83,1.68,1.31
4.61,1.68,1.93
4.32,1.68,2.51
3.96,1.68,3.06
3.52,1.68,3.55
3.03,1.68,3.98
2.49,1.68,4.34
1.9,1.68,4.63
1.28,1.68,4.83
0.64,1.68,4.96
-0.02,1.68,5.0
-0.67,1.68,4.95
-1.31,1.68,4.82
-1.93,1.68,4.61
-2.52,1.68,4.32
-3.06,1.68,3.95
-3.55,1.68,3.52
-3.98,1.68,3.03
-4.34,1.68,2.48
-4.63,1.68,1.89
-4.84,1.68,1.27
-4.96,1.68,0.63
-5.0,1.66,0.0
-4.96,1.66,-0.65
-4.83,1.66,-1.3
-4.62,1.66,-1.91
-4.33,1.66,-2.5
-3.97,1.66,-3.05
-3.53,1.66,-3.54
-3.04,1.66,-3.97
-2.5,1.66,-4.33
-1.91,1.66,-4.62
-1.29,1.66,-4.83
-0.65,1.66,-4.96
0.01,1.66,-5.0
0.66,1.66,-4.96
1.3,1.66,-4.83
1.92,1.66,-4.62
2.51,1.66,-4.33
3.05,1.66,-3.96
3.54,1.66,-3.53
3.97,1.66,-3.04
4.34,1.66,-2.49
4.62,1.66,-1.9
4.83,1.66,-1.28
4.96,1.66,-0.64
5.0,1.66,0.01
4.96,1.66,0.67
4.83,1.66,1.31
4.61,1.66,1.93
4.32,1.66,2.51
3.96,1.66,3.06
3.52,1.66,3.55
3.03,1.66,3.98
2.49,1.66,4.34
1.9,1.66,4.63
1.28,1.66,4.83
0.64,1.66,4.96
-0.02,1.66,5.0
-0.67,1.66,4.95
-1.31,1.66,4.82
-1.93,1.66,4.61
-2.52,1.66,4.32
-3.06,1.66,3.95
-3.55,1.66,3.52
-3.98,1.66,3.03
-4.34,1.66,2.48
-4.63,1.66,1.89
-4.84,1.66,1.27
-4.96,1.66,0.63
-5.0,1.64,0.0
-4.96,1.64,-0.65
-4.83,1.64,-1.3
-4.62,1.64,-1.91
-4.33,1.64,-2.5
-3.97,1.64,-3.05
-3.53,1.64,-3.54
-3.04,1.64,-3.97
-2.5,1.64,-4.33
-1.91,1.64,-4.62
-1.29,1.64,-4.83
-0.65,1.64,-4.96
0.01,1.64,-5.0
0.66,1.64,-4.96
1.3,1.64,-4.83
1.92,1.64,-4.62
2.51,1.64,-4.33
3.05,1.64,-3.96
3.54,1.64,-3.53
3.97,1.64,-3.04
4.34,1.64,-2.49
4.62,1.64,-1.9
4.83,1.64,-1.28
4.96,1.64,-0.64
5.0,1.64,0.01
4.96,1.64,0.67
4.83,1.64,1.31
4.61,1.64,1.93
4.32,1.64,2.51
3.96,1.64,3.06
3.52,1.64,3.55
3.03,1.64,3.98
2.49,1.64,4.34
1.9,1.64,4.63
1.28,1.64,4.83
0.64,1.64,4.96
-0.02,1.64,5.0
-0.67,1.64,4.95
-1.31,1.64,4.82
-1.93,1.64,4.61
-2.52,1.64,4.32
-3.06,1.64,3.95
-3.55,1.64,3.52
-3.98,1.64,3.03
-4.34,1.64,2.48
-4.63,1.64,1.89
-4.84,1.64,1.27
-4.96,1.64,0.63
-5.0,1.62,0.0
-4.96,1.62,-0.65
-4.83,1.62,-1.3
-4.62,1.62,-1.91
-4.33,1.62,-2.5
-3.97,1.62,-3.05
-3.53,1.62,-3.54
-3.04,1.62,-3.97
-2.5,1.62,-4.33
-1.91,1.62,-4.62
-1.29,1.62,-4.83
-0.65,1.62,-4.96
0.01,1.62,-5.0
0.66,1.62,-4.96
1.3,1.62,-4.83
1.92,1.62,-4.62
2.51,1.62,-4.33
3.05,1.62,-3.96
3.54,1.62,-3.53
3.97,1.62,-3.04
4.34,1.62,-2.49
4.62,1.62,-1.9
4.83,1.62,-1.28
4.96,1.62,-0.64
5.0,1.62,0.01
4.96,1.62,0.67
4.83,1.62,1.31
4.61,1.62,1.93
4.32,1.62,2.51
3.96,1.62,3.06
3.52,1.62,3.55
3.03,1.62,3.98
2.49,1.62,4.34
1.9,1.62,4.63
1.28,1.62,4.83
0.64,1.62,4.96
-0.02,1.62,5.0
-0.67,1.62,4.95
-1.31,1.62,4.82
-1.93,1.62,4.61
-2.52,1.62,4.32
-3.06,1.62,3.95
-3.55,1.62,3.52
-3.98,1.62,3.03
-4.34,1.62,2.48
-4.63,1.62,1.89
-4.84,1.62,1.27
-4.96,1.62,0.63
-5.0,1.6,0.0
-4.96,1.6,-0.65
-4.83,1.6,-1.3
-4.62,1.6,-1.91
-4.33,1.6,-2.5
-3.97,1.6,-3.05
-3.53,1.6,-3.54
-3.04,1.6,-3.97
-2.5,1.6,-4.33
-1.91,1.6,-4.62
-1.29,1.6,-4.83
-0.65,1.6,-4.96
0.01,1.6,-5.0
0.66,1.6,-4.96
1.3,1.6,-4.83
1.92,1.6,-4.62
2.51,1.6,-4.33
3.05,1.6,-3.96
3.54,1.6,-3.53
3.97,1.6,-3.04
4.34,1.6,-2.49
4.62,1.6,-1.9
4.83,1.6,-1.28
4.96,1.6,-0.64
5.0,1.6,0.01
4.96,1.6,0.67
4.83,1.6,1.31
4.61,1.6,1.93
4.32,1.6,2.51
3.96,1.6,3.06
3.52,1.6,3.55
3.03,1.6,3.98
2.49,1.6,4.34
1.9,1.6,4.63
1.28,1.6,4.83
0.64,1.6,4.96
-0.02,1.6,5.0
-0.67,1.6,4.95
-1.31,1.6,4.82
-1.93,1.6,4.61
-2.52,1.6,4.32
-3.06,1.6,3.95
-3.55,1.6,3.52
-3.98,1.6,3.03
-4.34,1.6,2.48
-4.63,1.6,1.89
-4.84,1.6,1.27
-4.96,1.6,0.63
-5.0,1.59,0.0
-4.96,1.59,-0.65
-4.83,1.59,-1.3
-4.62,1.59,-1.91
-4.33,1.59,-2.5
-3.97,1.59,-3.05
-3.53,1.59,-3.54
-3.04,1.59,-3.97
-2.5,1.59,-4.33
-1.91,1.59,-4.62
-1.29,1.59,-4.83
-0.65,1.59,-4.96
0.01,1.59,-5.0
0.66,1.59,-4.96
1.3,1.59,-4.83
1.92,1.59,-4.62
2.51,1.59,-4.33
3.05,1.59,-3.96
3.54,1.59,-3.53
3.97,1.59,-3.04
4.34,1.59,-2.49
4.62,1.59,-1.9
4.83,1.59,-1.28
4.96,1.59,-0.64
5.0,1.59,0.01
4.96,1.59,0.67
4.83,1.59,1.31
4.61,1.59,1.93
4.32,1.59,2.51
3.96,1.59,3.06
3.52,1.59,3.55
3.03,1.59,3.98
2.49,1.59,4.34
1.9,1.59,4.63
1.28,1.59,4.83
0.64,1.59,4.96
-0.02,1.59,5.0
-0.67,1.59,4.95
-1.31,1.59,4.82
-1.93,1.59,4.61
-2.52,1.59,4.32
-3.06,1.59,3.95
-3.55,1.59,3.52
-3.98,1.59,3.03
-4.34,1.59,2.48
-4.63,1.59,1.89
-4.84,1.59,1.27
-4.96,1.59,0.63
-5.0,1.57,0.0
-4.96,1.57,-0.65
-4.83,1.57,-1.3
-4.62,1.57,-1.91
-4.33,1.57,-2.5
-3.97,1.57,-3.05
-3.53,1.57,-3.54
-3.04,1.57,-3.97
-2.5,1.57,-4.33
-1.91,1.57,-4.62
-1.29,1.57,-4.83
-0.65,1.57,-4.96
0.01,1.57,-5.0
0.66,1.57,-4.96
1.3,1.57,-4.83
1.92,1.57,-4.62
2.51,1.57,-4.33
3.05,1.57,-3.96
3.54,1.57,-3.53
3.97,1.57,-3.04
4.34,1.57,-2.49
4.62,1.57,-1.9
4.83,1.57,-1.28
4.96,1.57,-0.64
5.0,1.57,0.01
4.96,1.57,0.67
4.83,1.57,1.31
4.61,1.57,1.93
4.32,1.57,2.51
3.96,1.57,3.06
3.52,1.57,3.55
3.03,1.57,3.98
2.49,1.57,4.34
1.9,1.57,4.63
1.28,1.57,4.83
0.64,1.57,4.96
-0.02,1.57,5.0
-0.67,1.57,4.95
-1.31,1.57,4.82
-1.93,1.57,4.61
-2.52,1.57,4.32
-3.06,1.57,3.95
-3.55,1.57,3.52
-3.98,1.57,3.03
-4.34,1.57,2.48
-4.63,1.57,1.89
-4.84,1.57,1.27
-4.96,1.57,0.63
-5.0,1.55,0.0
-4.96,1.55,-0.65
-4.83,1.55,-1.3
-4.62,1.55,-1.91
-4.33,1.55,-2.5
-3.97,1.55,-3.05
-3.53,1.55,-3.54
-3.04,1.55,-3.97
-2.5,1.55,-4.33
-1.91,1.55,-4.62
-1.29,1.55,-4.83
-0.65,1.55,-4.96
0.01,1.55,-5.0
0.66,1.55,-4.96
1.3,1.55,-4.83
1.92,1.55,-4.62
2.51,1.55,-4.33
3.05,1.55,-3.96
3.54,1.55,-3.53
3.97,1.55,-3.04
4.34,1.55,-2.49
4.62,1.55,-1.9
4.83,1.55,-1.28
4.96,1.55,-0.64
5.0,1.55,0.01
4.96,1.55,0.67
4.83,1.55,1.31
4.61,1.55,1.93
4.32,1.55,2.51
3.96,1.55,3.06
3.52,1.55,3.55
3.03,1.55,3.98
2.49,1.55,4.34
1.9,1.55,4.63
1.28,1.55,4.83
0.64,1.55,4.96
-0.02,1.55,5.0
-0.67,1.55,4.95
-1.31,1.55,4.82
-1.93,1.55,4.61
-2.52,1.55,4.32
-3.06,1.55,3.95
-3.55,1.55,3.52
-3.98,1.55,3.03
-4.34,1.55,2.48
-4.63,1.55,1.89
-4.84,1.55,1.27
-4.96,1.55,0.63
0.03,1.53,0.0
0.04,1.53,0.0
0.03,1.53,0.01
0.03,1.53,0.01
0.03,1.53,0.02
0.03,1.53,0.02
0.03,1.53,0.03
0.03,1.53,0.03
0.02,1.53,0.04
0.02,1.53,0.04
0.01,1.53,0.05
0.01,1.53,0.05
-0.0,1.53,0.05
-0.01,1.53,0.05
-0.01,1.53,0.05
-0.02,1.53,0.05
-0.03,1.53,0.05
-0.03,1.53,0.05
-0.04,1.53,0.04
-0.05,1.53,0.04
-0.05,1.53,0.03
-0.05,1.53,0.02
-0.05,1.53,0.01
-0.06,1.53,0.01
-0.05,1.53,-0.0
-0.05,1.53,-0.01
-0.05,1.53,-0.01
-0.05,1.53,-0.02
-0.04,1.53,-0.02
-0.04,1.53,-0.03
-0.03,1.53,-0.03
-0.03,1.53,-0.04
-0.02,1.53,-0.04
-0.02,1.53,-0.04
-0.01,1.53,-0.04
-0.0,1.53,-0.04
0.0,1.53,-0.04
0.0,1.53,-0.04
0.01,1.53,-0.03
0.01,1.53,-0.03
0.02,1.53,-0.03
0.02,1.53,-0.03
0.02,1.53,-0.02
0.03,1.53,-0.02
0.03,1.53,-0.02
0.03,1.53,-0.01
0.03,1.53,-0.01
0.03,1.53,-0.0
0.07,1.51,0.0
0.07,1.51,0.01
0.07,1.51,0.02
0.07,1.51,0.03
0.06,1.51,0.04
0.06,1.51,0.05
0.05,1.51,0.05
0.05,1.51,0.06
0.04,1.51,0.07
0.03,1.51,0.08
0.02,1.51,0.08
0.01,1.51,0.09
-0.0,1.51,0.09
-0.01,1.51,0.09
-0.02,1.51,0.09
-0.03,1.51,0.08
-0.05,1.51,0.08
-0.06,1.51,0.07
-0.07,1.51,0.07
-0.07,1.51,0.06
-0.08,1.51,0.05
-0.09,1.51,0.04
-0.09,1.51,0.02
-0.09,1.51,0.01
-0.09,1.51,-0.0
-0.09,1.51,-0.01
-0.08,1.51,-0.02
-0.08,1.51,-0.03
-0.07,1.51,-0.04
-0.07,1.51,-0.05
-0.06,1.51,-0.06
-0.05,1.51,-0.06
-0.04,1.51,-0.07
-0.03,1.51,-0.07
-0.02,1.51,-0.07
-0.01,1.51,-0.07
0.0,1.51,-0.07
0.01,1.51,-0.07
0.02,1.51,-0.07
0.03,1.51,-0.06
0.03,1.51,-0.06
0.04,1.51,-0.05
0.05,1.51,-0.05
0.05,1.51,-0.04
0.06,1.51,-0.03
0.06,1.51,-0.03
0.07,1.51,-0.02
0.07,1.51,-0.01
0.09,1.5,-0.0
0.09,1.5,0.01
0.09,1.5,0.02
0.09,1.5,0.04
0.08,1.5,0.05
0.08,1.5,0.06
0.07,1.5,0.07
0.06,1.5,0.08
0.05,1.5,0.09
0.04,1.5,0.1
0.03,1.5,0.1
0.01,1.5,0.11
-0.0,1.5,0.11
-0.01,1.5,0.11
-0.03,1.5,0.11
-0.04,1.5,0.1
-0.06,1.5,0.1
-0.07,1.5,0.09
-0.08,1.5,0.08
-0.09,1.5,0.07
-0.1,1.5,0.06
-0.11,1.5,0.04
-0.11,1.5,0.03
-0.11,1.5,0.01
-0.11,1.5,-0.0
-0.11,1.5,-0.01
-0.1,1.5,-0.03
-0.1,1.5,-0.04
-0.09,1.5,-0.05
-0.08,1.5,-0.06
-0.07,1.5,-0.07
-0.06,1.5,-0.08
-0.05,1.5,-0.09
-0.04,1.5,-0.09
-0.02,1.5,-0.09
-0.01,1.5,-0.09
0.0,1.5,-0.09
0.01,1.5,-0.09
0.02,1.5,-0.09
0.04,1.5,-0.08
0.05,1.5,-0.08
0.05,1.5,-0.07
0.06,1.5,-0.06
0.07,1.5,-0.05
0.08,1.5,-0.04
0.08,1.5,-0.03
0.09,1.5,-0.02
0.09,1.5,-0.01
0.11,1.48,0.0
0.11,1.48,0.01
0.1,1.48,0.03
0.1,1.48,0.04
0.1,1.48,0.06
0.09,1.48,0.07
0.08,1.48,0.08
0.07,1.48,0.09
0.06,1.48,0.1
0.05,1.48,0.11
0.03,1.48,0.12
0.02,1.48,0.12
-0.0,1.48,0.12
-0.02,1.48,0.12
-0.03,1.48,0.12
-0.05,1.48,0.12
-0.06,1.48,0.11
-0.08,1.48,0.1
-0.09,1.48,0.09
-0.1,1.48,0.08
-0.11,1.48,0.06
-0.12,1.48,0.05
-0.12,1.48,0.03
-0.13,1.48,0.02
-0.13,1.48,-0.0
-0.12,1.48,-0.02
-0.12,1.48,-0.03
-0.11,1.48,-0.05
-0.1,1.48,-0.06
-0.09,1.48,-0.07
-0.08,1.48,-0.08
-0.07,1.48,-0.09
-0.06,1.48,-0.1
-0.04,1.48,-0.1
-0.03,1.48,-0.11
-0.01,1.48,-0.11
0.0,1.48,-0.11
0.01,1.48,-0.11
0.03,1.48,-0.1
0.04,1.48,-0.1
0.05,1.48,-0.09
0.06,1.48,-0.08
0.07,1.48,-0.07
0.08,1.48,-0.06
0.09,1.48,-0.05
0.1,1.48,-0.04
0.1,1.48,-0.03
0.1,1.48,-0.01
0.12,1.46,0.0
0.12,1.46,0.02
0.11,1.46,0.03
0.11,1.46,0.05
0.1,1.46,0.06
0.1,1.46,0.07
0.09,1.46,0.09
0.08,1.46,0.1
0.06,1.46,0.11
0.05,1.46,0.12
0.03,1.46,0.13
0.02,1.46,0.13
-0.0,1.46,0.13
-0.02,1.46,0.13
-0.04,1.46,0.13
-0.05,1.46,0.13
-0.07,1.46,0.12
-0.08,1.46,0.11
-0.1,1.46,0.1
-0.11,1.46,0.08
-0.12,1.46,0.07
-0.13,1.46,0.05
-0.13,1.46,0.04
-0.14,1.46,0.02
-0.14,1.46,-0.0
-0.13,1.46,-0.02
-0.13,1.46,-0.03
-0.12,1.46,-0.05
-0.11,1.46,-0.07
-0.1,1.46,-0.08
-0.09,1.46,-0.09
-0.08,1.46,-0.1
-0.06,1.46,-0.11
-0.05,1.46,-0.11
-0.03,1.46,-0.12
-0.02,1.46,-0.12
0.0,1.46,-0.12
0.02,1.46,-0.12
0.03,1.46,-0.11
0.04,1.46,-0.11
0.06,1.46,-0.1
0.07,1.46,-0.09
0.08,1.46,-0.08
0.09,1.46,-0.07
0.1,1.46,-0.06
0.11,1.46,-0.04
0.11,1.46,-0.03
0.11,1.46,-0.01
0.12,1.44,0.0
0.12,1.44,0.02
0.12,1.44,0.03
0.12,1.44,0.05
0.11,1.44,0.06
0.1,1.44,0.08
0.09,1.44,0.09
0.08,1.44,0.11
0.07,1.44,0.12
0.05,1.44,0.13
0.04,1.44,0.13
0.02,1.44,0.14
-0.0,1.44,0.14
-0.02,1.44,0.14
-0.04,1.44,0.14
-0.06,1.44,0.13
-0.07,1.44,0.13
-0.09,1.44,0.12
-0.1,1.44,0.1
-0.12,1.44,0.09
-0.13,1.44,0.07
-0.13,1.44,0.06
-0.14,1.44,0.04
-0.14,1.44,0.02
-0.14,1.44,-0.0
-0.14,1.44,-0.02
-0.14,1.44,-0.04
-0.13,1.44,-0.05
-0.12,1.44,-0.07
-0.11,1.44,-0.08
-0.1,1.44,-0.1
-0.08,1.44,-0.11
-0.07,1.44,-0.11
-0.05,1.44,-0.12
-0.03,1.44,-0.12
-0.02,1.44,-0.13
0.0,1.44,-0.13
0.02,1.44,-0.12
0.03,1.44,-0.12
0.05,1.44,-0.11
0.06,1.44,-0.11
0.07,1.44,-0.1
0.09,1.44,-0.09
0.1,1.44,-0.07
0.11,1.44,-0.06
0.11,1.44,-0.05
0.12,1.44,-0.03
0.12,1.44,-0.02
0.13,1.42,0.0
0.13,1.42,0.02
0.13,1.42,0.03
0.12,1.42,0.05
0.11,1.42,0.07
0.11,1.42,0.08
0.1,1.42,0.1
0.08,1.42,0.11
0.07,1.42,0.12
0.05,1.42,0.13
0.04,1.42,0.14
0.02,1.42,0.14
-0.0,1.42,0.14
-0.02,1.42,0.14
-0.04,1.42,0.14
-0.06,1.42,0.14
-0.07,1.42,0.13
-0.09,1.42,0.12
-0.11,1.42,0.11
-0.12,1.42,0.09
-0.13,1.42,0.07
-0.14,1.42,0.06
-0.14,1.42,0.04
-0.15,1.42,0.02
-0.15,1.42,-0.0
-0.15,1.42,-0.02
-0.14,1.42,-0.04
-0.13,1.42,-0.06
-0.12,1.42,-0.07
-0.11,1.42,-0.09
-0.1,1.42,-0.1
-0.08,1.42,-0.11
-0.07,1.42,-0.12
-0.05,1.42,-0.12
-0.03,1.42,-0.13
-0.02,1.42,-0.13
0.0,1.42,-0.13
0.02,1.42,-0.13
0.03,1.42,-0.13
0.05,1.42,-0.12
0.07,1.42,-0.11
0.08,1.42,-0.11
0.09,1.42,-0.09
0.11,1.42,-0.08
0.12,1.42,-0.07
0.12,1.42,-0.05
0.13,1.42,-0.03
0.13,1.42,-0.02
0.15,1.41,0.0
0.15,1.41,0.02
0.15,1.41,0.04
0.14,1.41,0.06
0.13,1.41,0.08
0.12,1.41,0.09
0.11,1.41,0.11
0.09,1.41,0.12
0.08,1.41,0.13
0.06,1.41,0.15
0.04,1.41,0.15
0.02,1.41,0.15
-0.0,1.41,0.15
-0.02,1.41,0.14
-0.04,1.41,0.13
-0.05,1.41,0.12
-0.07,1.41,0.11
-0.08,1.41,0.1
-0.09,1.41,0.09
-0.1,1.41,0.07
-0.1,1.41,0.06
-0.11,1.41,0.04
-0.11,1.41,0.03
-0.11,1.41,0.01
-0.11,1.41,-0.0
-0.11,1.41,-0.01
-0.1,1.41,-0.03
-0.1,1.41,-0.04
-0.09,1.41,-0.05
-0.08,1.41,-0.06
-0.07,1.41,-0.07
-0.06,1.41,-0.08
-0.05,1.41,-0.09
-0.04,1.41,-0.09
-0.03,1.41,-0.1
-0.01,1.41,-0.1
0.0,1.41,-0.09
0.01,1.41,-0.09
0.03,1.41,-0.09
0.04,1.41,-0.09
0.05,1.41,-0.09
0.07,1.41,-0.09
0.08,1.41,-0.08
0.1,1.41,-0.07
0.11,1.41,-0.06
0.12,1.41,-0.05
0.13,1.41,-0.03
0.14,1.41,-0.02
0.15,1.39,-0.0
0.15,1.39,0.02
0.16,1.39,0.04
0.16,1.39,0.06
0.15,1.39,0.09
0.14,1.39,0.11
0.12,1.39,0.12
0.11,1.39,0.14
0.09,1.39,0.15
0.07,1.39,0.17
0.05,1.39,0.18
0.02,1.39,0.18
-0.0,1.39,0.19
-0.02,1.39,0.18
-0.05,1.39,0.18
-0.07,1.39,0.16
-0.09,1.39,0.15
-0.1,1.39,0.14
-0.12,1.39,0.12
-0.13,1.39,0.1
-0.14,1.39,0.08
-0.15,1.39,0.06
-0.15,1.39,0.04
-0.15,1.39,0.02
-0.15,1.39,-0.0
-0.15,1.39,-0.02
-0.14,1.39,-0.04
-0.13,1.39,-0.06
-0.12,1.39,-0.07
-0.11,1.39,-0.08
-0.1,1.39,-0.1
-0.08,1.39,-0.11
-0.07,1.39,-0.12
-0.06,1.39,-0.13
-0.04,1.39,-0.14
-0.02,1.39,-0.14
0.0,1.39,-0.15
0.02,1.39,-0.14
0.04,1.39,-0.14
0.06,1.39,-0.13
0.07,1.39,-0.12
0.09,1.39,-0.11
0.1,1.39,-0.1
0.12,1.39,-0.09
0.13,1.39,-0.07
0.13,1.39,-0.05
0.14,1.39,-0.04
0.14,1.39,-0.02
0.14,1.37,0.0
0.14,1.37,0.02
0.13,1.37,0.04
0.13,1.37,0.05
0.12,1.37,0.07
0.11,1.37,0.08
0.1,1.37,0.1
0.08,1.37,0.11
0.07,1.37,0.12
0.05,1.37,0.13
0.04,1.37,0.13
0.02,1.37,0.14
-0.0,1.37,0.15
-0.02,1.37,0.15
-0.04,1.37,0.14
-0.06,1.37,0.14
-0.08,1.37,0.13
-0.09,1.37,0.12
-0.11,1.37,0.11
-0.12,1.37,0.09
-0.13,1.37,0.08
-0.15,1.37,0.06
-0.15,1.37,0.04
-0.16,1.37,0.02
-0.16,1.37,-0.0
-0.15,1.37,-0.02
-0.15,1.37,-0.04
-0.14,1.37,-0.06
-0.13,1.37,-0.07
-0.12,1.37,-0.09
-0.1,1.37,-0.1
-0.09,1.37,-0.11
-0.07,1.37,-0.12
-0.05,1.37,-0.13
-0.03,1.37,-0.13
-0.02,1.37,-0.13
0.0,1.37,-0.13
0.02,1.37,-0.13
0.03,1.37,-0.12
0.05,1.37,-0.12
0.06,1.37,-0.11
0.08,1.37,-0.1
0.09,1.37,-0.09
0.1,1.37,-0.08
0.11,1.37,-0.06
0.12,1.37,-0.05
0.12,1.37,-0.03
0.12,1.37,-0.02
0.12,1.35,0.0
0.12,1.35,0.02
0.12,1.35,0.03
0.12,1.35,0.05
0.11,1.35,0.06
0.1,1.35,0.08
0.09,1.35,0.09
0.08,1.35,0.11
0.07,1.35,0.12
0.05,1.35,0.13
0.04,1.35,0.14
0.02,1.35,0.14
-0.0,1.35,0.14
-0.02,1.35,0.15
-0.04,1.35,0.14
-0.06,1.35,0.14
-0.08,1.35,0.13
-0.09,1.35,0.12
-0.11,1.35,0.11
-0.13,1.35,0.1
-0.14,1.35,0.08
-0.15,1.35,0.06
-0.16,1.35,0.04
-0.16,1.35,0.02
-0.16,1.35,-0.0
-0.16,1.35,-0.02
-0.15,1.35,-0.04
-0.14,1.35,-0.06
-0.13,1.35,-0.08
-0.12,1.35,-0.09
-0.11,1.35,-0.11
-0.09,1.35,-0.12
-0.07,1.35,-0.12
-0.05,1.35,-0.13
-0.04,1.35,-0.13
-0.02,1.35,-0.13
0.0,1.35,-0.13
0.02,1.35,-0.13
0.03,1.35,-0.12
0.05,1.35,-0.12
0.06,1.35,-0.11
0.08,1.35,-0.1
0.09,1.35,-0.09
0.1,1.35,-0.07
0.11,1.35,-0.06
0.11,1.35,-0.05
0.12,1.35,-0.03
0.12,1.35,-0.02
0.12,1.33,0.0
0.12,1.33,0.02
0.12,1.33,0.03
0.11,1.33,0.05
0.11,1.33,0.06
0.1,1.33,0.08
0.09,1.33,0.09
0.08,1.33,0.1
0.07,1.33,0.12
0.05,1.33,0.13
0.04,1.33,0.13
0.02,1.33,0.14
-0.0,1.33,0.14
-0.02,1.33,0.14
-0.04,1.33,0.14
-0.06,1.33,0.14
-0.08,1.33,0.13
-0.1,1.33,0.12
-0.11,1.33,0.11
-0.13,1.33,0.1
-0.14,1.33,0.08
-0.15,1.33,0.06
-0.16,1.33,0.04
-0.16,1.33,0.02
-0.16,1.33,-0.0
-0.16,1.33,-0.02
-0.16,1.33,-0.04
-0.15,1.33,-0.06
-0.14,1.33,-0.08
-0.12,1.33,-0.09
-0.11,1.33,-0.11
-0.09,1.33,-0.12
-0.07,1.33,-0.13
-0.05,1.33,-0.13
-0.04,1.33,-0.13
-0.02,1.33,-0.14
0.0,1.33,-0.13
0.02,1.33,-0.13
0.03,1.33,-0.12
0.05,1.33,-0.12
0.06,1.33,-0.11
0.08,1.33,-0.1
0.09,1.33,-0.09
0.1,1.33,-0.07
0.1,1.33,-0.06
0.11,1.33,-0.05
0.12,1.33,-0.03
0.12,1.33,-0.02
0.12,1.32,0.0
0.12,1.32,0.02
0.11,1.32,0.03
0.11,1.32,0.05
0.11,1.32,0.06
0.1,1.32,0.08
0.09,1.32,0.09
0.08,1.32,0.1
0.07,1.32,0.11
0.05,1.32,0.12
0.04,1.32,0.13
0.02,1.32,0.14
-0.0,1.32,0.14
-0.02,1.32,0.14
-0.04,1.32,0.14
-0.06,1.32,0.14
-0.08,1.32,0.13
-0.1,1.32,0.13
-0.11,1.32,0.11
-0.13,1.32,0.1
-0.14,1.32,0.08
-0.15,1.32,0.06
-0.16,1.32,0.04
-0.17,1.32,0.02
-0.17,1.32,-0.0
-0.16,1.32,-0.02
-0.16,1.32,-0.04
-0.15,1.32,-0.06
-0.14,1.32,-0.08
-0.12,1.32,-0.1
-0.11,1.32,-0.11
-0.09,1.32,-0.12
-0.07,1.32,-0.13
-0.05,1.32,-0.13
-0.04,1.32,-0.14
-0.02,1.32,-0.14
0.0,1.32,-0.13
0.02,1.32,-0.13
0.03,1.32,-0.12
0.05,1.32,-0.12
0.06,1.32,-0.11
0.07,1.32,-0.1
0.08,1.32,-0.08
0.09,1.32,-0.07
0.1,1.32,-0.06
0.11,1.32,-0.04
0.11,1.32,-0.03
0.12,1.32,-0.01
0.11,1.3,-0.0
0.11,1.3,0.01
0.11,1.3,0.03
0.11,1.3,0.04
0.1,1.3,0.06
0.1,1.3,0.07
0.09,1.3,0.09
0.08,1.3,0.1
0.06,1.3,0.11
0.05,1.3,0.12
0.03,1.3,0.13
0.02,1.3,0.14
-0.0,1.3,0.16
-0.02,1.3,0.18
-0.04,1.3,0.16
-0.06,1.3,0.14
-0.08,1.3,0.13
-0.1,1.3,0.13
-0.11,1.3,0.11
-0.13,1.3,0.1
-0.14,1.3,0.08
-0.15,1.3,0.06
-0.16,1.3,0.04
-0.17,1.3,0.02
-0.17,1.3,-0.0
-0.17,1.3,-0.02
-0.16,1.3,-0.04
-0.15,1.3,-0.06
-0.14,1.3,-0.08
-0.13,1.3,-0.1
-0.11,1.3,-0.11
-0.09,1.3,-0.12
-0.07,1.3,-0.13
-0.05,1.3,-0.13
-0.04,1.3,-0.14
-0.02,1.3,-0.14
0.0,1.3,-0.13
0.02,1.3,-0.13
0.03,1.3,-0.12
0.05,1.3,-0.11
0.06,1.3,-0.1
0.07,1.3,-0.09
0.08,1.3,-0.08
0.09,1.3,-0.07
0.1,1.3,-0.06
0.11,1.3,-0.04
0.11,1.3,-0.03
0.11,1.3,-0.01
0.11,1.28,0.0
0.11,1.28,0.01
0.11,1.28,0.03
0.1,1.28,0.04
0.1,1.28,0.06
0.09,1.28,0.07
0.08,1.28,0.08
0.07,1.28,0.1
0.06,1.28,0.11
0.07,1.28,0.16
0.05,1.28,0.19
0.03,1.28,0.22
-0.0,1.28,0.23
-0.03,1.28,0.23
-0.06,1.28,0.22
-0.09,1.28,0.2
-0.1,1.28,0.18
-0.11,1.28,0.15
-0.12,1.28,0.12
-0.13,1.28,0.1
-0.14,1.28,0.08
-0.15,1.28,0.06
-0.16,1.28,0.04
-0.17,1.28,0.02
-0.17,1.28,-0.0
-0.16,1.28,-0.02
-0.17,1.28,-0.04
-0.17,1.28,-0.07
-0.18,1.28,-0.1
-0.17,1.28,-0.13
-0.15,1.28,-0.15
-0.13,1.28,-0.17
-0.1,1.28,-0.17
-0.07,1.28,-0.17
-0.04,1.28,-0.14
-0.02,1.28,-0.13
0.0,1.28,-0.13
0.02,1.28,-0.13
0.03,1.28,-0.12
0.05,1.28,-0.11
0.06,1.28,-0.1
0.07,1.28,-0.09
0.08,1.28,-0.08
0.09,1.28,-0.07
0.1,1.28,-0.06
0.1,1.28,-0.04
0.11,1.28,-0.03
0.11,1.28,-0.01
0.11,1.26,0.0
0.11,1.26,0.01
0.1,1.26,0.03
0.1,1.26,0.04
0.1,1.26,0.06
0.09,1.26,0.07
0.09,1.26,0.09
0.1,1.26,0.13
0.1,1.26,0.17
0.08,1.26,0.2
0.06,1.26,0.23
0.03,1.26,0.25
-0.0,1.26,0.26
-0.03,1.26,0.26
-0.07,1.26,0.25
-0.1,1.26,0.23
-0.12,1.26,0.21
-0.14,1.26,0.18
-0.15,1.26,0.14
-0.15,1.26,0.12
-0.16,1.26,0.09
-0.17,1.26,0.07
-0.17,1.26,0.05
-0.18,1.26,0.02
-0.19,1.26,-0.0
-0.2,1.26,-0.03
-0.2,1.26,-0.06
-0.21,1.26,-0.09
-0.21,1.26,-0.12
-0.2,1.26,-0.15
-0.18,1.26,-0.18
-0.15,1.26,-0.2
-0.12,1.26,-0.21
-0.09,1.26,-0.21
-0.05,1.26,-0.2
-0.02,1.26,-0.18
0.0,1.26,-0.15
0.02,1.26,-0.12
0.03,1.26,-0.12
0.05,1.26,-0.11
0.06,1.26,-0.1
0.07,1.26,-0.09
0.08,1.26,-0.08
0.09,1.26,-0.07
0.09,1.26,-0.05
0.1,1.26,-0.04
0.1,1.26,-0.03
0.11,1.26,-0.01
0.1,1.24,0.0
0.1,1.24,0.01
0.1,1.24,0.03
0.09,1.24,0.04
0.1,1.24,0.06
0.11,1.24,0.08
0.12,1.24,0.12
0.12,1.24,0.16
0.11,1.24,0.19
0.09,1.24,0.22
0.07,1.24,0.25
0.04,1.24,0.27
-0.0,1.24,0.28
-0.04,1.24,0.28
-0.07,1.24,0.27
-0.11,1.24,0.25
-0.13,1.24,0.23
-0.15,1.24,0.2
-0.16,1.24,0.16
-0.17,1.24,0.13
-0.18,1.24,0.1
-0.19,1.24,0.08
-0.2,1.24,0.05
-0.2,1.24,0.03
-0.21,1.24,-0.0
-0.22,1.24,-0.03
-0.23,1.24,-0.06
-0.24,1.24,-0.1
-0.23,1.24,-0.13
-0.22,1.24,-0.17
-0.19,1.24,-0.19
-0.16,1.24,-0.22
-0.13,1.24,-0.23
-0.1,1.24,-0.23
-0.06,1.24,-0.23
-0.03,1.24,-0.21
0.0,1.24,-0.19
0.02,1.24,-0.16
0.03,1.24,-0.13
0.04,1.24,-0.1
0.05,1.24,-0.09
0.06,1.24,-0.08
0.07,1.24,-0.07
0.08,1.24,-0.06
0.09,1.24,-0.05
0.09,1.24,-0.04
0.1,1.24,-0.03
0.1,1.24,-0.01
0.1,1.23,0.0
0.6,1.23,0.08
0.54,1.23,0.14
0.11,1.23,0.05
0.12,1.23,0.07
0.13,1.23,0.1
0.14,1.23,0.14
0.13,1.23,0.17
0.12,1.23,0.21
0.1,1.23,0.24
0.07,1.23,0.27
0.04,1.23,0.29
-0.0,1.23,0.3
-0.04,1.23,0.3
-0.08,1.23,0.29
-0.11,1.23,0.27
-0.14,1.23,0.24
-0.16,1.23,0.21
-0.18,1.23,0.18
-0.19,1.23,0.14
-0.2,1.23,0.11
-0.2,1.23,0.08
-0.21,1.23,0.06
-0.22,1.23,0.03
-0.23,1.23,-0.0
-0.24,1.23,-0.03
-0.25,1.23,-0.07
-0.25,1.23,-0.11
-0.25,1.23,-0.14
-0.23,1.23,-0.18
-0.21,1.23,-0.21
-0.18,1.23,-0.23
-0.14,1.23,-0.25
-0.1,1.23,-0.25
-0.07,1.23,-0.25
-0.03,1.23,-0.23
0.0,1.23,-0.21
0.03,1.23,-0.19
0.04,1.23,-0.16
0.05,1.23,-0.13
0.06,1.23,-0.1
0.07,1.23,-0.09
0.07,1.23,-0.07
0.08,1.23,-0.06
0.08,1.23,-0.05
0.09,1.23,-0.03
0.09,1.23,-0.02
0.09,1.23,-0.01
0.11,1.21,-0.0
0.6,1.21,0.08
0.55,1.21,0.15
0.4,1.21,0.17
0.14,1.21,0.08
0.2,1.21,0.16
0.16,1.21,0.16
0.14,1.21,0.19
0.13,1.21,0.22
0.11,1.21,0.26
0.08,1.21,0.28
0.04,1.21,0.3
-0.0,1.21,0.31
-0.04,1.21,0.31
-0.08,1.21,0.3
-0.12,1.21,0.28
-0.15,1.21,0.26
-0.17,1.21,0.22
-0.19,1.21,0.19
-0.2,1.21,0.15
-0.21,1.21,0.12
-0.22,1.21,0.09
-0.23,1.21,0.06
-0.24,1.21,0.03
-0.25,1.21,-0.0
-0.26,1.21,-0.03
-0.27,1.21,-0.07
-0.27,1.21,-0.11
-0.26,1.21,-0.15
-0.24,1.21,-0.19
-0.22,1.21,-0.22
-0.18,1.21,-0.24
-0.15,1.21,-0.26
-0.11,1.21,-0.26
-0.07,1.21,-0.26
-0.03,1.21,-0.25
0.0,1.21,-0.23
0.03,1.21,-0.21
0.05,1.21,-0.18
0.06,1.21,-0.15
0.07,1.21,-0.12
0.08,1.21,-0.1
0.08,1.21,-0.08
0.09,1.21,-0.07
0.09,1.21,-0.05
0.1,1.21,-0.04
0.1,1.21,-0.03
0.11,1.21,-0.01
0.12,1.19,0.0
0.13,1.19,0.02
0.55,1.19,0.15
0.44,1.19,0.18
0.34,1.19,0.19
0.23,1.19,0.18
0.17,1.19,0.17
0.15,1.19,0.2
0.13,1.19,0.23
0.11,1.19,0.27
0.08,1.19,0.29
0.04,1.19,0.31
-0.0,1.19,0.32
-0.04,1.19,0.32
-0.08,1.19,0.31
-0.12,1.19,0.29
-0.15,1.19,0.27
-0.18,1.19,0.23
-0.2,1.19,0.19
-0.21,1.19,0.16
-0.22,1.19,0.12
-0.23,1.19,0.09
-0.24,1.19,0.06
-0.25,1.19,0.03
-0.26,1.19,-0.0
-0.27,1.19,-0.04
-0.28,1.19,-0.08
-0.28,1.19,-0.12
-0.27,1.19,-0.16
-0.25,1.19,-0.19
-0.22,1.19,-0.23
-0.19,1.19,-0.25
-0.15,1.19,-0.27
-0.11,1.19,-0.28
-0.07,1.19,-0.27
-0.03,1.19,-0.26
0.0,1.19,-0.25
0.03,1.19,-0.22
0.05,1.19,-0.19
0.07,1.19,-0.16
0.08,1.19,-0.13
0.09,1.19,-0.11
0.09,1.19,-0.09
0.1,1.19,-0.07
0.1,1.19,-0.06
0.11,1.19,-0.04
0.11,1.19,-0.03
0.12,1.19,-0.01
0.13,1.17,0.0
0.14,1.17,0.02
0.53,1.17,0.14
0.45,1.17,0.19
0.35,1.17,0.2
0.28,1.17,0.21
0.18,1.17,0.18
0.16,1.17,0.21
0.14,1.17,0.24
0.11,1.17,0.27
0.08,1.17,0.3
0.04,1.17,0.32
-0.0,1.17,0.33
-0.04,1.17,0.33
-0.09,1.17,0.32
-0.12,1.17,0.3
-0.16,1.17,0.27
-0.18,1.17,0.24
-0.2,1.17,0.2
-0.21,1.17,0.16
-0.22,1.17,0.13
-0.24,1.17,0.1
-0.25,1.17,0.07
-0.26,1.17,0.03
-0.27,1.17,-0.0
-0.28,1.17,-0.04
-0.29,1.17,-0.08
-0.29,1.17,-0.12
-0.28,1.17,-0.16
-0.26,1.17,-0.2
-0.23,1.17,-0.23
-0.2,1.17,-0.26
-0.16,1.17,-0.28
-0.12,1.17,-0.28
-0.07,1.17,-0.28
-0.04,1.17,-0.27
0.0,1.17,-0.26
0.03,1.17,-0.23
0.06,1.17,-0.2
0.07,1.17,-0.17
0.08,1.17,-0.14
0.09,1.17,-0.12
0.1,1.17,-0.1
0.1,1.17,-0.08
0.11,1.17,-0.06
0.12,1.17,-0.05
0.12,1.17,-0.03
0.13,1.17,-0.02
0.14,1.15,-0.0
0.14,1.15,0.02
0.52,1.15,0.14
0.45,1.15,0.19
0.35,1.15,0.2
0.28,1.15,0.21
0.17,1.15,0.17
0.16,1.15,0.21
0.14,1.15,0.25
0.12,1.15,0.28
0.08,1.15,0.31
0.04,1.15,0.33
-0.0,1.15,0.34
-0.04,1.15,0.34
-0.09,1.15,0.33
-0.13,1.15,0.31
-0.16,1.15,0.28
-0.19,1.15,0.24
-0.21,1.15,0.21
-0.22,1.15,0.17
-0.23,1.15,0.13
-0.24,1.15,0.1
-0.25,1.15,0.07
-0.26,1.15,0.03
-0.27,1.15,-0.0
-0.29,1.15,-0.04
-0.29,1.15,-0.08
-0.29,1.15,-0.12
-0.28,1.15,-0.16
-0.26,1.15,-0.2
-0.24,1.15,-0.24
-0.2,1.15,-0.26
-0.16,1.15,-0.28
-0.12,1.15,-0.29
-0.08,1.15,-0.29
-0.04,1.15,-0.28
0.0,1.15,-0.26
0.03,1.15,-0.24
0.06,1.15,-0.21
0.08,1.15,-0.18
0.09,1.15,-0.15
0.1,1.15,-0.12
0.1,1.15,-0.1
0.11,1.15,-0.08
0.12,1.15,-0.07
0.12,1.15,-0.05
0.13,1.15,-0.03
0.13,1.15,-0.02
0.14,1.14,0.0
0.15,1.14,0.02
0.51,1.14,0.14
0.43,1.14,0.18
0.34,1.14,0.2
0.27,1.14,0.21
0.18,1.14,0.18
0.16,1.14,0.21
0.15,1.14,0.25
0.12,1.14,0.28
0.08,1.14,0.31
0.04,1.14,0.33
-0.0,1.14,0.34
-0.05,1.14,0.34
-0.09,1.14,0.33
-0.13,1.14,0.31
-0.16,1.14,0.28
-0.19,1.14,0.25
-0.21,1.14,0.21
-0.22,1.14,0.17
-0.23,1.14,0.13
-0.25,1.14,0.1
-0.26,1.14,0.07
-0.27,1.14,0.03
-0.28,1.14,-0.0
-0.29,1.14,-0.04
-0.3,1.14,-0.08
-0.3,1.14,-0.12
-0.29,1.14,-0.17
-0.27,1.14,-0.21
-0.24,1.14,-0.24
-0.2,1.14,-0.27
-0.16,1.14,-0.29
-0.12,1.14,-0.3
-0.08,1.14,-0.3
-0.04,1.14,-0.29
0.0,1.14,-0.27
0.03,1.14,-0.25
0.06,1.14,-0.22
0.08,1.14,-0.19
0.09,1.14,-0.16
0.1,1.14,-0.13
0.11,1.14,-0.11
0.11,1.14,-0.09
0.12,1.14,-0.07
0.13,1.14,-0.05
0.13,1.14,-0.03
0.14,1.14,-0.02
0.15,1.12,-0.0
0.15,1.12,0.02
0.16,1.12,0.04
0.39,1.12,0.16
0.32,1.12,0.19
0.18,1.12,0.14
0.18,1.12,0.18
0.17,1.12,0.22
0.15,1.12,0.25
0.12,1.12,0.29
0.08,1.12,0.31
0.04,1.12,0.33
-0.0,1.12,0.34
-0.05,1.12,0.34
-0.09,1.12,0.33
-0.13,1.12,0.31
-0.17,1.12,0.28
-0.19,1.12,0.25
-0.21,1.12,0.21
-0.23,1.12,0.17
-0.24,1.12,0.14
-0.25,1.12,0.1
-0.26,1.12,0.07
-0.27,1.12,0.03
-0.28,1.12,-0.0
-0.29,1.12,-0.04
-0.3,1.12,-0.08
-0.3,1.12,-0.13
-0.29,1.12,-0.17
-0.27,1.12,-0.21
-0.24,1.12,-0.24
-0.21,1.12,-0.27
-0.17,1.12,-0.29
-0.12,1.12,-0.3
-0.08,1.12,-0.3
-0.04,1.12,-0.29
0.0,1.12,-0.27
0.03,1.12,-0.25
0.06,1.12,-0.22
0.08,1.12,-0.19
0.09,1.12,-0.16
0.1,1.12,-0.13
0.11,1.12,-0.11
0.12,1.12,-0.09
0.12,1.12,-0.07
0.13,1.12,-0.05
0.13,1.12,-0.04
0.14,1.12,-0.02
0.15,1.1,0.0
0.15,1.1,0.02
0.16,1.1,0.04
0.17,1.1,0.07
0.18,1.1,0.1
0.18,1.1,0.14
0.18,1.1,0.18
0.17,1.1,0.22
0.15,1.1,0.26
0.12,1.1,0.29
0.08,1.1,0.32
0.04,1.1,0.33
-0.0,1.1,0.34
-0.05,1.1,0.34
-0.09,1.1,0.33
-0.13,1.1,0.31
-0.17,1.1,0.29
-0.19,1.1,0.25
-0.21,1.1,0.21
-0.23,1.1,0.17
-0.24,1.1,0.14
-0.25,1.1,0.1
-0.26,1.1,0.07
-0.27,1.1,0.04
-0.28,1.1,-0.0
-0.3,1.1,-0.04
-0.3,1.1,-0.08
-0.3,1.1,-0.13
-0.29,1.1,-0.17
-0.27,1.1,-0.21
-0.24,1.1,-0.24
-0.21,1.1,-0.27
-0.17,1.1,-0.29
-0.12,1.1,-0.3
-0.08,1.1,-0.3
-0.04,1.1,-0.29
0.0,1.1,-0.28
0.03,1.1,-0.25
0.06,1.1,-0.22
0.08,1.1,-0.19
0.09,1.1,-0.16
0.1,1.1,-0.13
0.11,1.1,-0.11
0.12,1.1,-0.09
0.12,1.1,-0.07
0.13,1.1,-0.05
0.13,1.1,-0.04
0.14,1.1,-0.02
0.14,1.08,0.0
0.15,1.08,0.02
0.16,1.08,0.04
0.4,1.08,0.17
0.32,1.08,0.19
0.18,1.08,0.14
0.17,1.08,0.17
0.16,1.08,0.21
0.14,1.08,0.25
0.12,1.08,0.28
0.08,1.08,0.31
0.04,1.08,0.33
-0.0,1.08,0.34
-0.05,1.08,0.35
-0.09,1.08,0.34
-0.13,1.08,0.32
-0.17,1.08,0.29
-0.2,1.08,0.26
-0.22,1.08,0.22
-0.24,1.08,0.18
-0.25,1.08,0.14
-0.26,1.08,0.11
-0.27,1.08,0.07
-0.28,1.08,0.04
-0.29,1.08,-0.0
-0.3,1.08,-0.04
-0.31,1.08,-0.08
-0.31,1.08,-0.13
-0.36,1.08,-0.21
-0.38,1.08,-0.29
-0.4,1.08,-0.4
-0.33,1.08,-0.44
-0.16,1.08,-0.29
-0.12,1.08,-0.29
-0.08,1.08,-0.29
-0.04,1.08,-0.28
0.0,1.08,-0.26
0.03,1.08,-0.24
0.06,1.08,-0.21
0.08,1.08,-0.18
0.09,1.08,-0.15
0.1,1.08,-0.13
0.1,1.08,-0.1
0.11,1.08,-0.08
0.12,1.08,-0.07
0.13,1.08,-0.05
0.14,1.08,-0.04
0.14,1.08,-0.02
0.14,1.06,-0.0
0.15,1.06,0.02
0.16,1.06,0.04
0.49,1.06,0.2
0.4,1.06,0.23
0.32,1.06,0.25
0.19,1.06,0.19
0.18,1.06,0.23
0.16,1.06,0.27
0.13,1.06,0.3
0.09,1.06,0.33
0.05,1.06,0.35
-0.0,1.06,0.36
-0.05,1.06,0.35
-0.09,1.06,0.34
-0.13,1.06,0.31
-0.16,1.06,0.28
-0.19,1.06,0.24
-0.2,1.06,0.2
-0.22,1.06,0.17
-0.23,1.06,0.13
-0.24,1.06,0.1
-0.25,1.06,0.07
-0.26,1.06,0.03
-0.27,1.06,-0.0
-0.29,1.06,-0.04
-0.29,1.06,-0.08
-0.29,1.06,-0.12
-0.35,1.06,-0.21
-0.37,1.06,-0.29
-0.39,1.06,-0.39
-0.33,1.06,-0.44
-0.16,1.06,-0.28
-0.12,1.06,-0.3
-0.08,1.06,-0.3
-0.04,1.06,-0.29
0.0,1.06,-0.28
0.03,1.06,-0.25
0.06,1.06,-0.23
0.08,1.06,-0.2
0.1,1.06,-0.17
0.11,1.06,-0.14
0.11,1.06,-0.11
0.12,1.06,-0.09
0.13,1.06,-0.07
0.13,1.06,-0.05
0.14,1.06,-0.04
0.15,1.06,-0.02
0.15,1.05,0.0
0.16,1.05,0.02
0.16,1.05,0.04
0.17,1.05,0.07
0.18,1.05,0.1
0.18,1.05,0.14
0.18,1.05,0.18
0.17,1.05,0.22
0.15,1.05,0.25
0.12,1.05,0.29
0.08,1.05,0.31
0.04,1.05,0.33
-0.0,1.05,0.34
-0.05,1.05,0.34
-0.09,1.05,0.33
-0.13,1.05,0.31
-0.16,1.05,0.28
-0.19,1.05,0.25
-0.21,1.05,0.21
-0.22,1.05,0.17
-0.23,1.05,0.13
-0.24,1.05,0.1
-0.26,1.05,0.07
-0.27,1.05,0.03
-0.28,1.05,-0.0
-0.29,1.05,-0.04
-0.3,1.05,-0.08
-0.3,1.05,-0.12
-0.33,1.05,-0.19
-0.32,1.05,-0.25
-0.3,1.05,-0.3
-0.2,1.05,-0.27
-0.16,1.05,-0.29
-0.12,1.05,-0.29
-0.08,1.05,-0.29
-0.04,1.05,-0.29
0.0,1.05,-0.27
0.03,1.05,-0.25
0.06,1.05,-0.22
0.08,1.05,-0.19
0.1,1.05,-0.17
0.12,1.05,-0.15
0.13,1.05,-0.13
0.14,1.05,-0.11
0.15,1.05,-0.09
0.15,1.05,-0.06
0.15,1.05,-0.04
0.15,1.05,-0.02
0.16,1.03,-0.0
0.16,1.03,0.02
0.16,1.03,0.04
0.16,1.03,0.07
0.17,1.03,0.1
0.17,1.03,0.13
0.17,1.03,0.17
0.16,1.03,0.21
0.14,1.03,0.24
0.11,1.03,0.28
0.08,1.03,0.3
0.04,1.03,0.32
-0.0,1.03,0.33
-0.04,1.03,0.33
-0.09,1.03,0.32
-0.13,1.03,0.3
-0.16,1.03,0.28
-0.19,1.03,0.24
-0.2,1.03,0.2
-0.22,1.03,0.17
-0.23,1.03,0.13
-0.24,1.03,0.1
-0.25,1.03,0.07
-0.26,1.03,0.03
-0.27,1.03,-0.0
-0.29,1.03,-0.04
-0.29,1.03,-0.08
-0.29,1.03,-0.12
-0.32,1.03,-0.18
-0.32,1.03,-0.24
-0.3,1.03,-0.31
-0.28,1.03,-0.36
-0.27,1.03,-0.47
-0.21,1.03,-0.51
-0.08,1.03,-0.29
-0.04,1.03,-0.28
0.0,1.03,-0.26
0.03,1.03,-0.24
0.06,1.03,-0.21
0.08,1.03,-0.2
0.11,1.03,-0.18
0.13,1.03,-0.16
0.14,1.03,-0.14
0.16,1.03,-0.12
0.16,1.03,-0.09
0.17,1.03,-0.07
0.17,1.03,-0.04
0.17,1.03,-0.02
0.18,1.01,0.0
0.17,1.01,0.02
0.17,1.01,0.05
0.17,1.01,0.07
0.17,1.01,0.1
0.17,1.01,0.13
0.16,1.01,0.16
0.15,1.01,0.2
0.14,1.01,0.24
0.11,1.01,0.27
0.08,1.01,0.3
0.04,1.01,0.31
-0.0,1.01,0.32
-0.04,1.01,0.32
-0.08,1.01,0.31
-0.12,1.01,0.3
-0.16,1.01,0.27
-0.18,1.01,0.24
-0.2,1.01,0.2
-0.21,1.01,0.16
-0.22,1.01,0.13
-0.23,1.01,0.1
-0.24,1.01,0.06
-0.25,1.01,0.03
-0.27,1.01,-0.0
-0.28,1.01,-0.04
-0.29,1.01,-0.08
-0.29,1.01,-0.12
-0.33,1.01,-0.19
-0.32,1.01,-0.25
-0.31,1.01,-0.32
-0.3,1.01,-0.39
-0.28,1.01,-0.48
-0.22,1.01,-0.53
-0.08,1.01,-0.28
-0.04,1.01,-0.27
0.0,1.01,-0.26
0.03,1.01,-0.23
0.06,1.01,-0.22
0.09,1.01,-0.21
0.11,1.01,-0.19
0.14,1.01,-0.17
0.15,1.01,-0.15
0.17,1.01,-0.13
0.17,1.01,-0.1
0.18,1.01,-0.07
0.18,1.01,-0.05
0.18,1.01,-0.02
0.18,0.99,0.0
0.18,0.99,0.02
0.18,0.99,0.05
0.18,0.99,0.07
0.17,0.99,0.1
0.17,0.99,0.13
0.17,0.99,0.17
0.15,0.99,0.2
0.13,0.99,0.23
0.11,0.99,0.26
0.08,0.99,0.29
0.04,0.99,0.3
-0.0,0.99,0.32
-0.04,0.99,0.31
-0.08,0.99,0.31
-0.12,0.99,0.29
-0.15,0.99,0.26
-0.17,0.99,0.23
-0.19,0.99,0.19
-0.2,0.99,0.15
-0.21,0.99,0.12
-0.22,0.99,0.09
-0.23,0.99,0.06
-0.24,0.99,0.03
-0.26,0.99,-0.0
-0.27,0.99,-0.04
-0.28,0.99,-0.08
-0.28,0.99,-0.12
-0.32,0.99,-0.19
-0.32,0.99,-0.24
-0.32,0.99,-0.32
-0.31,0.99,-0.4
-0.28,0.99,-0.48
-0.21,0.99,-0.52
-0.07,0.99,-0.27
-0.03,0.99,-0.26
0.0,0.99,-0.25
0.03,0.99,-0.24
0.06,0.99,-0.23
0.09,0.99,-0.22
0.12,0.99,-0.2
0.14,0.99,-0.18
0.16,0.99,-0.16
0.17,0.99,-0.13
0.18,0.99,-0.11
0.19,0.99,-0.08
0.19,0.99,-0.05
0.19,0.99,-0.02
0.19,0.97,0.0
0.19,0.97,0.02
0.19,0.97,0.05
0.18,0.97,0.08
0.18,0.97,0.1
0.18,0.97,0.14
0.16,0.97,0.16
0.16,0.97,0.2
0.13,0.97,0.23
0.11,0.97,0.26
0.07,0.97,0.28
0.04,0.97,0.3
-0.0,0.97,0.3
-0.04,0.97,0.3
-0.08,0.97,0.29
-0.11,0.97,0.28
-0.14,0.97,0.25
-0.17,0.97,0.22
-0.18,0.97,0.18
-0.2,0.97,0.15
-0.2,0.97,0.11
-0.21,0.97,0.09
-0.22,0.97,0.06
-0.23,0.97,0.03
-0.23,0.97,-0.0
-0.26,0.97,-0.03
-0.27,0.97,-0.07
-0.27,0.97,-0.11
-0.26,0.97,-0.15
-0.3,0.97,-0.23
-0.31,0.97,-0.32
-0.31,0.97,-0.41
-0.27,0.97,-0.47
-0.11,0.97,-0.26
-0.07,0.97,-0.26
-0.03,0.97,-0.25
0.0,0.97,-0.23
0.03,0.97,-0.24
0.06,0.97,-0.24
0.09,0.97,-0.21
0.11,0.97,-0.2
0.14,0.97,-0.18
0.16,0.97,-0.16
0.18,0.97,-0.14
0.2,0.97,-0.11
0.21,0.97,-0.09
0.2,0.97,-0.05
0.19,0.97,-0.02
0.2,0.96,0.0
0.19,0.96,0.03
0.19,0.96,0.05
0.19,0.96,0.08
0.18,0.96,0.11
0.18,0.96,0.14
0.17,0.96,0.17
0.16,0.96,0.2
0.14,0.96,0.24
0.11,0.96,0.27
0.08,0.96,0.28
0.04,0.96,0.29
-0.0,0.96,0.29
-0.04,0.96,0.29
-0.08,0.96,0.28
-0.11,0.96,0.27
-0.15,0.96,0.25
-0.17,0.96,0.22
-0.19,0.96,0.19
-0.2,0.96,0.15
-0.2,0.96,0.12
-0.2,0.96,0.08
-0.21,0.96,0.06
-0.22,0.96,0.03
-0.23,0.96,-0.0
-0.24,0.96,-0.03
-0.25,0.96,-0.07
-0.25,0.96,-0.11
-0.25,0.96,-0.15
-0.23,0.96,-0.18
-0.3,0.96,-0.3
-0.31,0.96,-0.41
-0.27,0.96,-0.47
-0.1,0.96,-0.25
-0.07,0.96,-0.25
-0.03,0.96,-0.24
0.0,0.96,-0.25
0.03,0.96,-0.25
0.07,0.96,-0.24
0.1,0.96,-0.23
0.12,0.96,-0.21
0.15,0.96,-0.19
0.17,0.96,-0.17
0.18,0.96,-0.14
0.2,0.96,-0.11
0.2,0.96,-0.08
0.2,0.96,-0.05
0.2,0.96,-0.03
0.2,0.94,0.0
0.2,0.94,0.03
0.19,0.94,0.05
0.19,0.94,0.08
0.18,0.94,0.11
0.18,0.94,0.14
0.17,0.94,0.17
0.16,0.94,0.21
0.14,0.94,0.24
0.11,0.94,0.26
0.08,0.94,0.28
0.04,0.94,0.3
-0.0,0.94,0.31
-0.04,0.94,0.3
-0.08,0.94,0.29
-0.11,0.94,0.28
-0.15,0.94,0.25
-0.17,0.94,0.22
-0.19,0.94,0.19
-0.2,0.94,0.15
-0.2,0.94,0.12
-0.2,0.94,0.08
-0.2,0.94,0.05
-0.2,0.94,0.03
-0.21,0.94,-0.0
-0.22,0.94,-0.03
-0.23,0.94,-0.06
-0.24,0.94,-0.1
-0.23,0.94,-0.13
-0.22,0.94,-0.17
-0.19,0.94,-0.2
-0.3,0.94,-0.39
-0.26,0.94,-0.46
-0.1,0.94,-0.23
-0.06,0.94,-0.24
-0.03,0.94,-0.25
0.0,0.94,-0.25
0.03,0.94,-0.25
0.07,0.94,-0.25
0.1,0.94,-0.23
0.13,0.94,-0.22
0.15,0.94,-0.2
0.17,0.94,-0.17
0.19,0.94,-0.14
0.2,0.94,-0.11
0.2,0.94,-0.08
0.21,0.94,-0.05
0.2,0.94,-0.03
0.2,0.92,0.0
0.2,0.92,0.03
0.19,0.92,0.05
0.19,0.92,0.08
0.18,0.92,0.11
0.18,0.92,0.14
0.17,0.92,0.17
0.16,0.92,0.21
0.14,0.92,0.24
0.11,0.92,0.26
0.08,0.92,0.28
0.04,0.92,0.3
-0.0,0.92,0.3
-0.04,0.92,0.3
-0.08,0.92,0.29
-0.11,0.92,0.27
-0.14,0.92,0.25
-0.17,0.92,0.22
-0.19,0.92,0.19
-0.2,0.92,0.15
-0.2,0.92,0.12
-0.2,0.92,0.08
-0.2,0.92,0.05
-0.19,0.92,0.02
-0.19,0.92,-0.0
-0.19,0.92,-0.03
-0.2,0.92,-0.06
-0.21,0.92,-0.09
-0.21,0.92,-0.12
-0.2,0.92,-0.15
-0.18,0.92,-0.18
-0.15,0.92,-0.2
-0.12,0.92,-0.21
-0.09,0.92,-0.22
-0.06,0.92,-0.24
-0.03,0.92,-0.25
0.0,0.92,-0.25
0.03,0.92,-0.25
0.07,0.92,-0.25
0.1,0.92,-0.24
0.13,0.92,-0.22
0.15,0.92,-0.2
0.17,0.92,-0.17
0.19,0.92,-0.14
0.2,0.92,-0.11
0.21,0.92,-0.08
0.21,0.92,-0.05
0.2,0.92,-0.03
0.2,0.9,0.0
0.2,0.9,0.03
0.19,0.9,0.05
0.19,0.9,0.08
0.18,0.9,0.11
0.18,0.9,0.14
0.17,0.9,0.17
0.16,0.9,0.2
0.14,0.9,0.23
0.11,0.9,0.26
0.08,0.9,0.28
0.04,0.9,0.3
-0.0,0.9,0.3
-0.04,0.9,0.3
-0.08,0.9,0.29
-0.11,0.9,0.27
-0.14,0.9,0.25
-0.17,0.9,0.22
-0.19,0.9,0.19
-0.2,0.9,0.15
-0.2,0.9,0.11
-0.2,0.9,0.08
-0.19,0.9,0.05
-0.19,0.9,0.02
-0.19,0.9,-0.0
-0.18,0.9,-0.02
-0.18,0.9,-0.05
-0.18,0.9,-0.07
-0.18,0.9,-0.1
-0.17,0.9,-0.13
-0.15,0.9,-0.15
-0.14,0.9,-0.18
-0.12,0.9,-0.2
-0.09,0.9,-0.22
-0.06,0.9,-0.24
-0.03,0.9,-0.25
0.0,0.9,-0.25
0.03,0.9,-0.25
0.07,0.9,-0.25
0.1,0.9,-0.24
0.13,0.9,-0.22
0.15,0.9,-0.2
0.17,0.9,-0.17
0.19,0.9,-0.14
0.2,0.9,-0.11
0.21,0.9,-0.08
0.21,0.9,-0.05
0.2,0.9,-0.03
0.2,0.88,-0.0
0.19,0.88,0.03
0.19,0.88,0.05
0.18,0.88,0.08
0.18,0.88,0.1
0.17,0.88,0.13
0.17,0.88,0.17
0.15,0.88,0.2
0.13,0.88,0.23
0.11,0.88,0.26
0.07,0.88,0.28
0.04,0.88,0.29
-0.0,0.88,0.3
-0.04,0.88,0.3
-0.08,0.88,0.29
-0.11,0.88,0.27
-0.14,0.88,0.24
-0.17,0.88,0.22
-0.18,0.88,0.18
-0.19,0.88,0.15
-0.2,0.88,0.11
-0.19,0.88,0.08
-0.19,0.88,0.05
-0.19,0.88,0.02
-0.18,0.88,-0.0
-0.18,0.88,-0.02
-0.18,0.88,-0.05
-0.17,0.88,-0.07
-0.17,0.88,-0.1
-0.16,0.88,-0.13
-0.15,0.88,-0.15
-0.14,0.88,-0.18
-0.12,0.88,-0.2
-0.09,0.88,-0.22
-0.06,0.88,-0.24
-0.03,0.88,-0.25
0.0,0.88,-0.25
0.03,0.88,-0.25
0.07,0.88,-0.25
0.1,0.88,-0.23
0.13,0.88,-0.22
0.15,0.88,-0.2
0.17,0.88,-0.17
0.19,0.88,-0.14
0.2,0.88,-0.11
0.2,0.88,-0.08
0.21,0.88,-0.05
0.2,0.88,-0.03
0.19,0.87,-0.0
0.19,0.87,0.02
0.18,0.87,0.05
0.18,0.87,0.07
0.17,0.87,0.1
0.17,0.87,0.13
0.16,0.87,0.16
0.15,0.87,0.19
0.13,0.87,0.23
0.1,0.87,0.25
0.07,0.87,0.27
0.04,0.87,0.29
-0.0,0.87,0.3
-0.04,0.87,0.29
-0.08,0.87,0.28
-0.11,0.87,0.26
-0.14,0.87,0.24
-0.16,0.87,0.21
-0.18,0.87,0.18
-0.19,0.87,0.14
-0.19,0.87,0.11
-0.19,0.87,0.08
-0.18,0.87,0.05
-0.18,0.87,0.02
-0.18,0.87,-0.0
-0.18,0.87,-0.02
-0.17,0.87,-0.05
-0.17,0.87,-0.07
-0.17,0.87,-0.1
-0.16,0.87,-0.12
-0.15,0.87,-0.15
-0.13,0.87,-0.18
-0.11,0.87,-0.2
-0.09,0.87,-0.22
-0.06,0.87,-0.23
-0.03,0.87,-0.24
0.0,0.87,-0.25
0.03,0.87,-0.25
0.07,0.87,-0.24
0.1,0.87,-0.23
0.12,0.87,-0.21
0.15,0.87,-0.19
0.17,0.87,-0.17
0.19,0.87,-0.14
0.2,0.87,-0.11
0.2,0.87,-0.08
0.2,0.87,-0.05
0.2,0.87,-0.03
0.19,0.85,0.0
0.18,0.85,0.02
0.18,0.85,0.05
0.17,0.85,0.07
0.17,0.85,0.1
0.16,0.85,0.12
0.16,0.85,0.16
0.14,0.85,0.19
0.13,0.85,0.22
0.1,0.85,0.24
0.07,0.85,0.28
0.04,0.85,0.3
-0.0,0.85,0.31
-0.04,0.85,0.31
-0.08,0.85,0.29
-0.11,0.85,0.26
-0.13,0.85,0.23
-0.16,0.85,0.2
-0.17,0.85,0.17
-0.18,0.85,0.14
-0.18,0.85,0.1
-0.18,0.85,0.07
-0.18,0.85,0.05
-0.17,0.85,0.02
-0.17,0.85,-0.0
-0.17,0.85,-0.02
-0.17,0.85,-0.05
-0.17,0.85,-0.07
-0.16,0.85,-0.09
-0.16,0.85,-0.12
-0.15,0.85,-0.15
-0.13,0.85,-0.17
-0.11,0.85,-0.19
-0.09,0.85,-0.21
-0.06,0.85,-0.23
-0.03,0.85,-0.24
0.0,0.85,-0.24
0.03,0.85,-0.24
0.06,0.85,-0.24
0.09,0.85,-0.23
0.12,0.85,-0.21
0.15,0.85,-0.19
0.17,0.85,-0.16
0.18,0.85,-0.14
0.19,0.85,-0.11
0.2,0.85,-0.08
0.2,0.85,-0.05
0.19,0.85,-0.02
0.18,0.83,-0.0
0.18,0.83,0.02
0.17,0.83,0.05
0.17,0.83,0.07
0.16,0.83,0.09
0.15,0.83,0.12
0.15,0.83,0.15
0.14,0.83,0.18
0.12,0.83,0.21
0.1,0.83,0.25
0.08,0.83,0.29
0.04,0.83,0.31
-0.0,0.83,0.33
-0.04,0.83,0.32
-0.08,0.83,0.31
-0.11,0.83,0.28
-0.14,0.83,0.24
-0.15,0.83,0.19
-0.16,0.83,0.16
-0.17,0.83,0.13
-0.17,0.83,0.1
-0.17,0.83,0.07
-0.17,0.83,0.05
-0.17,0.83,0.02
-0.17,0.83,-0.0
-0.17,0.83,-0.02
-0.16,0.83,-0.04
-0.16,0.83,-0.07
-0.16,0.83,-0.09
-0.15,0.83,-0.12
-0.15,0.83,-0.15
-0.13,0.83,-0.17
-0.11,0.83,-0.19
-0.09,0.83,-0.21
-0.06,0.83,-0.22
-0.03,0.83,-0.23
0.0,0.83,-0.24
0.03,0.83,-0.24
0.06,0.83,-0.23
0.09,0.83,-0.21
0.11,0.83,-0.2
0.14,0.83,-0.18
0.15,0.83,-0.15
0.17,0.83,-0.13
0.17,0.83,-0.1
0.18,0.83,-0.07
0.18,0.83,-0.05
0.17,0.83,-0.02
0.17,0.81,0.0
0.15,0.81,0.02
0.15,0.81,0.04
0.14,0.81,0.06
0.14,0.81,0.08
0.13,0.81,0.1
0.12,0.81,0.12
0.12,0.81,0.15
0.11,0.81,0.2
0.1,0.81,0.25
0.08,0.81,0.29
0.04,0.81,0.33
-0.0,0.81,0.35
-0.05,0.81,0.35
-0.09,0.81,0.34
-0.13,0.81,0.31
-0.15,0.81,0.26
-0.17,0.81,0.22
-0.17,0.81,0.17
-0.17,0.81,0.13
-0.17,0.81,0.1
-0.17,0.81,0.07
-0.17,0.81,0.05
-0.17,0.81,0.02
-0.17,0.81,-0.0
-0.17,0.81,-0.02
-0.17,0.81,-0.05
-0.15,0.81,-0.06
-0.15,0.81,-0.09
-0.14,0.81,-0.11
-0.13,0.81,-0.13
-0.11,0.81,-0.15
-0.1,0.81,-0.17
-0.08,0.81,-0.18
-0.05,0.81,-0.19
-0.03,0.81,-0.2
0.0,0.81,-0.2
0.03,0.81,-0.2
0.05,0.81,-0.2
0.08,0.81,-0.19
0.11,0.81,-0.18
0.14,0.81,-0.18
0.16,0.81,-0.16
0.18,0.81,-0.14
0.2,0.81,-0.11
0.21,0.81,-0.09
0.21,0.81,-0.06
0.21,0.81,-0.03
0.21,0.79,0.0
0.19,0.79,0.03
0.17,0.79,0.05
0.15,0.79,0.06
0.14,0.79,0.08
0.13,0.79,0.1
0.12,0.79,0.12
0.13,0.79,0.18
0.13,0.79,0.23
0.12,0.79,0.28
0.09,0.79,0.32
0.05,0.79,0.35
-0.0,0.79,0.37
-0.05,0.79,0.37
-0.09,0.79,0.34
-0.13,0.79,0.3
-0.15,0.79,0.26
-0.16,0.79,0.2
-0.15,0.79,0.14
-0.13,0.79,0.1
-0.13,0.79,0.08
-0.13,0.79,0.05
-0.13,0.79,0.04
-0.13,0.79,0.02
-0.14,0.79,-0.0
-0.14,0.79,-0.02
-0.14,0.79,-0.04
-0.14,0.79,-0.06
-0.14,0.79,-0.08
-0.13,0.79,-0.1
-0.12,0.79,-0.13
-0.11,0.79,-0.15
-0.1,0.79,-0.17
-0.08,0.79,-0.19
-0.05,0.79,-0.2
-0.03,0.79,-0.21
0.0,0.79,-0.22
0.03,0.79,-0.22
0.06,0.79,-0.21
0.09,0.79,-0.21
0.12,0.79,-0.2
0.15,0.79,-0.19
0.17,0.79,-0.17
0.2,0.79,-0.15
0.21,0.79,-0.12
0.22,0.79,-0.09
0.22,0.79,-0.06
0.21,0.79,-0.03
0.2,0.78,0.0
0.19,0.78,0.02
0.16,0.78,0.04
0.14,0.78,0.06
0.12,0.78,0.07
0.11,0.78,0.09
0.11,0.78,0.11
0.13,0.78,0.18
0.13,0.78,0.23
0.11,0.78,0.28
0.08,0.78,0.32
0.05,0.78,0.35
-0.0,0.78,0.37
-0.05,0.78,0.37
-0.09,0.78,0.35
-0.13,0.78,0.31
-0.15,0.78,0.26
-0.16,0.78,0.21
-0.16,0.78,0.16
-0.12,0.78,0.09
-0.12,0.78,0.07
-0.12,0.78,0.05
-0.12,0.78,0.03
-0.12,0.78,0.02
-0.12,0.78,-0.0
-0.12,0.78,-0.02
-0.12,0.78,-0.03
-0.12,0.78,-0.05
-0.12,0.78,-0.07
-0.12,0.78,-0.09
-0.11,0.78,-0.11
-0.1,0.78,-0.13
-0.09,0.78,-0.15
-0.07,0.78,-0.17
-0.05,0.78,-0.18
-0.02,0.78,-0.19
0.0,0.78,-0.2
0.03,0.78,-0.2
0.06,0.78,-0.21
0.09,0.78,-0.22
0.12,0.78,-0.21
0.16,0.78,-0.2
0.18,0.78,-0.18
0.21,0.78,-0.16
0.22,0.78,-0.13
0.23,0.78,-0.09
0.23,0.78,-0.06
0.22,0.78,-0.03
0.21,0.76,-0.0
0.19,0.76,0.03
0.17,0.76,0.05
0.15,0.76,0.06
0.12,0.76,0.07
0.1,0.76,0.07
0.11,0.76,0.11
0.14,0.76,0.18
0.13,0.76,0.23
0.12,0.76,0.28
0.09,0.76,0.33
0.05,0.76,0.36
-0.0,0.76,0.38
-0.05,0.76,0.38
-0.1,0.76,0.36
-0.13,0.76,0.32
-0.16,0.76,0.27
-0.16,0.76,0.21
-0.16,0.76,0.16
-0.12,0.76,0.1
-0.09,0.76,0.05
-0.1,0.76,0.04
-0.1,0.76,0.03
-0.1,0.76,0.01
-0.1,0.76,-0.0
-0.1,0.76,-0.01
-0.1,0.76,-0.03
-0.1,0.76,-0.04
-0.1,0.76,-0.06
-0.1,0.76,-0.08
-0.1,0.76,-0.1
-0.09,0.76,-0.12
-0.08,0.76,-0.13
-0.06,0.76,-0.15
-0.04,0.76,-0.16
-0.02,0.76,-0.18
0.0,0.76,-0.2
0.03,0.76,-0.21
0.06,0.76,-0.22
0.09,0.76,-0.22
0.13,0.76,-0.22
0.16,0.76,-0.21
0.19,0.76,-0.19
0.22,0.76,-0.17
0.23,0.76,-0.13
0.24,0.76,-0.1
0.24,0.76,-0.06
0.23,0.76,-0.03
0.22,0.74,0.0
0.2,0.74,0.03
0.17,0.74,0.05
0.15,0.74,0.06
0.12,0.74,0.07
0.1,0.74,0.08
0.11,0.74,0.11
0.14,0.74,0.18
0.13,0.74,0.23
0.12,0.74,0.28
0.09,0.74,0.33
0.05,0.74,0.37
-0.0,0.74,0.39
-0.05,0.74,0.4
-0.1,0.74,0.37
-0.14,0.74,0.33
-0.16,0.74,0.28
-0.17,0.74,0.22
-0.16,0.74,0.16
-0.12,0.74,0.09
-0.06,0.74,0.03
-0.06,0.74,0.02
-0.06,0.74,0.02
-0.06,0.74,0.01
-0.07,0.74,-0.0
-0.07,0.74,-0.01
-0.07,0.74,-0.02
-0.07,0.74,-0.03
-0.07,0.74,-0.04
-0.07,0.74,-0.06
-0.07,0.74,-0.07
-0.07,0.74,-0.09
-0.06,0.74,-0.11
-0.06,0.74,-0.14
-0.04,0.74,-0.16
-0.02,0.74,-0.18
0.0,0.74,-0.2
0.03,0.74,-0.21
0.06,0.74,-0.22
0.1,0.74,-0.23
0.13,0.74,-0.23
0.17,0.74,-0.22
0.2,0.74,-0.2
0.23,0.74,-0.17
0.25,0.74,-0.14
0.25,0.74,-0.1
0.25,0.74,-0.07
0.24,0.74,-0.03
0.22,0.72,0.0
0.2,0.72,0.03
0.17,0.72,0.05
0.15,0.72,0.06
0.12,0.72,0.07
0.1,0.72,0.08
0.08,0.72,0.08
0.13,0.72,0.17
0.13,0.72,0.23
0.12,0.72,0.29
0.09,0.72,0.34
0.05,0.72,0.38
-0.0,0.72,0.41
-0.05,0.72,0.41
-0.1,0.72,0.39
-0.14,0.72,0.34
-0.16,0.72,0.28
-0.17,0.72,0.22
-0.15,0.72,0.15
-0.03,0.72,0.03
-0.04,0.72,0.02
-0.04,0.72,0.02
-0.04,0.72,0.01
-0.05,0.72,0.01
-0.05,0.72,-0.0
-0.05,0.72,-0.01
-0.06,0.72,-0.02
-0.06,0.72,-0.03
-0.07,0.72,-0.04
-0.07,0.72,-0.05
-0.07,0.72,-0.07
-0.07,0.72,-0.09
-0.06,0.72,-0.11
-0.06,0.72,-0.13
-0.04,0.72,-0.16
-0.02,0.72,-0.18
0.0,0.72,-0.2
0.03,0.72,-0.22
0.06,0.72,-0.23
0.1,0.72,-0.24
0.14,0.72,-0.24
0.18,0.72,-0.23
0.21,0.72,-0.21
0.24,0.72,-0.18
0.26,0.72,-0.15
0.26,0.72,-0.11
0.26,0.72,-0.07
0.24,0.72,-0.03
0.23,0.7,0.0
0.2,0.7,0.03
0.17,0.7,0.05
0.15,0.7,0.06
0.12,0.7,0.07
0.1,0.7,0.07
0.08,0.7,0.08
0.12,0.7,0.16
0.13,0.7,0.23
0.12,0.7,0.29
0.09,0.7,0.35
0.05,0.7,0.4
-0.0,0.7,0.42
-0.06,0.7,0.42
-0.11,0.7,0.4
-0.15,0.7,0.35
-0.17,0.7,0.29
-0.17,0.7,0.22
-0.15,0.7,0.15
-0.03,0.7,0.02
-0.04,0.7,0.02
-0.04,0.7,0.02
-0.04,0.7,0.01
-0.05,0.7,0.01
-0.05,0.7,-0.0
-0.05,0.7,-0.01
-0.06,0.7,-0.02
-0.06,0.7,-0.02
-0.06,0.7,-0.04
-0.07,0.7,-0.05
-0.07,0.7,-0.07
-0.07,0.7,-0.09
-0.06,0.7,-0.11
-0.05,0.7,-0.13
-0.04,0.7,-0.16
-0.02,0.7,-0.18
0.0,0.7,-0.2
0.03,0.7,-0.22
0.06,0.7,-0.23
0.1,0.7,-0.24
0.14,0.7,-0.24
0.18,0.7,-0.24
0.22,0.7,-0.22
0.25,0.7,-0.19
0.27,0.7,-0.15
0.27,0.7,-0.11
0.27,0.7,-0.07
0.25,0.7,-0.03
0.23,0.69,0.0
0.2,0.69,0.03
0.17,0.69,0.05
0.14,0.69,0.06
0.12,0.69,0.07
0.09,0.69,0.07
0.07,0.69,0.07
0.11,0.69,0.14
0.13,0.69,0.22
0.12,0.69,0.29
0.1,0.69,0.36
0.05,0.69,0.41
-0.0,0.69,0.43
-0.06,0.69,0.44
-0.11,0.69,0.41
-0.15,0.69,0.36
-0.17,0.69,0.3
-0.17,0.69,0.22
-0.14,0.69,0.13
-0.03,0.69,0.02
-0.03,0.69,0.02
-0.03,0.69,0.01
-0.04,0.69,0.01
-0.04,0.69,0.01
-0.04,0.69,-0.0
-0.05,0.69,-0.01
-0.05,0.69,-0.01
-0.05,0.69,-0.02
-0.06,0.69,-0.03
-0.06,0.69,-0.05
-0.06,0.69,-0.06
-0.06,0.69,-0.08
-0.06,0.69,-0.1
-0.05,0.69,-0.13
-0.04,0.69,-0.15
-0.02,0.69,-0.17
0.0,0.69,-0.2
0.03,0.69,-0.22
0.06,0.69,-0.24
0.1,0.69,-0.25
0.15,0.69,-0.25
0.19,0.69,-0.25
0.23,0.69,-0.23
0.26,0.69,-0.2
0.28,0.69,-0.16
0.29,0.69,-0.12
0.28,0.69,-0.07
0.26,0.69,-0.03
0.24,0.67,0.0
0.2,0.67,0.03
0.17,0.67,0.05
0.14,0.67,0.06
0.11,0.67,0.06
0.08,0.67,0.06
0.06,0.67,0.06
0.05,0.67,0.06
0.12,0.67,0.22
0.12,0.67,0.29
0.1,0.67,0.36
0.05,0.67,0.42
-0.0,0.67,0.45
-0.06,0.67,0.45
-0.11,0.67,0.43
-0.16,0.67,0.37
-0.18,0.67,0.3
-0.17,0.67,0.22
-0.02,0.67,0.02
-0.02,0.67,0.02
-0.03,0.67,0.01
-0.03,0.67,0.01
-0.03,0.67,0.01
-0.03,0.67,0.0
-0.04,0.67,-0.0
-0.04,0.67,-0.01
-0.04,0.67,-0.01
-0.05,0.67,-0.02
-0.05,0.67,-0.03
-0.05,0.67,-0.04
-0.05,0.67,-0.06
-0.06,0.67,-0.07
-0.05,0.67,-0.09
-0.05,0.67,-0.12
-0.04,0.67,-0.14
-0.02,0.67,-0.17
0.0,0.67,-0.19
0.03,0.67,-0.22
0.06,0.67,-0.24
0.11,0.67,-0.25
0.15,0.67,-0.26
0.2,0.67,-0.25
0.24,0.67,-0.24
0.27,0.67,-0.21
0.29,0.67,-0.17
0.3,0.67,-0.12
0.29,0.67,-0.08
0.27,0.67,-0.03
0.24,0.65,0.0
0.2,0.65,0.03
0.17,0.65,0.04
0.13,0.65,0.05
0.1,0.65,0.06
0.07,0.65,0.06
0.05,0.65,0.05
0.04,0.65,0.05
0.12,0.65,0.2
0.12,0.65,0.29
0.1,0.65,0.37
0.06,0.65,0.43
-0.0,0.65,0.46
-0.06,0.65,0.47
-0.12,0.65,0.44
-0.16,0.65,0.38
-0.18,0.65,0.31
-0.17,0.65,0.22
-0.01,0.65,0.01
-0.01,0.65,0.01
-0.02,0.65,0.01
-0.02,0.65,0.01
-0.02,0.65,0.01
-0.02,0.65,0.0
-0.02,0.65,-0.0
-0.03,0.65,-0.0
-0.03,0.65,-0.01
-0.03,0.65,-0.01
-0.04,0.65,-0.02
-0.04,0.65,-0.03
-0.04,0.65,-0.04
-0.05,0.65,-0.06
-0.05,0.65,-0.08
-0.04,0.65,-0.1
-0.03,0.65,-0.13
-0.02,0.65,-0.16
0.0,0.65,-0.19
0.03,0.65,-0.22
0.07,0.65,-0.24
0.11,0.65,-0.26
0.15,0.65,-0.27
0.2,0.65,-0.26
0.25,0.65,-0.25
0.28,0.65,-0.21
0.3,0.65,-0.17
0.31,0.65,-0.13
0.3,0.65,-0.08
0.27,0.65,-0.03
0.24,0.63,-0.0
0.2,0.63,0.03
0.16,0.63,0.04
0.12,0.63,0.05
0.08,0.63,0.05
0.05,0.63,0.04
0.03,0.63,0.03
0.02,0.63,0.02
0.01,0.63,0.02
0.12,0.63,0.29
0.1,0.63,0.38
0.06,0.63,0.44
-0.0,0.63,0.47
-0.06,0.63,0.48
-0.12,0.63,0.45
-0.16,0.63,0.39
-0.18,0.63,0.31
-0.16,0.63,0.21
-0.0,0.63,0.0
-0.0,0.63,0.0
-0.01,0.63,0.0
-0.01,0.63,0.0
-0.01,0.63,0.0
-0.01,0.63,0.0
-0.01,0.63,-0.0
-0.01,0.63,-0.0
-0.01,0.63,-0.0
-0.01,0.63,-0.0
-0.01,0.63,-0.01
-0.02,0.63,-0.01
-0.02,0.63,-0.02
-0.03,0.63,-0.04
-0.03,0.63,-0.06
-0.03,0.63,-0.08
-0.03,0.63,-0.12
-0.02,0.63,-0.15
0.0,0.63,-0.18
0.03,0.63,-0.21
0.07,0.63,-0.24
0.11,0.63,-0.26
0.16,0.63,-0.27
0.21,0.63,-0.27
0.26,0.63,-0.25
0.29,0.63,-0.22
0.31,0.63,-0.18
0.32,0.63,-0.13
0.31,0.63,-0.08
0.28,0.63,-0.04
0.25,0.61,-0.0
0.2,0.61,0.03
0.15,0.61,0.04
0.1,0.61,0.04
0.05,0.61,0.03
-3.97,0.61,-3.05
-3.53,0.61,-3.54
-3.04,0.61,-3.97
-2.5,0.61,-4.33
0.12,0.61,0.29
0.1,0.61,0.38
0.06,0.61,0.45
-0.0,0.61,0.49
-0.07,0.61,0.49
-0.13,0.61,0.47
-0.17,0.61,0.4
-0.18,0.61,0.32
0.0,0.61,-0.01
0.01,0.61,-0.01
0.01,0.61,-0.0
0.01,0.61,-0.0
0.01,0.61,-0.0
0.01,0.61,-0.0
0.01,0.61,-0.0
0.01,0.61,0.0
0.01,0.61,0.0
0.01,0.61,0.0
0.02,0.61,0.01
0.03,0.61,0.02
3.96,0.61,3.06
3.52,0.61,3.55
3.03,0.61,3.98
2.49,0.61,4.34
0.06,0.61,0.15
-0.02,0.61,-0.09
-0.02,0.61,-0.13
0.0,0.61,-0.17
0.03,0.61,-0.21
0.07,0.61,-0.24
0.11,0.61,-0.27
0.16,0.61,-0.28
0.22,0.61,-0.28
0.26,0.61,-0.26
0.3,0.61,-0.23
0.33,0.61,-0.19
0.33,0.61,-0.13
0.31,0.61,-0.08
0.28,0.61,-0.04
0.25,0.59,0.0
0.19,0.59,0.03
0.13,0.59,0.04
-4.62,0.59,-1.91
-4.33,0.59,-2.5
-3.97,0.59,-3.05
-3.53,0.59,-3.54
-3.04,0.59,-3.97
-2.5,0.59,-4.33
0.11,0.59,0.28
0.1,0.59,0.38
0.06,0.59,0.46
-0.0,0.59,0.5
-0.07,0.59,0.5
-0.13,0.59,0.48
-0.17,0.59,0.41
-0.19,0.59,0.32
0.01,0.59,-0.02
0.01,0.59,-0.01
0.02,0.59,-0.01
0.02,0.59,-0.01
0.02,0.59,-0.01
0.02,0.59,-0.01
0.03,0.59,-0.0
0.03,0.59,0.0
0.03,0.59,0.0
0.04,0.59,0.01
4.61,0.59,1.93
4.32,0.59,2.51
3.96,0.59,3.06
3.52,0.59,3.55
3.03,0.59,3.98
2.49,0.59,4.34
0.07,0.59,0.17
0.04,0.59,0.15
-0.01,0.59,-0.09
0.0,0.59,-0.16
0.03,0.59,-0.2
0.06,0.59,-0.24
0.11,0.59,-0.27
0.17,0.59,-0.28
0.22,0.59,-0.29
0.27,0.59,-0.27
0.31,0.59,-0.24
0.34,0.59,-0.19
0.34,0.59,-0.14
0.32,0.59,-0.09
0.29,0.59,-0.04
0.25,0.58,0.0
0.18,0.58,0.02
-4.83,0.58,-1.3
-4.62,0.58,-1.91
-4.33,0.58,-2.5
-3.97,0.58,-3.05
-3.53,0.58,-3.54
-3.04,0.58,-3.97
-2.5,0.58,-4.33
0.1,0.58,0.25
0.1,0.58,0.39
0.06,0.58,0.47
-0.0,0.58,0.5
-0.07,0.58,0.51
-0.13,0.58,0.48
-0.18,0.58,0.42
-0.19,0.58,0.32
0.02,0.58,-0.03
0.02,0.58,-0.02
0.03,0.58,-0.02
0.03,0.58,-0.02
0.03,0.58,-0.01
0.04,0.58,-0.01
0.04,0.58,-0.01
0.05,0.58,0.0
0.06,0.58,0.01
4.83,0.58,1.31
4.61,0.58,1.93
4.32,0.58,2.51
3.96,0.58,3.06
3.52,0.58,3.55
3.03,0.58,3.98
2.49,0.58,4.34
0.09,0.58,0.22
0.04,0.58,0.17
0.02,0.58,0.15
0.0,0.58,-0.12
0.03,0.58,-0.19
0.06,0.58,-0.24
0.11,0.58,-0.27
0.17,0.58,-0.29
0.23,0.58,-0.3
0.28,0.58,-0.28
0.32,0.58,-0.25
0.35,0.58,-0.2
0.35,0.58,-0.14
0.33,0.58,-0.09
0.3,0.58,-0.04
0.24,0.56,0.0
0.16,0.56,0.02
-4.83,0.56,-1.3
-4.62,0.56,-1.91
-4.33,0.56,-2.5
-3.97,0.56,-3.05
-3.53,0.56,-3.54
-3.04,0.56,-3.97
-2.5,0.56,-4.33
-1.91,0.56,-4.62
0.1,0.56,0.39
0.06,0.56,0.47
-0.0,0.56,0.51
-0.07,0.56,0.52
-0.13,0.56,0.49
-0.18,0.56,0.43
-0.19,0.56,0.32
0.03,0.56,-0.04
0.03,0.56,-0.03
0.04,0.56,-0.03
0.04,0.56,-0.02
0.05,0.56,-0.02
0.05,0.56,-0.01
0.06,0.56,-0.01
0.07,0.56,0.0
0.1,0.56,0.01
4.83,0.56,1.31
4.61,0.56,1.93
4.32,0.56,2.51
3.96,0.56,3.06
3.52,0.56,3.55
3.03,0.56,3.98
2.49,0.56,4.34
1.9,0.56,4.63
0.05,0.56,0.19
0.02,0.56,0.17
-0.0,0.56,0.16
0.02,0.56,-0.17
0.06,0.56,-0.23
0.11,0.56,-0.27
0.19,0.56,-0.32
0.24,0.56,-0.32
0.29,0.56,-0.29
0.33,0.56,-0.25
0.36,0.56,-0.2
0.36,0.56,-0.15
0.34,0.56,-0.09
0.3,0.56,-0.04
0.24,0.54,-0.0
-4.96,0.54,-0.65
-4.83,0.54,-1.3
-4.62,0.54,-1.91
-4.33,0.54,-2.5
-3.97,0.54,-3.05
-3.53,0.54,-3.54
-3.04,0.54,-3.97
-2.5,0.54,-4.33
-1.91,0.54,-4.62
0.1,0.54,0.39
0.06,0.54,0.47
-0.0,0.54,0.51
-0.07,0.54,0.53
-0.14,0.54,0.51
-0.18,0.54,0.44
-0.19,0.54,0.32
0.04,0.54,-0.05
0.04,0.54,-0.04
0.05,0.54,-0.04
0.05,0.54,-0.03
0.06,0.54,-0.02
0.07,0.54,-0.02
0.08,0.54,-0.01
0.1,0.54,0.0
4.96,0.54,0.67
4.83,0.54,1.31
4.61,0.54,1.93
4.32,0.54,2.51
3.96,0.54,3.06
3.52,0.54,3.55
3.03,0.54,3.98
2.49,0.54,4.34
1.9,0.54,4.63
0.05,0.54,0.21
0.02,0.54,0.19
-0.0,0.54,0.18
-0.02,0.54,0.17
0.06,0.54,-0.22
0.13,0.54,-0.31
0.2,0.54,-0.34
0.25,0.54,-0.33
0.3,0.54,-0.3
0.33,0.54,-0.25
0.36,0.54,-0.21
0.37,0.54,-0.15
0.35,0.54,-0.09
0.3,0.54,-0.04
0.23,0.52,-0.0
-4.96,0.52,-0.65
-4.83,0.52,-1.3
-4.62,0.52,-1.91
-4.33,0.52,-2.5
-3.97,0.52,-3.05
-3.53,0.52,-3.54
-3.04,0.52,-3.97
-2.5,0.52,-4.33
-1.91,0.52,-4.62
0.1,0.52,0.39
0.06,0.52,0.47
-0.0,0.52,0.53
-0.07,0.52,0.54
-0.14,0.52,0.52
-0.19,0.52,0.46
-0.19,0.52,0.32
0.05,0.52,-0.06
0.05,0.52,-0.05
0.06,0.52,-0.05
0.07,0.52,-0.04
0.07,0.52,-0.03
0.08,0.52,-0.02
0.1,0.52,-0.01
0.13,0.52,0.0
4.96,0.52,0.67
4.83,0.52,1.31
4.61,0.52,1.93
4.32,0.52,2.51
3.96,0.52,3.06
3.52,0.52,3.55
3.03,0.52,3.98
2.49,0.52,4.34
1.9,0.52,4.63
0.06,0.52,0.23
0.03,0.52,0.2
-0.0,0.52,0.19
-0.03,0.52,0.19
0.06,0.52,-0.2
0.14,0.52,-0.33
0.2,0.52,-0.35
0.26,0.52,-0.34
0.31,0.52,-0.3
0.34,0.52,-0.26
0.36,0.52,-0.21
0.37,0.52,-0.15
0.35,0.52,-0.09
0.31,0.52,-0.04
-5.0,0.5,0.0
-4.96,0.5,-0.65
-4.83,0.5,-1.3
-4.62,0.5,-1.91
-4.33,0.5,-2.5
-3.97,0.5,-3.05
-3.53,0.5,-3.54
-3.04,0.5,-3.97
-2.5,0.5,-4.33
-1.91,0.5,-4.62
0.1,0.5,0.38
0.06,0.5,0.47
-0.0,0.5,0.53
-0.07,0.5,0.55
-0.14,0.5,0.53
-0.2,0.5,0.47
-0.18,0.5,0.3
0.06,0.5,-0.07
0.06,0.5,-0.06
0.07,0.5,-0.05
0.08,0.5,-0.04
0.09,0.5,-0.04
0.1,0.5,-0.03
0.12,0.5,-0.02
5.0,0.5,0.01
4.96,0.5,0.67
4.83,0.5,1.31
4.61,0.5,1.93
4.32,0.5,2.51
3.96,0.5,3.06
3.52,0.5,3.55
3.03,0.5,3.98
2.49,0.5,4.34
1.9,0.5,4.63
0.07,0.5,0.25
0.03,0.5,0.22
-0.0,0.5,0.21
-0.03,0.5,0.2
-0.05,0.5,0.2
0.15,0.5,-0.35
0.21,0.5,-0.36
0.27,0.5,-0.35
0.31,0.5,-0.31
0.34,0.5,-0.26
0.36,0.5,-0.21
0.37,0.5,-0.15
0.35,0.5,-0.09
0.31,0.5,-0.04
-5.0,0.49,0.0
-4.96,0.49,-0.65
-4.83,0.49,-1.3
-4.62,0.49,-1.91
-4.33,0.49,-2.5
-3.97,0.49,-3.05
-3.53,0.49,-3.54
-3.04,0.49,-3.97
-2.5,0.49,-4.33
-1.91,0.49,-4.62
0.1,0.49,0.38
0.06,0.49,0.49
-0.0,0.49,0.55
-0.08,0.49,0.57
-0.15,0.49,0.55
-0.2,0.49,0.48
0.06,0.49,-0.1
0.06,0.49,-0.08
0.07,0.49,-0.07
0.07,0.49,-0.06
0.08,0.49,-0.05
0.09,0.49,-0.04
0.11,0.49,-0.03
0.13,0.49,-0.02
5.0,0.49,0.01
4.96,0.49,0.67
4.83,0.49,1.31
4.61,0.49,1.93
4.32,0.49,2.51
3.96,0.49,3.06
3.52,0.49,3.55
3.03,0.49,3.98
2.49,0.49,4.34
1.9,0.49,4.63
0.08,0.49,0.3
0.03,0.49,0.25
-0.0,0.49,0.24
-0.03,0.49,0.23
0.09,0.49,-0.33
0.15,0.49,-0.36
0.21,0.49,-0.37
0.27,0.49,-0.35
0.31,0.49,-0.31
0.34,0.49,-0.26
0.35,0.49,-0.2
0.35,0.49,-0.14
0.33,0.49,-0.09
0.29,0.49,-0.04
-5.0,0.47,0.0
-4.96,0.47,-0.65
-4.83,0.47,-1.3
-4.62,0.47,-1.91
-4.33,0.47,-2.5
-3.97,0.47,-3.05
-3.53,0.47,-3.54
-3.04,0.47,-3.97
-2.5,0.47,-4.33
-1.91,0.47,-4.62
-1.29,0.47,-4.83
0.07,0.47,0.51
-0.0,0.47,0.56
-0.08,0.47,0.59
-0.15,0.47,0.57
-0.21,0.47,0.51
0.06,0.47,-0.11
0.07,0.47,-0.09
0.08,0.47,-0.08
0.08,0.47,-0.06
0.09,0.47,-0.05
0.1,0.47,-0.04
0.12,0.47,-0.03
0.14,0.47,-0.02
5.0,0.47,0.01
4.96,0.47,0.67
4.83,0.47,1.31
4.61,0.47,1.93
4.32,0.47,2.51
3.96,0.47,3.06
3.52,0.47,3.55
3.03,0.47,3.98
2.49,0.47,4.34
1.9,0.47,4.63
1.28,0.47,4.83
0.03,0.47,0.26
-0.0,0.47,0.24
-0.03,0.47,0.24
0.09,0.47,-0.33
0.15,0.47,-0.37
0.21,0.47,-0.37
0.27,0.47,-0.35
0.32,0.47,-0.32
0.35,0.47,-0.26
0.36,0.47,-0.21
0.37,0.47,-0.15
0.35,0.47,-0.09
0.3,0.47,-0.04
-5.0,0.45,0.0
-4.96,0.45,-0.65
-4.83,0.45,-1.3
-4.62,0.45,-1.91
-4.33,0.45,-2.5
-3.97,0.45,-3.05
-3.53,0.45,-3.54
-3.04,0.45,-3.97
-2.5,0.45,-4.33
-1.91,0.45,-4.62
-1.29,0.45,-4.83
0.06,0.45,0.49
-0.0,0.45,0.55
-0.08,0.45,0.58
-0.15,0.45,0.57
-0.21,0.45,0.51
0.08,0.45,-0.14
0.09,0.45,-0.11
0.09,0.45,-0.09
0.1,0.45,-0.08
0.11,0.45,-0.06
0.13,0.45,-0.05
0.15,0.45,-0.04
0.19,0.45,-0.02
5.0,0.45,0.01
4.96,0.45,0.67
4.83,0.45,1.31
4.61,0.45,1.93
4.32,0.45,2.51
3.96,0.45,3.06
3.52,0.45,3.55
3.03,0.45,3.98
2.49,0.45,4.34
1.9,0.45,4.63
1.28,0.45,4.83
0.03,0.45,0.27
-0.0,0.45,0.25
-0.03,0.45,0.24
0.1,0.45,-0.36
0.16,0.45,-0.38
0.22,0.45,-0.38
0.28,0.45,-0.36
0.32,0.45,-0.32
0.35,0.45,-0.27
0.36,0.45,-0.2
0.36,0.45,-0.15
0.34,0.45,-0.09
0.28,0.45,-0.04
-5.0,0.43,0.0
-4.96,0.43,-0.65
-4.83,0.43,-1.3
-4.62,0.43,-1.91
-4.33,0.43,-2.5
-3.97,0.43,-3.05
-3.53,0.43,-3.54
-3.04,0.43,-3.97
-2.5,0.43,-4.33
-1.91,0.43,-4.62
-1.29,0.43,-4.83
0.06,0.43,0.48
-0.0,0.43,0.55
-0.08,0.43,0.58
-0.16,0.43,0.58
-0.22,0.43,0.52
-0.23,0.43,0.4
0.09,0.43,-0.12
0.1,0.43,-0.1
0.11,0.43,-0.09
0.12,0.43,-0.07
0.14,0.43,-0.06
0.16,0.43,-0.04
4.96,0.43,-0.64
5.0,0.43,0.01
4.96,0.43,0.67
4.83,0.43,1.31
4.61,0.43,1.93
4.32,0.43,2.51
3.96,0.43,3.06
3.52,0.43,3.55
3.03,0.43,3.98
2.49,0.43,4.34
1.9,0.43,4.63
1.28,0.43,4.83
0.04,0.43,0.29
-0.0,0.43,0.27
-0.03,0.43,0.26
0.1,0.43,-0.37
0.16,0.43,-0.39
0.22,0.43,-0.38
0.28,0.43,-0.36
0.32,0.43,-0.32
0.35,0.43,-0.27
0.36,0.43,-0.2
0.35,0.43,-0.14
0.33,0.43,-0.09
-4.96,0.43,0.63
-5.0,0.41,0.0
-4.96,0.41,-0.65
-4.83,0.41,-1.3
-4.62,0.41,-1.91
-4.33,0.41,-2.5
-3.97,0.41,-3.05
-3.53,0.41,-3.54
-3.04,0.41,-3.97
-2.5,0.41,-4.33
-1.91,0.41,-4.62
-1.29,0.41,-4.83
0.06,0.41,0.48
-0.0,0.41,0.56
-0.08,0.41,0.59
-0.16,0.41,0.59
-0.22,0.41,0.54
-0.24,0.41,0.41
0.09,0.41,-0.12
0.11,0.41,-0.11
0.12,0.41,-0.09
0.14,0.41,-0.08
0.15,0.41,-0.06
0.18,0.41,-0.05
4.96,0.41,-0.64
5.0,0.41,0.01
4.96,0.41,0.67
4.83,0.41,1.31
4.61,0.41,1.93
4.32,0.41,2.51
3.96,0.41,3.06
3.52,0.41,3.55
3.03,0.41,3.98
2.49,0.41,4.34
1.9,0.41,4.63
1.28,0.41,4.83
0.04,0.41,0.31
-0.0,0.41,0.28
0.04,0.41,-0.32
0.11,0.41,-0.39
0.17,0.41,-0.4
0.23,0.41,-0.39
0.28,0.41,-0.36
0.32,0.41,-0.32
0.35,0.41,-0.26
0.35,0.41,-0.2
0.34,0.41,-0.14
0.31,0.41,-0.08
-4.96,0.41,0.63
-5.0,0.4,0.0
-4.96,0.4,-0.65
-4.83,0.4,-1.3
-4.62,0.4,-1.91
-4.33,0.4,-2.5
-3.97,0.4,-3.05
-3.53,0.4,-3.54
-3.04,0.4,-3.97
-2.5,0.4,-4.33
-1.91,0.4,-4.62
-1.29,0.4,-4.83
0.06,0.4,0.47
-0.0,0.4,0.56
-0.08,0.4,0.6
-0.16,0.4,0.6
-0.23,0.4,0.55
-0.25,0.4,0.43
0.1,0.4,-0.12
0.11,0.4,-0.11
0.13,0.4,-0.1
0.15,0.4,-0.09
0.17,0.4,-0.07
0.22,0.4,-0.06
4.96,0.4,-0.64
5.0,0.4,0.01
4.96,0.4,0.67
4.83,0.4,1.31
4.61,0.4,1.93
4.32,0.4,2.51
3.96,0.4,3.06
3.52,0.4,3.55
3.03,0.4,3.98
2.49,0.4,4.34
1.9,0.4,4.63
1.28,0.4,4.83
0.04,0.4,0.32
-0.0,0.4,0.28
0.05,0.4,-0.35
0.11,0.4,-0.4
0.17,0.4,-0.41
0.23,0.4,-0.39
0.28,0.4,-0.36
0.32,0.4,-0.32
0.34,0.4,-0.26
0.35,0.4,-0.2
0.32,0.4,-0.13
0.27,0.4,-0.07
-4.96,0.4,0.63
-5.0,0.38,0.0
-4.96,0.38,-0.65
-4.83,0.38,-1.3
-4.62,0.38,-1.91
-4.33,0.38,-2.5
-3.97,0.38,-3.05
-3.53,0.38,-3.54
-3.04,0.38,-3.97
-2.5,0.38,-4.33
-1.91,0.38,-4.62
-1.29,0.38,-4.83
0.06,0.38,0.46
-0.0,0.38,0.56
-0.08,0.38,0.61
-0.16,0.38,0.61
-0.23,0.38,0.56
-0.26,0.38,0.44
0.1,0.38,-0.12
0.11,0.38,-0.11
0.13,0.38,-0.1
0.16,0.38,-0.09
0.21,0.38,-0.08
4.83,0.38,-1.28
4.96,0.38,-0.64
5.0,0.38,0.01
4.96,0.38,0.67
4.83,0.38,1.31
4.61,0.38,1.93
4.32,0.38,2.51
3.96,0.38,3.06
3.52,0.38,3.55
3.03,0.38,3.98
2.49,0.38,4.34
1.9,0.38,4.63
1.28,0.38,4.83
0.04,0.38,0.34
-0.0,0.38,0.3
0.05,0.38,-0.37
0.11,0.38,-0.41
0.17,0.38,-0.42
0.23,0.38,-0.4
0.28,0.38,-0.36
0.32,0.38,-0.31
0.34,0.38,-0.26
0.34,0.38,-0.19
0.29,0.38,-0.12
-4.84,0.38,1.27
-4.96,0.38,0.63
-5.0,0.36,0.0
-4.96,0.36,-0.65
-4.83,0.36,-1.3
-4.62,0.36,-1.91
-4.33,0.36,-2.5
-3.97,0.36,-3.05
-3.53,0.36,-3.54
-3.04,0.36,-3.97
-2.5,0.36,-4.33
-1.91,0.36,-4.62
-1.29,0.36,-4.83
0.06,0.36,0.44
-0.0,0.36,0.56
-0.08,0.36,0.61
-0.17,0.36,0.62
-0.24,0.36,0.57
-0.27,0.36,0.46
0.1,0.36,-0.13
0.12,0.36,-0.12
0.14,0.36,-0.11
0.17,0.36,-0.1
4.62,0.36,-1.9
4.83,0.36,-1.28
4.96,0.36,-0.64
5.0,0.36,0.01
4.96,0.36,0.67
4.83,0.36,1.31
4.61,0.36,1.93
4.32,0.36,2.51
3.96,0.36,3.06
3.52,0.36,3.55
3.03,0.36,3.98
2.49,0.36,4.34
1.9,0.36,4.63
1.28,0.36,4.83
0.05,0.36,0.37
-0.0,0.36,0.31
0.05,0.36,-0.39
0.11,0.36,-0.42
0.18,0.36,-0.42
0.23,0.36,-0.4
0.28,0.36,-0.36
0.31,0.36,-0.31
0.33,0.36,-0.25
0.33,0.36,-0.19
-4.63,0.36,1.89
-4.84,0.36,1.27
-4.96,0.36,0.63
-5.0,0.34,0.0
-4.96,0.34,-0.65
-4.83,0.34,-1.3
-4.62,0.34,-1.91
-4.33,0.34,-2.5
-3.97,0.34,-3.05
-3.53,0.34,-3.54
-3.04,0.34,-3.97
-2.5,0.34,-4.33
-1.91,0.34,-4.62
-1.29,0.34,-4.83
-0.65,0.34,-4.96
-0.0,0.34,0.56
-0.08,0.34,0.62
-0.17,0.34,0.63
-0.24,0.34,0.59
-0.27,0.34,0.47
0.1,0.34,-0.13
0.12,0.34,-0.12
0.14,0.34,-0.11
0.18,0.34,-0.1
4.62,0.34,-1.9
4.83,0.34,-1.28
4.96,0.34,-0.64
5.0,0.34,0.01
4.96,0.34,0.67
4.83,0.34,1.31
4.61,0.34,1.93
4.32,0.34,2.51
3.96,0.34,3.06
3.52,0.34,3.55
3.03,0.34,3.98
2.49,0.34,4.34
1.9,0.34,4.63
1.28,0.34,4.83
0.64,0.34,4.96
-0.0,0.34,0.32
0.06,0.34,-0.41
0.12,0.34,-0.43
0.18,0.34,-0.43
0.23,0.34,-0.4
0.28,0.34,-0.36
0.31,0.34,-0.31
0.33,0.34,-0.25
0.31,0.34,-0.18
-4.63,0.34,1.89
-4.84,0.34,1.27
-4.96,0.34,0.63
-5.0,0.32,0.0
-4.96,0.32,-0.65
-4.83,0.32,-1.3
-4.62,0.32,-1.91
-4.33,0.32,-2.5
-3.97,0.32,-3.05
-3.53,0.32,-3.54
-3.04,0.32,-3.97
-2.5,0.32,-4.33
-1.91,0.32,-4.62
-1.29,0.32,-4.83
-0.65,0.32,-4.96
-0.0,0.32,0.56
-0.08,0.32,0.63
-0.17,0.32,0.64
-0.25,0.32,0.6
-0.28,0.32,0.49
0.1,0.32,-0.13
0.12,0.32,-0.12
0.15,0.32,-0.11
0.2,0.32,-0.11
4.62,0.32,-1.9
4.83,0.32,-1.28
4.96,0.32,-0.64
5.0,0.32,0.01
4.96,0.32,0.67
4.83,0.32,1.31
4.61,0.32,1.93
4.32,0.32,2.51
3.96,0.32,3.06
3.52,0.32,3.55
3.03,0.32,3.98
2.49,0.32,4.34
1.9,0.32,4.63
1.28,0.32,4.83
0.64,0.32,4.96
0.0,0.32,-0.35
0.06,0.32,-0.42
0.12,0.32,-0.44
0.18,0.32,-0.43
0.24,0.32,-0.41
0.28,0.32,-0.36
0.31,0.32,-0.31
0.32,0.32,-0.24
0.29,0.32,-0.17
-4.63,0.32,1.89
-4.84,0.32,1.27
-4.96,0.32,0.63
-5.0,0.31,0.0
-4.96,0.31,-0.65
-4.83,0.31,-1.3
-4.62,0.31,-1.91
-4.33,0.31,-2.5
-3.97,0.31,-3.05
-3.53,0.31,-3.54
-3.04,0.31,-3.97
-2.5,0.31,-4.33
-1.91,0.31,-4.62
-1.29,0.31,-4.83
-0.65,0.31,-4.96
-0.0,0.31,0.56
-0.08,0.31,0.63
-0.17,0.31,0.65
-0.25,0.31,0.61
-0.29,0.31,0.5
0.1,0.31,-0.14
0.13,0.31,-0.13
0.16,0.31,-0.12
0.22,0.31,-0.13
4.62,0.31,-1.9
4.83,0.31,-1.28
4.96,0.31,-0.64
5.0,0.31,0.01
4.96,0.31,0.67
4.83,0.31,1.31
4.61,0.31,1.93
4.32,0.31,2.51
3.96,0.31,3.06
3.52,0.31,3.55
3.03,0.31,3.98
2.49,0.31,4.34
1.9,0.31,4.63
1.28,0.31,4.83
0.64,0.31,4.96
0.0,0.31,-0.38
0.06,0.31,-0.43
0.12,0.31,-0.45
0.18,0.31,-0.44
0.24,0.31,-0.41
0.28,0.31,-0.36
0.31,0.31,-0.3
0.31,0.31,-0.23
0.26,0.31,-0.15
-4.63,0.31,1.89
-4.84,0.31,1.27
-4.96,0.31,0.63
-5.0,0.29,0.0
-4.96,0.29,-0.65
-4.83,0.29,-1.3
-4.62,0.29,-1.91
-4.33,0.29,-2.5
-3.97,0.29,-3.05
-3.53,0.29,-3.54
-3.04,0.29,-3.97
-2.5,0.29,-4.33
-1.91,0.29,-4.62
-1.29,0.29,-4.83
-0.65,0.29,-4.96
-0.0,0.29,0.56
-0.08,0.29,0.64
-0.18,0.29,0.66
-0.26,0.29,0.62
-0.3,0.29,0.51
0.11,0.29,-0.14
0.13,0.29,-0.13
0.17,0.29,-0.13
4.34,0.29,-2.49
4.62,0.29,-1.9
4.83,0.29,-1.28
4.96,0.29,-0.64
5.0,0.29,0.01
4.96,0.29,0.67
4.83,0.29,1.31
4.61,0.29,1.93
4.32,0.29,2.51
3.96,0.29,3.06
3.52,0.29,3.55
3.03,0.29,3.98
2.49,0.29,4.34
1.9,0.29,4.63
1.28,0.29,4.83
0.64,0.29,4.96
0.0,0.29,-0.4
0.06,0.29,-0.45
0.12,0.29,-0.46
0.19,0.29,-0.44
0.24,0.29,-0.41
0.28,0.29,-0.36
0.3,0.29,-0.3
0.3,0.29,-0.23
-4.34,0.29,2.48
-4.63,0.29,1.89
-4.84,0.29,1.27
-4.96,0.29,0.63
-5.0,0.27,0.0
-4.96,0.27,-0.65
-4.83,0.27,-1.3
-4.62,0.27,-1.91
-4.33,0.27,-2.5
-3.97,0.27,-3.05
-3.53,0.27,-3.54
-3.04,0.27,-3.97
-2.5,0.27,-4.33
-1.91,0.27,-4.62
-1.29,0.27,-4.83
-0.65,0.27,-4.96
-0.0,0.27,0.55
-0.09,0.27,0.64
-0.18,0.27,0.67
-0.26,0.27,0.63
-0.31,0.27,0.53
0.11,0.27,-0.14
0.14,0.27,-0.14
0.18,0.27,-0.14
4.34,0.27,-2.49
4.62,0.27,-1.9
4.83,0.27,-1.28
4.96,0.27,-0.64
5.0,0.27,0.01
4.96,0.27,0.67
4.83,0.27,1.31
4.61,0.27,1.93
4.32,0.27,2.51
3.96,0.27,3.06
3.52,0.27,3.55
3.03,0.27,3.98
2.49,0.27,4.34
1.9,0.27,4.63
1.28,0.27,4.83
0.64,0.27,4.96
0.0,0.27,-0.42
0.06,0.27,-0.46
0.13,0.27,-0.46
0.19,0.27,-0.45
0.24,0.27,-0.41
0.28,0.27,-0.36
0.3,0.27,-0.29
0.28,0.27,-0.22
-4.34,0.27,2.48
-4.63,0.27,1.89
-4.84,0.27,1.27
-4.96,0.27,0.63
-5.0,0.25,0.0
-4.96,0.25,-0.65
-4.83,0.25,-1.3
-4.62,0.25,-1.91
-4.33,0.25,-2.5
-3.97,0.25,-3.05
-3.53,0.25,-3.54
-3.04,0.25,-3.97
-2.5,0.25,-4.33
-1.91,0.25,-4.62
-1.29,0.25,-4.83
-0.65,0.25,-4.96
-0.0,0.25,0.55
-0.09,0.25,0.65
-0.18,0.25,0.67
-0.27,0.25,0.64
-0.31,0.25,0.54
0.11,0.25,-0.15
0.14,0.25,-0.14
0.2,0.25,-0.15
4.34,0.25,-2.49
4.62,0.25,-1.9
4.83,0.25,-1.28
4.96,0.25,-0.64
5.0,0.25,0.01
4.96,0.25,0.67
4.83,0.25,1.31
4.61,0.25,1.93
4.32,0.25,2.51
3.96,0.25,3.06
3.52,0.25,3.55
3.03,0.25,3.98
2.49,0.25,4.34
1.9,0.25,4.63
1.28,0.25,4.83
0.64,0.25,4.96
0.0,0.25,-0.43
0.06,0.25,-0.47
0.13,0.25,-0.47
0.19,0.25,-0.45
0.24,0.25,-0.41
0.27,0.25,-0.35
0.28,0.25,-0.28
0.25,0.25,-0.19
-4.34,0.25,2.48
-4.63,0.25,1.89
-4.84,0.25,1.27
-4.96,0.25,0.63
-5.0,0.23,0.0
-4.96,0.23,-0.65
-4.83,0.23,-1.3
-4.62,0.23,-1.91
-4.33,0.23,-2.5
-3.97,0.23,-3.05
-3.53,0.23,-3.54
-3.04,0.23,-3.97
-2.5,0.23,-4.33
-1.91,0.23,-4.62
-1.29,0.23,-4.83
-0.04,0.23,-0.29
-0.0,0.23,0.55
-0.09,0.23,0.66
-0.19,0.23,0.69
-0.27,0.23,0.66
-0.32,0.23,0.55
0.12,0.23,-0.15
0.15,0.23,-0.15
3.97,0.23,-3.04
4.34,0.23,-2.49
4.62,0.23,-1.9
4.83,0.23,-1.28
4.96,0.23,-0.64
5.0,0.23,0.01
4.96,0.23,0.67
4.83,0.23,1.31
4.61,0.23,1.93
4.32,0.23,2.51
3.96,0.23,3.06
3.52,0.23,3.55
3.03,0.23,3.98
2.49,0.23,4.34
1.9,0.23,4.63
1.28,0.23,4.83
-0.05,0.23,-0.36
0.0,0.23,-0.45
0.06,0.23,-0.48
0.13,0.23,-0.47
0.19,0.23,-0.45
0.23,0.23,-0.4
0.26,0.23,-0.34
0.27,0.23,-0.27
-3.98,0.23,3.03
-4.34,0.23,2.48
-4.63,0.23,1.89
-4.84,0.23,1.27
-4.96,0.23,0.63
-5.0,0.22,0.0
-4.96,0.22,-0.65
-4.83,0.22,-1.3
-4.62,0.22,-1.91
-4.33,0.22,-2.5
-3.97,0.22,-3.05
-3.53,0.22,-3.54
-3.04,0.22,-3.97
-2.5,0.22,-4.33
-1.91,0.22,-4.62
-1.29,0.22,-4.83
-0.04,0.22,-0.28
0.0,0.22,-0.22
-0.09,0.22,0.67
-0.19,0.22,0.7
-0.28,0.22,0.67
-0.33,0.22,0.56
0.12,0.22,-0.16
0.16,0.22,-0.16
3.97,0.22,-3.04
4.34,0.22,-2.49
4.62,0.22,-1.9
4.83,0.22,-1.28
4.96,0.22,-0.64
5.0,0.22,0.01
4.96,0.22,0.67
4.83,0.22,1.31
4.61,0.22,1.93
4.32,0.22,2.51
3.96,0.22,3.06
3.52,0.22,3.55
3.03,0.22,3.98
2.49,0.22,4.34
1.9,0.22,4.63
1.28,0.22,4.83
-0.05,0.22,-0.37
0.0,0.22,-0.46
0.07,0.22,-0.49
0.13,0.22,-0.48
0.19,0.22,-0.45
0.24,0.22,-0.41
0.27,0.22,-0.35
0.27,0.22,-0.27
-3.98,0.22,3.03
-4.34,0.22,2.48
-4.63,0.22,1.89
-4.84,0.22,1.27
-4.96,0.22,0.63
-5.0,0.2,0.0
-4.96,0.2,-0.65
-4.83,0.2,-1.3
-4.62,0.2,-1.91
-4.33,0.2,-2.5
-3.97,0.2,-3.05
-3.53,0.2,-3.54
-3.04,0.2,-3.97
-2.5,0.2,-4.33
-1.91,0.2,-4.62
-1.29,0.2,-4.83
-0.04,0.2,-0.27
0.0,0.2,-0.23
-0.09,0.2,0.66
-0.19,0.2,0.7
-0.28,0.2,0.68
-0.34,0.2,0.58
0.13,0.2,-0.17
0.18,0.2,-0.18
3.97,0.2,-3.04
4.34,0.2,-2.49
4.62,0.2,-1.9
4.83,0.2,-1.28
4.96,0.2,-0.64
5.0,0.2,0.01
4.96,0.2,0.67
4.83,0.2,1.31
4.61,0.2,1.93
4.32,0.2,2.51
3.96,0.2,3.06
3.52,0.2,3.55
3.03,0.2,3.98
2.49,0.2,4.34
1.9,0.2,4.63
1.28,0.2,4.83
-0.05,0.2,-0.4
0.0,0.2,-0.48
0.07,0.2,-0.5
0.13,0.2,-0.49
0.19,0.2,-0.46
0.24,0.2,-0.41
0.26,0.2,-0.34
0.26,0.2,-0.26
-3.98,0.2,3.03
-4.34,0.2,2.48
-4.63,0.2,1.89
-4.84,0.2,1.27
-4.96,0.2,0.63
-5.0,0.18,0.0
-4.96,0.18,-0.65
-4.83,0.18,-1.3
-4.62,0.18,-1.91
-4.33,0.18,-2.5
-3.97,0.18,-3.05
-3.53,0.18,-3.54
-3.04,0.18,-3.97
-2.5,0.18,-4.33
-1.91,0.18,-4.62
-1.29,0.18,-4.83
-0.03,0.18,-0.27
0.0,0.18,-0.23
-0.09,0.18,0.66
-0.19,0.18,0.71
-0.29,0.18,0.69
-0.34,0.18,0.59
0.14,0.18,-0.18
0.2,0.18,-0.2
3.97,0.18,-3.04
4.34,0.18,-2.49
4.62,0.18,-1.9
4.83,0.18,-1.28
4.96,0.18,-0.64
5.0,0.18,0.01
4.96,0.18,0.67
4.83,0.18,1.31
4.61,0.18,1.93
4.32,0.18,2.51
3.96,0.18,3.06
3.52,0.18,3.55
3.03,0.18,3.98
2.49,0.18,4.34
1.9,0.18,4.63
1.28,0.18,4.83
-0.05,0.18,-0.42
0.0,0.18,-0.49
0.07,0.18,-0.51
0.13,0.18,-0.49
0.19,0.18,-0.46
0.24,0.18,-0.4
0.26,0.18,-0.33
0.23,0.18,-0.23
-3.98,0.18,3.03
-4.34,0.18,2.48
-4.63,0.18,1.89
-4.84,0.18,1.27
-4.96,0.18,0.63
-5.0,0.16,0.0
-4.96,0.16,-0.65
-4.83,0.16,-1.3
-4.62,0.16,-1.91
-4.33,0.16,-2.5
-3.97,0.16,-3.05
-3.53,0.16,-3.54
-3.04,0.16,-3.97
-2.5,0.16,-4.33
-1.91,0.16,-4.62
-1.29,0.16,-4.83
-0.03,0.16,-0.26
0.0,0.16,-0.23
-0.09,0.16,0.66
-0.19,0.16,0.72
-0.29,0.16,0.69
-0.35,0.16,0.6
0.14,0.16,-0.19
3.54,0.16,-3.53
3.97,0.16,-3.04
4.34,0.16,-2.49
4.62,0.16,-1.9
4.83,0.16,-1.28
4.96,0.16,-0.64
5.0,0.16,0.01
4.96,0.16,0.67
4.83,0.16,1.31
4.61,0.16,1.93
4.32,0.16,2.51
3.96,0.16,3.06
3.52,0.16,3.55
3.03,0.16,3.98
2.49,0.16,4.34
1.9,0.16,4.63
1.28,0.16,4.83
-0.06,0.16,-0.44
0.0,0.16,-0.5
0.07,0.16,-0.51
0.14,0.16,-0.5
0.19,0.16,-0.46
0.23,0.16,-0.4
0.25,0.16,-0.32
-3.55,0.16,3.52
-3.98,0.16,3.03
-4.34,0.16,2.48
-4.63,0.16,1.89
-4.84,0.16,1.27
-4.96,0.16,0.63
-5.0,0.14,0.0
-4.96,0.14,-0.65
-4.83,0.14,-1.3
-4.62,0.14,-1.91
-4.33,0.14,-2.5
-3.97,0.14,-3.05
-3.53,0.14,-3.54
-3.04,0.14,-3.97
-2.5,0.14,-4.33
-1.91,0.14,-4.62
-1.29,0.14,-4.83
-0.03,0.14,-0.26
0.0,0.14,-0.23
-0.09,0.14,0.67
-0.19,0.14,0.72
-0.29,0.14,0.69
-0.35,0.14,0.6
0.15,0.14,-0.2
3.54,0.14,-3.53
3.97,0.14,-3.04
4.34,0.14,-2.49
4.62,0.14,-1.9
4.83,0.14,-1.28
4.96,0.14,-0.64
5.0,0.14,0.01
4.96,0.14,0.67
4.83,0.14,1.31
4.61,0.14,1.93
4.32,0.14,2.51
3.96,0.14,3.06
3.52,0.14,3.55
3.03,0.14,3.98
2.49,0.14,4.34
1.9,0.14,4.63
1.28,0.14,4.83
-0.06,0.14,-0.45
0.0,0.14,-0.5
0.07,0.14,-0.52
0.14,0.14,-0.5
0.19,0.14,-0.46
0.23,0.14,-0.4
0.24,0.14,-0.31
-3.55,0.14,3.52
-3.98,0.14,3.03
-4.34,0.14,2.48
-4.63,0.14,1.89
-4.84,0.14,1.27
-4.96,0.14,0.63
-5.0,0.13,0.0
-4.96,0.13,-0.65
-4.83,0.13,-1.3
-4.62,0.13,-1.91
-4.33,0.13,-2.5
-3.97,0.13,-3.05
-3.53,0.13,-3.54
-3.04,0.13,-3.97
-2.5,0.13,-4.33
-1.91,0.13,-4.62
-1.29,0.13,-4.83
-0.03,0.13,-0.26
0.0,0.13,-0.23
-0.09,0.13,0.67
-0.19,0.13,0.72
-0.29,0.13,0.7
-0.35,0.13,0.61
0.17,0.13,-0.22
3.54,0.13,-3.53
3.97,0.13,-3.04
4.34,0.13,-2.49
4.62,0.13,-1.9
4.83,0.13,-1.28
4.96,0.13,-0.64
5.0,0.13,0.01
4.96,0.13,0.67
4.83,0.13,1.31
4.61,0.13,1.93
4.32,0.13,2.51
3.96,0.13,3.06
3.52,0.13,3.55
3.03,0.13,3.98
2.49,0.13,4.34
1.9,0.13,4.63
1.28,0.13,4.83
-0.06,0.13,-0.45
0.0,0.13,-0.51
0.07,0.13,-0.52
0.14,0.13,-0.51
0.19,0.13,-0.46
0.23,0.13,-0.39
0.23,0.13,-0.3
-3.55,0.13,3.52
-3.98,0.13,3.03
-4.34,0.13,2.48
-4.63,0.13,1.89
-4.84,0.13,1.27
-4.96,0.13,0.63
-5.0,0.11,0.0
-4.96,0.11,-0.65
-4.83,0.11,-1.3
-4.62,0.11,-1.91
-4.33,0.11,-2.5
-3.97,0.11,-3.05
-3.53,0.11,-3.54
-3.04,0.11,-3.97
-2.5,0.11,-4.33
-1.91,0.11,-4.62
-1.29,0.11,-4.83
-0.03,0.11,-0.26
0.0,0.11,-0.24
-0.09,0.11,0.66
-0.19,0.11,0.72
-0.29,0.11,0.7
-0.35,0.11,0.61
3.05,0.11,-3.96
3.54,0.11,-3.53
3.97,0.11,-3.04
4.34,0.11,-2.49
4.62,0.11,-1.9
4.83,0.11,-1.28
4.96,0.11,-0.64
5.0,0.11,0.01
4.96,0.11,0.67
4.83,0.11,1.31
4.61,0.11,1.93
4.32,0.11,2.51
3.96,0.11,3.06
3.52,0.11,3.55
3.03,0.11,3.98
2.49,0.11,4.34
1.9,0.11,4.63
1.28,0.11,4.83
-0.06,0.11,-0.46
0.0,0.11,-0.51
0.07,0.11,-0.52
0.14,0.11,-0.51
0.19,0.11,-0.46
0.23,0.11,-0.39
-3.06,0.11,3.95
-3.55,0.11,3.52
-3.98,0.11,3.03
-4.34,0.11,2.48
-4.63,0.11,1.89
-4.84,0.11,1.27
-4.96,0.11,0.63
-5.0,0.09,0.0
-4.96,0.09,-0.65
-4.83,0.09,-1.3
-4.62,0.09,-1.91
-4.33,0.09,-2.5
-3.97,0.09,-3.05
-3.53,0.09,-3.54
-3.04,0.09,-3.97
-2.5,0.09,-4.33
-1.91,0.09,-4.62
-1.29,0.09,-4.83
-0.03,0.09,-0.27
0.0,0.09,-0.24
-0.09,0.09,0.66
-0.19,0.09,0.72
-0.29,0.09,0.69
-0.35,0.09,0.6
3.05,0.09,-3.96
3.54,0.09,-3.53
3.97,0.09,-3.04
4.34,0.09,-2.49
4.62,0.09,-1.9
4.83,0.09,-1.28
4.96,0.09,-0.64
5.0,0.09,0.01
4.96,0.09,0.67
4.83,0.09,1.31
4.61,0.09,1.93
4.32,0.09,2.51
3.96,0.09,3.06
3.52,0.09,3.55
3.03,0.09,3.98
2.49,0.09,4.34
1.9,0.09,4.63
1.28,0.09,4.83
-0.06,0.09,-0.46
0.0,0.09,-0.51
0.07,0.09,-0.52
0.14,0.09,-0.51
0.19,0.09,-0.46
0.22,0.09,-0.38
-3.06,0.09,3.95
-3.55,0.09,3.52
-3.98,0.09,3.03
-4.34,0.09,2.48
-4.63,0.09,1.89
-4.84,0.09,1.27
-4.96,0.09,0.63
-5.0,0.07,0.0
-4.96,0.07,-0.65
-4.83,0.07,-1.3
-4.62,0.07,-1.91
-4.33,0.07,-2.5
-3.97,0.07,-3.05
-3.53,0.07,-3.54
-3.04,0.07,-3.97
-2.5,0.07,-4.33
-1.91,0.07,-4.62
-1.29,0.07,-4.83
-0.04,0.07,-0.27
0.0,0.07,-0.24
-0.09,0.07,0.65
-0.19,0.07,0.71
-0.29,0.07,0.69
-0.35,0.07,0.6
3.05,0.07,-3.96
3.54,0.07,-3.53
3.97,0.07,-3.04
4.34,0.07,-2.49
4.62,0.07,-1.9
4.83,0.07,-1.28
4.96,0.07,-0.64
5.0,0.07,0.01
4.96,0.07,0.67
4.83,0.07,1.31
4.61,0.07,1.93
4.32,0.07,2.51
3.96,0.07,3.06
3.52,0.07,3.55
3.03,0.07,3.98
2.49,0.07,4.34
1.9,0.07,4.63
1.28,0.07,4.83
-0.06,0.07,-0.45
0.0,0.07,-0.5
0.07,0.07,-0.52
0.14,0.07,-0.5
0.19,0.07,-0.45
0.21,0.07,-0.37
-3.06,0.07,3.95
-3.55,0.07,3.52
-3.98,0.07,3.03
-4.34,0.07,2.48
-4.63,0.07,1.89
-4.84,0.07,1.27
-4.96,0.07,0.63
-5.0,0.05,0.0
-4.96,0.05,-0.65
-4.83,0.05,-1.3
-4.62,0.05,-1.91
-4.33,0.05,-2.5
-3.97,0.05,-3.05
-3.53,0.05,-3.54
-3.04,0.05,-3.97
-2.5,0.05,-4.33
-1.91,0.05,-4.62
-1.29,0.05,-4.83
-0.04,0.05,-0.28
0.0,0.05,-0.25
-0.08,0.05,0.62
-0.19,0.05,0.7
-0.28,0.05,0.68
-0.34,0.05,0.58
3.05,0.05,-3.96
3.54,0.05,-3.53
3.97,0.05,-3.04
4.34,0.05,-2.49
4.62,0.05,-1.9
4.83,0.05,-1.28
4.96,0.05,-0.64
5.0,0.05,0.01
4.96,0.05,0.67
4.83,0.05,1.31
4.61,0.05,1.93
4.32,0.05,2.51
3.96,0.05,3.06
3.52,0.05,3.55
3.03,0.05,3.98
2.49,0.05,4.34
1.9,0.05,4.63
1.28,0.05,4.83
-0.06,0.05,-0.44
0.0,0.05,-0.5
0.07,0.05,-0.51
0.14,0.05,-0.5
0.19,0.05,-0.45
0.21,0.05,-0.35
-3.06,0.05,3.95
-3.55,0.05,3.52
-3.98,0.05,3.03
-4.34,0.05,2.48
-4.63,0.05,1.89
-4.84,0.05,1.27
-4.96,0.05,0.63
-5.0,0.04,0.0
-4.96,0.04,-0.65
-4.83,0.04,-1.3
-4.62,0.04,-1.91
-4.33,0.04,-2.5
-3.97,0.04,-3.05
-3.53,0.04,-3.54
-3.04,0.04,-3.97
-2.5,0.04,-4.33
-1.91,0.04,-4.62
-1.29,0.04,-4.83
-0.04,0.04,-0.3
0.0,0.04,-0.26
0.03,0.04,-0.25
-0.19,0.04,0.69
-0.28,0.04,0.67
-0.33,0.04,0.57
3.05,0.04,-3.96
3.54,0.04,-3.53
3.97,0.04,-3.04
4.34,0.04,-2.49
4.62,0.04,-1.9
4.83,0.04,-1.28
4.96,0.04,-0.64
5.0,0.04,0.01
4.96,0.04,0.67
4.83,0.04,1.31
4.61,0.04,1.93
4.32,0.04,2.51
3.96,0.04,3.06
3.52,0.04,3.55
3.03,0.04,3.98
2.49,0.04,4.34
1.9,0.04,4.63
1.28,0.04,4.83
-0.05,0.04,-0.43
0.0,0.04,-0.49
0.07,0.04,-0.51
0.13,0.04,-0.49
0.18,0.04,-0.44
0.19,0.04,-0.33
-3.06,0.04,3.95
-3.55,0.04,3.52
-3.98,0.04,3.03
-4.34,0.04,2.48
-4.63,0.04,1.89
-4.84,0.04,1.27
-4.96,0.04,0.63
-5.0,0.02,0.0
-4.96,0.02,-0.65
-4.83,0.02,-1.3
-4.62,0.02,-1.91
-4.33,0.02,-2.5
-3.97,0.02,-3.05
-3.53,0.02,-3.54
-3.04,0.02,-3.97
-2.5,0.02,-4.33
-1.91,0.02,-4.62
-1.29,0.02,-4.83
-0.04,0.02,-0.32
0.0,0.02,-0.27
0.03,0.02,-0.26
-0.18,0.02,0.68
-0.27,0.02,0.66
2.51,0.02,-4.33
3.05,0.02,-3.96
3.54,0.02,-3.53
3.97,0.02,-3.04
4.34,0.02,-2.49
4.62,0.02,-1.9
4.83,0.02,-1.28
4.96,0.02,-0.64
5.0,0.02,0.01
4.96,0.02,0.67
4.83,0.02,1.31
4.61,0.02,1.93
4.32,0.02,2.51
3.96,0.02,3.06
3.52,0.02,3.55
3.03,0.02,3.98
2.49,0.02,4.34
1.9,0.02,4.63
1.28,0.02,4.83
-0.05,0.02,-0.4
0.0,0.02,-0.48
0.07,0.02,-0.49
0.13,0.02,-0.48
0.18,0.02,-0.42
-2.52,0.02,4.32
-3.06,0.02,3.95
-3.55,0.02,3.52
-3.98,0.02,3.03
-4.34,0.02,2.48
-4.63,0.02,1.89
