-4.96,1.8,-0.65
-4.83,1.8,-1.3
-4.62,1.8,-1.91
-4.33,1.8,-2.5
-3.97,1.8,-3.05
-3.53,1.8,-3.54
-3.04,1.8,-3.97
-2.5,1.8,-4.33
-1.91,1.8,-4.62
-1.29,1.8,-4.83
-0.65,1.8,-4.96
0.01,1.8,-5.0
0.66,1.8,-4.96
1.3,1.8,-4.83
1.92,1.8,-4.62
2.51,1.8,-4.33
3.05,1.8,-3.96
3.54,1.8,-3.53
3.97,1.8,-3.04
4.34,1.8,-2.49
4.62,1.8,-1.9
4.83,1.8,-1.28
4.96,1.8,-0.64
5.0,1.8,0.01
4.96,1.8,0.67
4.83,1.8,1.31
4.61,1.8,1.93
4.32,1.8,2.51
3.96,1.8,3.06
3.52,1.8,3.55
3.03,1.8,3.98
2.49,1.8,4.34
1.9,1.8,4.63
1.28,1.8,4.83
0.64,1.8,4.96
-0.02,1.8,5.0
-0.67,1.8,4.95
-1.31,1.8,4.82
-1.93,1.8,4.61
-2.52,1.8,4.32
-3.06,1.8,3.95
-3.55,1.8,3.52
-3.98,1.8,3.03
-4.34,1.8,2.48
-4.63,1.8,1.89
-4.84,1.8,1.27
-4.96,1.8,0.63
-5.0,1.78,0.0
-4.96,1.78,-0.65
-4.83,1.78,-1.3
-4.62,1.78,-1.91
-4.33,1.78,-2.5
-3.97,1.78,-3.05
-3.53,1.78,-3.54
-3.04,1.78,-3.97
-2.5,1.78,-4.33
-1.91,1.78,-4.62
-1.29,1.78,-4.83
-0.65,1.78,-4.96
0.01,1.78,-5.0
0.66,1.78,-4.96
1.3,1.78,-4.83
1.92,1.78,-4.62
2.51,1.78,-4.33
3.05,1.78,-3.96
3.54,1.78,-3.53
3.97,1.78,-3.04
4.34,1.78,-2.49
4.62,1.78,-1.9
4.83,1.78,-1.28
4.96,1.78,-0.64
5.0,1.78,0.01
4.96,1.78,0.67
4.83,1.78,1.31
4.61,1.78,1.93
4.32,1.78,2.51
3.96,1.78,3.06
3.52,1.78,3.55
3.03,1.78,3.98
2.49,1.78,4.34
1.9,1.78,4.63
1.28,1.78,4.83
0.64,1.78,4.96
-0.02,1.78,5.0
-0.67,1.78,4.95
-1.31,1.78,4.82
-1.93,1.78,4.61
-2.52,1.78,4.32
-3.06,1.78,3.95
-3.55,1.78,3.52
-3.98,1.78,3.03
-4.34,1.78,2.48
-4.63,1.78,1.89
-4.84,1.78,1.27
-4.96,1.78,0.63
-5.0,1.77,0.0
-4.96,1.77,-0.65
-4.83,1.77,-1.3
-4.62,1.77,-1.91
-4.33,1.77,-2.5
-3.97,1.77,-3.05
-3.53,1.77,-3.54
-3.04,1.77,-3.97
-2.5,1.77,-4.33
-1.91,1.77,-4.62
-1.29,1.77,-4.83
-0.65,1.77,-4.96
0.01,1.77,-5.0
0.66,1.77,-4.96
1.3,1.77,-4.83
1.92,1.77,-4.62
2.51,1.77,-4.33
3.05,1.77,-3.96
3.54,1.77,-3.53
3.97,1.77,-3.04
4.34,1.77,-2.49
4.62,1.77,-1.9
4.83,1.77,-1.28
4.96,1.77,-0.64
5.0,1.77,0.01
4.96,1.77,0.67
4.83,1.77,1.31
4.61,1.77,1.93
4.32,1.77,2.51
3.96,1.77,3.06
3.52,1.77,3.55
3.03,1.77,3.98
2.49,1.77,4.34
1.9,1.77,4.63
1.28,1.77,4.83
0.64,1.77,4.96
-0.02,1.77,5.0
-0.67,1.77,4.95
-1.31,1.77,4.82
-1.93,1.77,4.61
-2.52,1.77,4.32
-3.06,1.77,3.95
-3.55,1.77,3.52
-3.98,1.77,3.03
-4.34,1.77,2.48
-4.63,1.77,1.89
-4.84,1.77,1.27
-4.96,1.77,0.63
-5.0,1.75,0.0
-4.96,1.75,-0.65
-4.83,1.75,-1.3
-4.62,1.75,-1.91
-4.33,1.75,-2.5
-3.97,1.75,-3.05
-3.53,1.75,-3.54
-3.04,1.75,-3.97
-2.5,1.75,-4.33
-1.91,1.75,-4.62
-1.29,1.75,-4.83
-0.65,1.75,-4.96
0.01,1.75,-5.0
0.66,1.75,-4.96
1.3,1.75,-4.83
1.92,1.75,-4.62
2.51,1.75,-4.33
3.05,1.75,-3.96
3.54,1.75,-3.53
3.97,1.75,-3.04
4.34,1.75,-2.49
4.62,1.75,-1.9
4.83,1.75,-1.28
4.96,1.75,-0.64
5.0,1.75,0.01
4.96,1.75,0.67
4.83,1.75,1.31
4.61,1.75,1.93
4.32,1.75,2.51
3.96,1.75,3.06
3.52,1.75,3.55
3.03,1.75,3.98
2.49,1.75,4.34
1.9,1.75,4.63
1.28,1.75,4.83
0.64,1.75,4.96
-0.02,1.75,5.0
-0.67,1.75,4.95
-1.31,1.75,4.82
-1.93,1.75,4.61
-2.52,1.75,4.32
-3.06,1.75,3.95
-3.55,1.75,3.52
-3.98,1.75,3.03
-4.34,1.75,2.48
-4.63,1.75,1.89
-4.84,1.75,1.27
-4.96,1.75,0.63
-5.0,1.73,0.0
-4.96,1.73,-0.65
-4.83,1.73,-1.3
-4.62,1.73,-1.91
-4.33,1.73,-2.5
-3.97,1.73,-3.05
-3.53,1.73,-3.54
-3.04,1.73,-3.97
-2.5,1.73,-4.33
-1.91,1.73,-4.62
-1.29,1.73,-4.83
-0.65,1.73,-4.96
0.01,1.73,-5.0
0.66,1.73,-4.96
1.3,1.73,-4.83
1.92,1.73,-4.62
2.51,1.73,-4.33
3.05,1.73,-3.96
3.54,1.73,-3.53
3.97,1.73,-3.04
4.34,1.73,-2.49
4.62,1.73,-1.9
4.83,1.73,-1.28
4.96,1.73,-0.64
5.0,1.73,0.01
4.96,1.73,0.67
4.83,1.73,1.31
4.61,1.73,1.93
4.32,1.73,2.51
3.96,1.73,3.06
3.52,1.73,3.55
3.03,1.73,3.98
2.49,1.73,4.34
1.9,1.73,4.63
1.28,1.73,4.83
0.64,1.73,4.96
-0.02,1.73,5.0
-0.67,1.73,4.95
-1.31,1.73,4.82
-1.93,1.73,4.61
-2.52,1.73,4.32
-3.06,1.73,3.95
-3.55,1.73,3.52
-3.98,1.73,3.03
-4.34,1.73,2.48
-4.63,1.73,1.89
-4.84,1.73,1.27
-4.96,1.73,0.63
-5.0,1.71,0.0
-4.96,1.71,-0.65
-4.83,1.71,-1.3
-4.62,1.71,-1.91
-4.33,1.71,-2.5
-3.97,1.71,-3.05
-3.53,1.71,-3.54
-3.04,1.71,-3.97
-2.5,1.71,-4.33
-1.91,1.71,-4.62
-1.29,1.71,-4.83
-0.65,1.71,-4.96
0.01,1.71,-5.0
0.66,1.71,-4.96
1.3,1.71,-4.83
1.92,1.71,-4.62
2.51,1.71,-4.33
3.05,1.71,-3.96
3.54,1.71,-3.53
3.97,1.71,-3.04
4.34,1.71,-2.49
4.62,1.71,-1.9
4.83,1.71,-1.28
4.96,1.71,-0.64
5.0,1.71,0.01
4.96,1.71,0.67
4.83,1.71,1.31
4.61,1.71,1.93
4.32,1.71,2.51
3.96,1.71,3.06
3.52,1.71,3.55
3.03,1.71,3.98
2.49,1.71,4.34
1.9,1.71,4.63
1.28,1.71,4.83
0.64,1.71,4.96
-0.02,1.71,5.0
-0.67,1.71,4.95
-1.31,1.71,4.82
-1.93,1.71,4.61
-2.52,1.71,4.32
-3.06,1.71,3.95
-3.55,1.71,3.52
-3.98,1.71,3.03
-4.34,1.71,2.48
-4.63,1.71,1.89
-4.84,1.71,1.27
-4.96,1.71,0.63
-5.0,1.69,0.0
-4.96,1.69,-0.65
-4.83,1.69,-1.3
-4.62,1.69,-1.91
-4.33,1.69,-2.5
-3.97,1.69,-3.05
-3.53,1.69,-3.54
-3.04,1.69,-3.97
-2.5,1.69,-4.33
-1.91,1.69,-4.62
-1.29,1.69,-4.83
-0.65,1.69,-4.96
0.01,1.69,-5.0
0.66,1.69,-4.96
1.3,1.69,-4.83
1.92,1.69,-4.62
2.51,1.69,-4.33
3.05,1.69,-3.96
3.54,1.69,-3.53
3.97,1.69,-3.04
4.34,1.69,-2.49
4.62,1.69,-1.9
4.83,1.69,-1.28
4.96,1.69,-0.64
5.0,1.69,0.01
4.96,1.69,0.67
4.83,1.69,1.31
4.61,1.69,1.93
4.32,1.69,2.51
3.96,1.69,3.06
3.52,1.69,3.55
3.03,1.69,3.98
2.49,1.69,4.34
1.9,1.69,4.63
1.28,1.69,4.83
0.64,1.69,4.96
-0.02,1.69,5.0
-0.67,1.69,4.95
-1.31,1.69,4.82
-1.93,1.69,4.61
-2.52,1.69,4.32
-3.06,1.69,3.95
-3.55,1.69,3.52
-3.98,1.69,3.03
-4.34,1.69,2.48
-4.63,1.69,1.89
-4.84,1.69,1.27
-4.96,1.69,0.63
-5.0,1.68,0.0
-4.96,1.68,-0.65
-4.83,1.68,-1.3
-4.62,1.68,-1.91
-4.33,1.68,-2.5
-3.97,1.68,-3.05
-3.53,1.68,-3.54
-3.04,1.68,-3.97
-2.5,1.68,-4.33
-1.91,1.68,-4.62
-1.29,1.68,-4.83
-0.65,1.68,-4.96
0.01,1.68,-5.0
0.66,1.68,-4.96
1.3,1.68,-4.83
1.92,1.68,-4.62
2.51,1.68,-4.33
3.05,1.68,-3.96
3.54,1.68,-3.53
3.97,1.68,-3.04
4.34,1.68,-2.49
4.62,1.68,-1.9
4.83,1.68,-1.28
4.96,1.68,-0.64
5.0,1.68,0.01
4.96,1.68,0.67
4.83,1.68,1.31
4.61,1.68,1.93
4.32,1.68,2.51
3.96,1.68,3.06
3.52,1.68,3.55
3.03,1.68,3.98
2.49,1.68,4.34
1.9,1.68,4.63
1.28,1.68,4.83
0.64,1.68,4.96
-0.02,1.68,5.0
-0.67,1.68,4.95
-1.31,1.68,4.82
-1.93,1.68,4.61
-2.52,1.68,4.32
-3.06,1.68,3.95
-3.55,1.68,3.52
-3.98,1.68,3.03
-4.34,1.68,2.48
-4.63,1.68,1.89
-4.84,1.68,1.27
-4.96,1.68,0.63
-5.0,1.66,0.0
-4.96,1.66,-0.65
-4.83,1.66,-1.3
-4.62,1.66,-1.91
-4.33,1.66,-2.5
-3.97,1.66,-3.05
-3.53,1.66,-3.54
-3.04,1.66,-3.97
-2.5,1.66,-4.33
-1.91,1.66,-4.62
-1.29,1.66,-4.83
-0.65,1.66,-4.96
0.01,1.66,-5.0
0.66,1.66,-4.96
1.3,1.66,-4.83
1.92,1.66,-4.62
2.51,1.66,-4.33
3.05,1.66,-3.96
3.54,1.66,-3.53
3.97,1.66,-3.04
4.34,1.66,-2.49
4.62,1.66,-1.9
4.83,1.66,-1.28
4.96,1.66,-0.64
5.0,1.66,0.01
4.96,1.66,0.67
4.83,1.66,1.31
4.61,1.66,1.93
4.32,1.66,2.51
3.96,1.66,3.06
3.52,1.66,3.55
3.03,1.66,3.98
2.49,1.66,4.34
1.9,1.66,4.63
1.28,1.66,4.83
0.64,1.66,4.96
-0.02,1.66,5.0
-0.67,1.66,4.95
-1.31,1.66,4.82
-1.93,1.66,4.61
-2.52,1.66,4.32
-3.06,1.66,3.95
-3.55,1.66,3.52
-3.98,1.66,3.03
-4.34,1.66,2.48
-4.63,1.66,1.89
-4.84,1.66,1.27
-4.96,1.66,0.63
-5.0,1.64,0.0
-4.96,1.64,-0.65
-4.83,1.64,-1.3
-4.62,1.64,-1.91
-4.33,1.64,-2.5
-3.97,1.64,-3.05
-3.53,1.64,-3.54
-3.04,1.64,-3.97
-2.5,1.64,-4.33
-1.91,1.64,-4.62
-1.29,1.64,-4.83
-0.65,1.64,-4.96
0.01,1.64,-5.0
0.66,1.64,-4.96
1.3,1.64,-4.83
1.92,1.64,-4.62
2.51,1.64,-4.33
3.05,1.64,-3.96
3.54,1.64,-3.53
3.97,1.64,-3.04
4.34,1.64,-2.49
4.62,1.64,-1.9
4.83,1.64,-1.28
4.96,1.64,-0.64
5.0,1.64,0.01
4.96,1.64,0.67
4.83,1.64,1.31
4.61,1.64,1.93
4.32,1.64,2.51
3.96,1.64,3.06
3.52,1.64,3.55
3.03,1.64,3.98
2.49,1.64,4.34
1.9,1.64,4.63
1.28,1.64,4.83
0.64,1.64,4.96
-0.02,1.64,5.0
-0.67,1.64,4.95
-1.31,1.64,4.82
-1.93,1.64,4.61
-2.52,1.64,4.32
-3.06,1.64,3.95
-3.55,1.64,3.52
-3.98,1.64,3.03
-4.34,1.64,2.48
-4.63,1.64,1.89
-4.84,1.64,1.27
-4.96,1.64,0.63
-5.0,1.62,0.0
-4.96,1.62,-0.65
-4.83,1.62,-1.3
-4.62,1.62,-1.91
-4.33,1.62,-2.5
-3.97,1.62,-3.05
-3.53,1.62,-3.54
-3.04,1.62,-3.97
-2.5,1.62,-4.33
-1.91,1.62,-4.62
-1.29,1.62,-4.83
-0.65,1.62,-4.96
0.01,1.62,-5.0
0.66,1.62,-4.96
1.3,1.62,-4.83
1.92,1.62,-4.62
2.51,1.62,-4.33
3.05,1.62,-3.96
3.54,1.62,-3.53
3.97,1.62,-3.04
4.34,1.62,-2.49
4.62,1.62,-1.9
4.83,1.62,-1.28
4.96,1.62,-0.64
5.0,1.62,0.01
4.96,1.62,0.67
4.83,1.62,1.31
4.61,1.62,1.93
4.32,1.62,2.51
3.96,1.62,3.06
3.52,1.62,3.55
3.03,1.62,3.98
2.49,1.62,4.34
1.9,1.62,4.63
1.28,1.62,4.83
0.64,1.62,4.96
-0.02,1.62,5.0
-0.67,1.62,4.95
-1.31,1.62,4.82
-1.93,1.62,4.61
-2.52,1.62,4.32
-3.06,1.62,3.95
-3.55,1.62,3.52
-3.98,1.62,3.03
-4.34,1.62,2.48
-4.63,1.62,1.89
-4.84,1.62,1.27
-4.96,1.62,0.63
-5.0,1.6,0.0
-4.96,1.6,-0.65
-4.83,1.6,-1.3
-4.62,1.6,-1.91
-4.33,1.6,-2.5
-3.97,1.6,-3.05
-3.53,1.6,-3.54
-3.04,1.6,-3.97
-2.5,1.6,-4.33
-1.91,1.6,-4.62
-1.29,1.6,-4.83
-0.65,1.6,-4.96
0.01,1.6,-5.0
0.66,1.6,-4.96
1.3,1.6,-4.83
1.92,1.6,-4.62
2.51,1.6,-4.33
3.05,1.6,-3.96
3.54,1.6,-3.53
3.97,1.6,-3.04
4.34,1.6,-2.49
4.62,1.6,-1.9
4.83,1.6,-1.28
4.96,1.6,-0.64
5.0,1.6,0.01
4.96,1.6,0.67
4.83,1.6,1.31
4.61,1.6,1.93
4.32,1.6,2.51
3.96,1.6,3.06
3.52,1.6,3.55
3.03,1.6,3.98
2.49,1.6,4.34
1.9,1.6,4.63
1.28,1.6,4.83
0.64,1.6,4.96
-0.02,1.6,5.0
-0.67,1.6,4.95
-1.31,1.6,4.82
-1.93,1.6,4.61
-2.52,1.6,4.32
-3.06,1.6,3.95
-3.55,1.6,3.52
-3.98,1.6,3.03
-4.34,1.6,2.48
-4.63,1.6,1.89
-4.84,1.6,1.27
-4.96,1.6,0.63
-5.0,1.59,0.0
-4.96,1.59,-0.65
-4.83,1.59,-1.3
-4.62,1.59,-1.91
-4.33,1.59,-2.5
-3.97,1.59,-3.05
-3.53,1.59,-3.54
-3.04,1.59,-3.97
-2.5,1.59,-4.33
-1.91,1.59,-4.62
-1.29,1.59,-4.83
-0.65,1.59,-4.96
0.01,1.59,-5.0
0.66,1.59,-4.96
1.3,1.59,-4.83
1.92,1.59,-4.62
2.51,1.59,-4.33
3.05,1.59,-3.96
3.54,1.59,-3.53
3.97,1.59,-3.04
4.34,1.59,-2.49
4.62,1.59,-1.9
4.83,1.59,-1.28
4.96,1.59,-0.64
5.0,1.59,0.01
4.96,1.59,0.67
4.83,1.59,1.31
4.61,1.59,1.93
4.32,1.59,2.51
3.96,1.59,3.06
3.52,1.59,3.55
3.03,1.59,3.98
2.49,1.59,4.34
1.9,1.59,4.63
1.28,1.59,4.83
0.64,1.59,4.96
-0.02,1.59,5.0
-0.67,1.59,4.95
-1.31,1.59,4.82
-1.93,1.59,4.61
-2.52,1.59,4.32
-3.06,1.59,3.95
-3.55,1.59,3.52
-3.98,1.59,3.03
-4.34,1.59,2.48
-4.63,1.59,1.89
-4.84,1.59,1.27
-4.96,1.59,0.63
-5.0,1.57,0.0
-4.96,1.57,-0.65
-4.83,1.57,-1.3
-4.62,1.57,-1.91
-4.33,1.57,-2.5
-3.97,1.57,-3.05
-3.53,1.57,-3.54
-3.04,1.57,-3.97
-2.5,1.57,-4.33
-1.91,1.57,-4.62
-1.29,1.57,-4.83
-0.65,1.57,-4.96
0.01,1.57,-5.0
0.66,1.57,-4.96
1.3,1.57,-4.83
1.92,1.57,-4.62
2.51,1.57,-4.33
3.05,1.57,-3.96
3.54,1.57,-3.53
3.97,1.57,-3.04
4.34,1.57,-2.49
4.62,1.57,-1.9
4.83,1.57,-1.28
4.96,1.57,-0.64
5.0,1.57,0.01
4.96,1.57,0.67
4.83,1.57,1.31
4.61,1.57,1.93
4.32,1.57,2.51
3.96,1.57,3.06
3.52,1.57,3.55
3.03,1.57,3.98
2.49,1.57,4.34
1.9,1.57,4.63
1.28,1.57,4.83
0.64,1.57,4.96
-0.02,1.57,5.0
-0.67,1.57,4.95
-1.31,1.57,4.82
-1.93,1.57,4.61
-2.52,1.57,4.32
-3.06,1.57,3.95
-3.55,1.57,3.52
-3.98,1.57,3.03
-4.34,1.57,2.48
-4.63,1.57,1.89
-4.84,1.57,1.27
-4.96,1.57,0.63
0.04,1.55,0.0
0.04,1.55,0.01
0.04,1.55,0.01
0.04,1.55,0.02
0.05,1.55,0.03
0.05,1.55,0.04
0.04,1.55,0.04
0.04,1.55,0.05
0.03,1.55,0.06
0.03,1.55,0.07
0.02,1.55,0.07
0.01,1.55,0.08
-0.0,1.55,0.08
-0.01,1.55,0.1
-0.03,1.55,0.1
-0.04,1.55,0.09
-0.05,1.55,0.09
-0.06,1.55,0.08
-0.07,1.55,0.07
-0.08,1.55,0.06
-0.09,1.55,0.05
-0.09,1.55,0.04
-0.1,1.55,0.03
-0.11,1.55,0.01
-0.1,1.55,-0.0
-0.1,1.55,-0.01
-0.1,1.55,-0.03
-0.09,1.55,-0.04
-0.08,1.55,-0.05
-0.07,1.55,-0.06
-0.06,1.55,-0.06
-0.06,1.55,-0.08
-0.05,1.55,-0.09
-0.04,1.55,-0.09
-0.03,1.55,-0.1
-0.01,1.55,-0.1
0.0,1.55,-0.09
0.01,1.55,-0.09
0.02,1.55,-0.09
0.03,1.55,-0.08
0.04,1.55,-0.07
0.05,1.55,-0.06
0.05,1.55,-0.05
0.06,1.55,-0.04
0.06,1.55,-0.03
0.06,1.55,-0.02
0.06,1.55,-0.02
0.06,1.55,-0.01
0.08,1.53,0.0
0.07,1.53,0.01
0.06,1.53,0.02
0.06,1.53,0.02
0.06,1.53,0.03
0.05,1.53,0.04
0.04,1.53,0.04
0.04,1.53,0.05
0.03,1.53,0.06
0.03,1.53,0.06
0.01,1.53,0.05
0.01,1.53,0.06
-0.0,1.53,0.06
-0.01,1.53,0.06
-0.02,1.53,0.06
-0.03,1.53,0.06
-0.04,1.53,0.06
-0.05,1.53,0.06
-0.06,1.53,0.06
-0.07,1.53,0.05
-0.08,1.53,0.04
-0.09,1.53,0.04
-0.1,1.53,0.03
-0.11,1.53,0.01
-0.12,1.53,-0.0
-0.13,1.53,-0.02
-0.13,1.53,-0.03
-0.13,1.53,-0.05
-0.12,1.53,-0.07
-0.11,1.53,-0.09
-0.1,1.53,-0.1
-0.09,1.53,-0.12
-0.07,1.53,-0.12
-0.05,1.53,-0.13
-0.04,1.53,-0.13
-0.02,1.53,-0.13
0.0,1.53,-0.13
0.02,1.53,-0.12
0.03,1.53,-0.11
0.04,1.53,-0.1
0.05,1.53,-0.09
0.06,1.53,-0.07
0.06,1.53,-0.06
0.07,1.53,-0.05
0.07,1.53,-0.04
0.07,1.53,-0.03
0.07,1.53,-0.02
0.07,1.53,-0.01
0.09,1.51,-0.0
0.08,1.51,0.01
0.08,1.51,0.02
0.08,1.51,0.03
0.07,1.51,0.04
0.06,1.51,0.05
0.06,1.51,0.06
0.05,1.51,0.06
0.04,1.51,0.07
0.03,1.51,0.08
0.02,1.51,0.08
0.01,1.51,0.09
-0.0,1.51,0.09
-0.01,1.51,0.09
-0.03,1.51,0.09
-0.04,1.51,0.09
-0.05,1.51,0.09
-0.07,1.51,0.09
-0.08,1.51,0.08
-0.1,1.51,0.07
-0.11,1.51,0.06
-0.12,1.51,0.05
-0.13,1.51,0.04
-0.14,1.51,0.02
-0.15,1.51,-0.0
-0.15,1.51,-0.02
-0.15,1.51,-0.04
-0.15,1.51,-0.06
-0.14,1.51,-0.08
-0.13,1.51,-0.1
-0.12,1.51,-0.12
-0.1,1.51,-0.13
-0.08,1.51,-0.14
-0.06,1.51,-0.15
-0.04,1.51,-0.15
-0.02,1.51,-0.15
0.0,1.51,-0.15
0.02,1.51,-0.14
0.04,1.51,-0.13
0.05,1.51,-0.12
0.06,1.51,-0.11
0.07,1.51,-0.09
0.08,1.51,-0.08
0.09,1.51,-0.07
0.09,1.51,-0.05
0.09,1.51,-0.04
0.09,1.51,-0.02
0.09,1.51,-0.01
0.1,1.5,0.0
0.1,1.5,0.01
0.1,1.5,0.03
0.09,1.5,0.04
0.08,1.5,0.05
0.08,1.5,0.06
0.07,1.5,0.07
0.06,1.5,0.08
0.05,1.5,0.08
0.04,1.5,0.09
0.03,1.5,0.1
0.01,1.5,0.1
-0.0,1.5,0.11
-0.01,1.5,0.11
-0.03,1.5,0.11
-0.05,1.5,0.11
-0.06,1.5,0.11
-0.08,1.5,0.1
-0.09,1.5,0.09
-0.11,1.5,0.08
-0.13,1.5,0.07
-0.14,1.5,0.06
-0.15,1.5,0.04
-0.16,1.5,0.02
-0.17,1.5,-0.0
-0.17,1.5,-0.02
-0.17,1.5,-0.05
-0.16,1.5,-0.07
-0.16,1.5,-0.09
-0.14,1.5,-0.11
-0.13,1.5,-0.13
-0.11,1.5,-0.14
-0.09,1.5,-0.16
-0.07,1.5,-0.16
-0.04,1.5,-0.17
-0.02,1.5,-0.17
0.0,1.5,-0.17
0.02,1.5,-0.16
0.04,1.5,-0.15
0.06,1.5,-0.14
0.07,1.5,-0.12
0.08,1.5,-0.11
0.09,1.5,-0.09
0.1,1.5,-0.08
0.1,1.5,-0.06
0.11,1.5,-0.04
0.11,1.5,-0.03
0.11,1.5,-0.01
0.12,1.48,-0.0
0.11,1.48,0.02
0.11,1.48,0.03
0.1,1.48,0.04
0.1,1.48,0.06
0.09,1.48,0.07
0.08,1.48,0.08
0.07,1.48,0.09
0.06,1.48,0.1
0.04,1.48,0.1
0.03,1.48,0.11
0.02,1.48,0.12
-0.0,1.48,0.12
-0.02,1.48,0.12
-0.03,1.48,0.12
-0.05,1.48,0.12
-0.07,1.48,0.12
-0.09,1.48,0.11
-0.1,1.48,0.1
-0.12,1.48,0.09
-0.14,1.48,0.08
-0.15,1.48,0.06
-0.16,1.48,0.04
-0.17,1.48,0.02
-0.18,1.48,-0.0
-0.18,1.48,-0.02
-0.18,1.48,-0.05
-0.18,1.48,-0.07
-0.17,1.48,-0.1
-0.15,1.48,-0.12
-0.14,1.48,-0.14
-0.12,1.48,-0.15
-0.1,1.48,-0.17
-0.07,1.48,-0.18
-0.05,1.48,-0.18
-0.02,1.48,-0.18
0.0,1.48,-0.18
0.02,1.48,-0.17
0.04,1.48,-0.16
0.06,1.48,-0.15
0.08,1.48,-0.14
0.09,1.48,-0.12
0.1,1.48,-0.1
0.11,1.48,-0.08
0.12,1.48,-0.07
0.12,1.48,-0.05
0.12,1.48,-0.03
0.12,1.48,-0.02
0.13,1.46,0.0
0.12,1.46,0.02
0.12,1.46,0.03
0.11,1.46,0.05
0.1,1.46,0.06
0.09,1.46,0.07
0.08,1.46,0.08
0.07,1.46,0.1
0.06,1.46,0.1
0.05,1.46,0.11
0.03,1.46,0.12
0.02,1.46,0.13
-0.0,1.46,0.13
-0.02,1.46,0.13
-0.04,1.46,0.13
-0.05,1.46,0.13
-0.07,1.46,0.13
-0.09,1.46,0.12
-0.11,1.46,0.11
-0.13,1.46,0.1
-0.15,1.46,0.08
-0.16,1.46,0.07
-0.17,1.46,0.05
-0.18,1.46,0.02
-0.19,1.46,-0.0
-0.19,1.46,-0.03
-0.19,1.46,-0.05
-0.19,1.46,-0.08
-0.18,1.46,-0.1
-0.16,1.46,-0.13
-0.14,1.46,-0.15
-0.12,1.46,-0.16
-0.1,1.46,-0.18
-0.08,1.46,-0.19
-0.05,1.46,-0.19
-0.02,1.46,-0.19
0.0,1.46,-0.19
0.02,1.46,-0.18
0.05,1.46,-0.17
0.07,1.46,-0.16
0.08,1.46,-0.14
0.1,1.46,-0.13
0.11,1.46,-0.11
0.12,1.46,-0.09
0.13,1.46,-0.07
0.13,1.46,-0.05
0.13,1.46,-0.03
0.13,1.46,-0.02
0.14,1.44,0.0
0.13,1.44,0.02
0.13,1.44,0.03
0.12,1.44,0.05
0.11,1.44,0.06
0.1,1.44,0.08
0.09,1.44,0.09
0.08,1.44,0.1
0.06,1.44,0.11
0.05,1.44,0.12
0.03,1.44,0.13
0.02,1.44,0.13
-0.0,1.44,0.14
-0.02,1.44,0.14
-0.04,1.44,0.14
-0.06,1.44,0.14
-0.08,1.44,0.13
-0.1,1.44,0.13
-0.12,1.44,0.12
-0.14,1.44,0.1
-0.15,1.44,0.09
-0.17,1.44,0.07
-0.18,1.44,0.05
-0.19,1.44,0.02
-0.2,1.44,-0.0
-0.2,1.44,-0.03
-0.2,1.44,-0.05
-0.19,1.44,-0.08
-0.18,1.44,-0.11
-0.17,1.44,-0.13
-0.15,1.44,-0.15
-0.13,1.44,-0.17
-0.1,1.44,-0.18
-0.08,1.44,-0.19
-0.05,1.44,-0.2
-0.03,1.44,-0.2
0.0,1.44,-0.2
0.03,1.44,-0.19
0.05,1.44,-0.18
0.07,1.44,-0.17
0.09,1.44,-0.15
0.1,1.44,-0.13
0.12,1.44,-0.11
0.13,1.44,-0.1
0.13,1.44,-0.08
0.14,1.44,-0.06
0.14,1.44,-0.04
0.14,1.44,-0.02
0.14,1.42,-0.0
0.14,1.42,0.02
0.13,1.42,0.04
0.12,1.42,0.05
0.12,1.42,0.07
0.1,1.42,0.08
0.09,1.42,0.09
0.08,1.42,0.11
0.07,1.42,0.12
0.05,1.42,0.12
0.04,1.42,0.13
0.02,1.42,0.14
-0.0,1.42,0.14
-0.02,1.42,0.14
-0.04,1.42,0.14
-0.06,1.42,0.14
-0.08,1.42,0.14
-0.1,1.42,0.13
-0.12,1.42,0.12
-0.14,1.42,0.11
-0.16,1.42,0.09
-0.17,1.42,0.07
-0.19,1.42,0.05
-0.2,1.42,0.03
-0.2,1.42,-0.0
-0.21,1.42,-0.03
-0.2,1.42,-0.06
-0.2,1.42,-0.08
-0.19,1.42,-0.11
-0.17,1.42,-0.13
-0.15,1.42,-0.15
-0.13,1.42,-0.17
-0.11,1.42,-0.19
-0.08,1.42,-0.2
-0.05,1.42,-0.2
-0.03,1.42,-0.2
0.0,1.42,-0.2
0.03,1.42,-0.2
0.05,1.42,-0.18
0.07,1.42,-0.17
0.09,1.42,-0.16
0.11,1.42,-0.14
0.12,1.42,-0.12
0.13,1.42,-0.1
0.14,1.42,-0.08
0.14,1.42,-0.06
0.14,1.42,-0.04
0.14,1.42,-0.02
0.14,1.41,-0.0
0.14,1.41,0.02
0.13,1.41,0.04
0.13,1.41,0.05
0.12,1.41,0.07
0.11,1.41,0.08
0.1,1.41,0.1
0.08,1.41,0.11
0.07,1.41,0.12
0.05,1.41,0.13
0.04,1.41,0.14
0.02,1.41,0.14
-0.0,1.41,0.15
-0.02,1.41,0.15
-0.04,1.41,0.15
-0.06,1.41,0.15
-0.08,1.41,0.14
-0.1,1.41,0.13
-0.12,1.41,0.12
-0.14,1.41,0.11
-0.16,1.41,0.09
-0.18,1.41,0.07
-0.19,1.41,0.05
-0.2,1.41,0.03
-0.21,1.41,-0.0
-0.21,1.41,-0.03
-0.21,1.41,-0.06
-0.2,1.41,-0.08
-0.19,1.41,-0.11
-0.17,1.41,-0.14
-0.16,1.41,-0.16
-0.13,1.41,-0.18
-0.11,1.41,-0.19
-0.08,1.41,-0.2
-0.05,1.41,-0.21
-0.03,1.41,-0.21
0.0,1.41,-0.21
0.03,1.41,-0.2
0.05,1.41,-0.19
0.07,1.41,-0.17
0.09,1.41,-0.16
0.11,1.41,-0.14
0.12,1.41,-0.12
0.13,1.41,-0.1
0.14,1.41,-0.08
0.15,1.41,-0.06
0.15,1.41,-0.04
0.15,1.41,-0.02
0.15,1.39,0.0
0.14,1.39,0.02
0.14,1.39,0.04
0.13,1.39,0.05
0.12,1.39,0.07
0.11,1.39,0.08
0.1,1.39,0.1
0.08,1.39,0.11
0.07,1.39,0.12
0.05,1.39,0.13
0.04,1.39,0.14
0.02,1.39,0.14
-0.0,1.39,0.15
-0.02,1.39,0.15
-0.04,1.39,0.15
-0.06,1.39,0.15
-0.08,1.39,0.14
-0.1,1.39,0.13
-0.12,1.39,0.12
-0.14,1.39,0.11
-0.16,1.39,0.09
-0.18,1.39,0.07
-0.19,1.39,0.05
-0.2,1.39,0.03
-0.21,1.39,-0.0
-0.21,1.39,-0.03
-0.21,1.39,-0.06
-0.2,1.39,-0.08
-0.19,1.39,-0.11
-0.18,1.39,-0.14
-0.16,1.39,-0.16
-0.13,1.39,-0.18
-0.11,1.39,-0.19
-0.08,1.39,-0.2
-0.06,1.39,-0.21
-0.03,1.39,-0.21
0.0,1.39,-0.21
0.03,1.39,-0.2
0.05,1.39,-0.19
0.07,1.39,-0.18
0.09,1.39,-0.16
0.11,1.39,-0.14
0.12,1.39,-0.12
0.13,1.39,-0.1
0.14,1.39,-0.08
0.15,1.39,-0.06
0.15,1.39,-0.04
0.15,1.39,-0.02
0.15,1.37,0.0
0.14,1.37,0.02
0.14,1.37,0.04
0.13,1.37,0.05
0.12,1.37,0.07
0.11,1.37,0.08
0.1,1.37,0.1
0.08,1.37,0.11
0.07,1.37,0.12
0.05,1.37,0.13
0.04,1.37,0.14
0.02,1.37,0.14
-0.0,1.37,0.15
-0.02,1.37,0.15
-0.04,1.37,0.15
-0.06,1.37,0.15
-0.08,1.37,0.14
-0.1,1.37,0.13
-0.12,1.37,0.12
-0.14,1.37,0.11
-0.16,1.37,0.09
-0.18,1.37,0.07
-0.19,1.37,0.05
-0.2,1.37,0.03
-0.21,1.37,-0.0
-0.21,1.37,-0.03
-0.21,1.37,-0.06
-0.2,1.37,-0.08
-0.19,1.37,-0.11
-0.18,1.37,-0.14
-0.16,1.37,-0.16
-0.13,1.37,-0.18
-0.11,1.37,-0.19
-0.08,1.37,-0.2
-0.06,1.37,-0.21
-0.03,1.37,-0.21
0.0,1.37,-0.21
0.03,1.37,-0.2
0.05,1.37,-0.19
0.07,1.37,-0.18
0.09,1.37,-0.16
0.11,1.37,-0.14
0.12,1.37,-0.12
0.13,1.37,-0.1
0.14,1.37,-0.08
0.15,1.37,-0.06
0.15,1.37,-0.04
0.15,1.37,-0.02
0.15,1.35,0.0
0.14,1.35,0.02
0.14,1.35,0.04
0.13,1.35,0.05
0.12,1.35,0.07
0.11,1.35,0.08
0.1,1.35,0.1
0.08,1.35,0.11
0.07,1.35,0.12
0.05,1.35,0.13
0.04,1.35,0.14
0.02,1.35,0.14
-0.0,1.35,0.15
-0.02,1.35,0.15
-0.04,1.35,0.15
-0.06,1.35,0.15
-0.08,1.35,0.14
-0.1,1.35,0.13
-0.12,1.35,0.12
-0.14,1.35,0.11
-0.16,1.35,0.09
-0.18,1.35,0.07
-0.19,1.35,0.05
-0.2,1.35,0.03
-0.21,1.35,-0.0
-0.21,1.35,-0.03
-0.21,1.35,-0.06
-0.2,1.35,-0.08
-0.19,1.35,-0.11
-0.18,1.35,-0.14
-0.16,1.35,-0.16
-0.13,1.35,-0.18
-0.11,1.35,-0.19
-0.08,1.35,-0.2
-0.06,1.35,-0.21
-0.03,1.35,-0.21
0.0,1.35,-0.21
0.03,1.35,-0.2
0.05,1.35,-0.19
0.07,1.35,-0.18
0.09,1.35,-0.16
0.11,1.35,-0.14
0.12,1.35,-0.12
0.13,1.35,-0.1
0.14,1.35,-0.08
0.15,1.35,-0.06
0.15,1.35,-0.04
0.15,1.35,-0.02
0.15,1.33,0.0
0.14,1.33,0.02
0.14,1.33,0.04
0.13,1.33,0.05
0.12,1.33,0.07
0.11,1.33,0.08
0.1,1.33,0.1
0.08,1.33,0.11
0.07,1.33,0.12
0.05,1.33,0.13
0.04,1.33,0.14
0.02,1.33,0.14
-0.0,1.33,0.15
-0.02,1.33,0.15
-0.04,1.33,0.15
-0.06,1.33,0.15
-0.08,1.33,0.14
-0.1,1.33,0.13
-0.12,1.33,0.12
-0.14,1.33,0.11
-0.16,1.33,0.09
-0.18,1.33,0.07
-0.19,1.33,0.05
-0.2,1.33,0.03
-0.21,1.33,-0.0
-0.21,1.33,-0.03
-0.21,1.33,-0.06
-0.2,1.33,-0.08
-0.19,1.33,-0.11
-0.18,1.33,-0.14
-0.16,1.33,-0.16
-0.13,1.33,-0.18
-0.11,1.33,-0.19
-0.08,1.33,-0.2
-0.06,1.33,-0.21
-0.03,1.33,-0.21
0.0,1.33,-0.21
0.03,1.33,-0.2
0.05,1.33,-0.19
0.07,1.33,-0.18
0.09,1.33,-0.16
0.11,1.33,-0.14
0.12,1.33,-0.12
0.13,1.33,-0.1
0.14,1.33,-0.08
0.15,1.33,-0.06
0.15,1.33,-0.04
0.15,1.33,-0.02
0.15,1.32,0.0
0.14,1.32,0.02
0.14,1.32,0.04
0.13,1.32,0.05
0.12,1.32,0.07
0.11,1.32,0.08
0.1,1.32,0.1
0.08,1.32,0.11
0.07,1.32,0.12
0.05,1.32,0.13
0.04,1.32,0.14
0.02,1.32,0.14
-0.0,1.32,0.15
-0.02,1.32,0.15
-0.04,1.32,0.15
-0.06,1.32,0.15
-0.08,1.32,0.14
-0.1,1.32,0.13
-0.12,1.32,0.12
-0.14,1.32,0.11
-0.16,1.32,0.09
-0.18,1.32,0.07
-0.19,1.32,0.05
-0.2,1.32,0.03
-0.21,1.32,-0.0
-0.21,1.32,-0.03
-0.21,1.32,-0.06
-0.2,1.32,-0.08
-0.19,1.32,-0.11
-0.18,1.32,-0.14
-0.16,1.32,-0.16
-0.13,1.32,-0.18
-0.11,1.32,-0.19
-0.08,1.32,-0.2
-0.06,1.32,-0.21
-0.03,1.32,-0.21
0.0,1.32,-0.21
0.03,1.32,-0.2
0.05,1.32,-0.19
0.07,1.32,-0.18
0.09,1.32,-0.16
0.11,1.32,-0.14
0.12,1.32,-0.12
0.13,1.32,-0.1
0.14,1.32,-0.08
0.15,1.32,-0.06
0.15,1.32,-0.04
0.15,1.32,-0.02
0.15,1.3,0.0
0.14,1.3,0.02
0.14,1.3,0.04
0.13,1.3,0.05
0.12,1.3,0.07
0.11,1.3,0.08
0.1,1.3,0.1
0.08,1.3,0.11
0.07,1.3,0.12
0.05,1.3,0.13
0.04,1.3,0.14
0.02,1.3,0.14
-0.0,1.3,0.15
-0.02,1.3,0.15
-0.04,1.3,0.15
-0.06,1.3,0.15
-0.08,1.3,0.14
-0.1,1.3,0.14
-0.12,1.3,0.12
-0.14,1.3,0.11
-0.16,1.3,0.09
-0.18,1.3,0.07
-0.19,1.3,0.05
-0.2,1.3,0.03
-0.21,1.3,-0.0
-0.21,1.3,-0.03
-0.21,1.3,-0.06
-0.2,1.3,-0.08
-0.19,1.3,-0.11
-0.18,1.3,-0.14
-0.16,1.3,-0.16
-0.13,1.3,-0.18
-0.11,1.3,-0.19
-0.08,1.3,-0.2
-0.06,1.3,-0.21
-0.03,1.3,-0.21
0.0,1.3,-0.21
0.03,1.3,-0.2
0.05,1.3,-0.19
0.07,1.3,-0.18
0.09,1.3,-0.16
0.11,1.3,-0.14
0.12,1.3,-0.12
0.13,1.3,-0.1
0.14,1.3,-0.08
0.15,1.3,-0.06
0.15,1.3,-0.04
0.15,1.3,-0.02
0.15,1.28,0.0
0.14,1.28,0.02
0.14,1.28,0.04
0.13,1.28,0.05
0.12,1.28,0.07
0.11,1.28,0.08
0.1,1.28,0.1
0.08,1.28,0.11
0.07,1.28,0.12
0.05,1.28,0.13
0.04,1.28,0.14
0.02,1.28,0.14
-0.0,1.28,0.15
-0.02,1.28,0.15
-0.04,1.28,0.15
-0.06,1.28,0.15
-0.08,1.28,0.14
-0.1,1.28,0.13
-0.12,1.28,0.12
-0.14,1.28,0.11
-0.16,1.28,0.09
-0.18,1.28,0.07
-0.19,1.28,0.05
-0.2,1.28,0.03
-0.21,1.28,-0.0
-0.21,1.28,-0.03
-0.21,1.28,-0.06
-0.2,1.28,-0.08
-0.19,1.28,-0.11
-0.18,1.28,-0.14
-0.16,1.28,-0.16
-0.13,1.28,-0.18
-0.11,1.28,-0.19
-0.08,1.28,-0.2
-0.05,1.28,-0.21
-0.03,1.28,-0.21
0.0,1.28,-0.21
0.03,1.28,-0.2
0.05,1.28,-0.19
0.07,1.28,-0.18
0.09,1.28,-0.16
0.11,1.28,-0.14
0.12,1.28,-0.12
0.13,1.28,-0.1
0.14,1.28,-0.08
0.15,1.28,-0.06
0.15,1.28,-0.04
0.15,1.28,-0.02
0.39,1.26,-0.0
0.14,1.26,0.02
0.13,1.26,0.04
0.13,1.26,0.05
0.12,1.26,0.07
0.11,1.26,0.08
0.09,1.26,0.09
0.08,1.26,0.11
0.07,1.26,0.12
0.05,1.26,0.13
0.04,1.26,0.13
0.02,1.26,0.14
-0.0,1.26,0.14
-0.02,1.26,0.15
-0.04,1.26,0.15
-0.06,1.26,0.15
-0.08,1.26,0.14
-0.1,1.26,0.13
-0.12,1.26,0.12
-0.14,1.26,0.11
-0.16,1.26,0.09
-0.18,1.26,0.07
-0.19,1.26,0.05
-0.2,1.26,0.03
-0.21,1.26,-0.0
-0.21,1.26,-0.03
-0.21,1.26,-0.06
-0.2,1.26,-0.08
-0.19,1.26,-0.11
-0.17,1.26,-0.13
-0.16,1.26,-0.16
-0.13,1.26,-0.17
-0.11,1.26,-0.19
-0.08,1.26,-0.2
-0.05,1.26,-0.21
-0.03,1.26,-0.21
0.0,1.26,-0.2
0.03,1.26,-0.2
0.05,1.26,-0.19
0.07,1.26,-0.17
0.09,1.26,-0.16
0.11,1.26,-0.14
0.12,1.26,-0.12
0.13,1.26,-0.1
0.14,1.26,-0.08
0.14,1.26,-0.06
0.15,1.26,-0.04
0.15,1.26,-0.02
0.4,1.24,-0.0
0.14,1.24,0.02
0.13,1.24,0.03
0.12,1.24,0.05
0.11,1.24,0.07
0.1,1.24,0.08
0.09,1.24,0.09
0.08,1.24,0.1
0.07,1.24,0.11
0.05,1.24,0.12
0.03,1.24,0.13
0.02,1.24,0.14
-0.0,1.24,0.14
-0.02,1.24,0.14
-0.04,1.24,0.14
-0.06,1.24,0.14
-0.08,1.24,0.14
-0.1,1.24,0.13
-0.12,1.24,0.12
-0.14,1.24,0.11
-0.16,1.24,0.09
-0.17,1.24,0.07
-0.19,1.24,0.05
-0.2,1.24,0.03
-0.2,1.24,-0.0
-0.2,1.24,-0.03
-0.2,1.24,-0.05
-0.2,1.24,-0.08
-0.19,1.24,-0.11
-0.17,1.24,-0.13
-0.15,1.24,-0.15
-0.13,1.24,-0.17
-0.11,1.24,-0.19
-0.08,1.24,-0.2
-0.05,1.24,-0.2
-0.03,1.24,-0.2
0.0,1.24,-0.2
0.03,1.24,-0.19
0.05,1.24,-0.18
0.07,1.24,-0.17
0.09,1.24,-0.15
0.1,1.24,-0.13
0.12,1.24,-0.12
0.12,1.24,-0.09
0.13,1.24,-0.08
0.14,1.24,-0.06
0.14,1.24,-0.04
0.14,1.24,-0.02
0.39,1.23,-0.0
0.13,1.23,0.02
0.13,1.23,0.03
0.12,1.23,0.05
0.12,1.23,0.07
0.11,1.23,0.09
0.1,1.23,0.1
0.09,1.23,0.11
0.07,1.23,0.13
0.06,1.23,0.14
0.04,1.23,0.15
0.02,1.23,0.15
-0.0,1.23,0.16
-0.02,1.23,0.17
-0.05,1.23,0.17
-0.07,1.23,0.17
-0.09,1.23,0.16
-0.11,1.23,0.15
-0.13,1.23,0.13
-0.15,1.23,0.12
-0.17,1.23,0.1
-0.18,1.23,0.07
-0.19,1.23,0.05
-0.19,1.23,0.02
-0.19,1.23,-0.0
-0.19,1.23,-0.02
-0.18,1.23,-0.05
-0.17,1.23,-0.07
-0.15,1.23,-0.09
-0.14,1.23,-0.11
-0.12,1.23,-0.12
-0.11,1.23,-0.14
-0.09,1.23,-0.15
-0.07,1.23,-0.16
-0.04,1.23,-0.16
-0.02,1.23,-0.16
0.0,1.23,-0.16
0.02,1.23,-0.16
0.04,1.23,-0.15
0.06,1.23,-0.13
0.08,1.23,-0.14
0.09,1.23,-0.12
0.11,1.23,-0.1
0.11,1.23,-0.09
0.26,1.23,-0.15
0.3,1.23,-0.12
0.34,1.23,-0.09
0.37,1.23,-0.05
0.38,1.21,-0.0
0.15,1.21,0.02
0.14,1.21,0.04
0.14,1.21,0.06
0.13,1.21,0.08
0.13,1.21,0.1
0.12,1.21,0.12
0.1,1.21,0.13
0.09,1.21,0.15
0.07,1.21,0.17
0.04,1.21,0.17
0.02,1.21,0.18
-0.0,1.21,0.18
-0.02,1.21,0.18
-0.05,1.21,0.18
-0.07,1.21,0.18
-0.1,1.21,0.17
-0.12,1.21,0.15
-0.14,1.21,0.14
-0.15,1.21,0.12
-0.17,1.21,0.1
-0.18,1.21,0.07
-0.18,1.21,0.05
-0.19,1.21,0.02
-0.19,1.21,-0.0
-0.19,1.21,-0.02
-0.18,1.21,-0.05
-0.18,1.21,-0.07
-0.17,1.21,-0.1
-0.16,1.21,-0.12
-0.14,1.21,-0.14
-0.13,1.21,-0.16
-0.1,1.21,-0.18
-0.08,1.21,-0.2
-0.05,1.21,-0.21
-0.03,1.21,-0.21
0.0,1.21,-0.21
0.03,1.21,-0.2
0.05,1.21,-0.18
0.07,1.21,-0.17
0.09,1.21,-0.15
0.1,1.21,-0.13
0.11,1.21,-0.11
0.12,1.21,-0.09
0.13,1.21,-0.07
0.33,1.21,-0.13
0.36,1.21,-0.09
0.38,1.21,-0.05
0.13,1.19,0.0
0.13,1.19,0.02
0.44,1.19,0.12
0.42,1.19,0.17
0.3,1.19,0.17
0.21,1.19,0.16
0.11,1.19,0.11
0.12,1.19,0.16
0.1,1.19,0.17
0.07,1.19,0.17
0.05,1.19,0.17
0.02,1.19,0.18
-0.0,1.19,0.19
-0.03,1.19,0.2
-0.05,1.19,0.2
-0.08,1.19,0.19
-0.11,1.19,0.18
-0.13,1.19,0.17
-0.16,1.19,0.15
-0.18,1.19,0.13
-0.19,1.19,0.11
-0.2,1.19,0.08
-0.21,1.19,0.06
-0.21,1.19,0.03
-0.21,1.19,-0.0
-0.2,1.19,-0.03
-0.2,1.19,-0.05
-0.19,1.19,-0.08
-0.18,1.19,-0.1
-0.17,1.19,-0.13
-0.15,1.19,-0.15
-0.13,1.19,-0.18
-0.11,1.19,-0.19
-0.08,1.19,-0.21
-0.06,1.19,-0.21
-0.03,1.19,-0.22
0.0,1.19,-0.22
0.03,1.19,-0.21
0.05,1.19,-0.2
0.08,1.19,-0.18
0.1,1.19,-0.17
0.11,1.19,-0.15
0.13,1.19,-0.12
0.13,1.19,-0.1
0.14,1.19,-0.08
0.14,1.19,-0.06
0.31,1.19,-0.08
0.39,1.19,-0.05
0.39,1.17,-0.0
0.15,1.17,0.02
0.46,1.17,0.12
0.42,1.17,0.17
0.29,1.17,0.16
0.21,1.17,0.16
0.16,1.17,0.16
0.13,1.17,0.16
0.1,1.17,0.17
0.07,1.17,0.17
0.05,1.17,0.19
0.03,1.17,0.2
-0.0,1.17,0.2
-0.03,1.17,0.21
-0.06,1.17,0.21
-0.09,1.17,0.2
-0.11,1.17,0.19
-0.14,1.17,0.18
-0.16,1.17,0.16
-0.19,1.17,0.14
-0.2,1.17,0.12
-0.22,1.17,0.09
-0.22,1.17,0.06
-0.23,1.17,0.03
-0.22,1.17,-0.0
-0.22,1.17,-0.03
-0.21,1.17,-0.06
-0.2,1.17,-0.08
-0.19,1.17,-0.11
-0.18,1.17,-0.14
-0.16,1.17,-0.17
-0.14,1.17,-0.19
-0.12,1.17,-0.21
-0.09,1.17,-0.22
-0.06,1.17,-0.23
-0.03,1.17,-0.23
0.0,1.17,-0.23
0.03,1.17,-0.23
0.06,1.17,-0.21
0.08,1.17,-0.2
0.1,1.17,-0.18
0.12,1.17,-0.16
0.14,1.17,-0.14
0.15,1.17,-0.11
0.15,1.17,-0.09
0.16,1.17,-0.06
0.34,1.17,-0.09
0.39,1.17,-0.05
0.37,1.15,0.0
0.16,1.15,0.02
0.45,1.15,0.12
0.41,1.15,0.17
0.28,1.15,0.16
0.21,1.15,0.16
0.16,1.15,0.16
0.13,1.15,0.16
0.1,1.15,0.17
0.08,1.15,0.18
0.05,1.15,0.2
0.03,1.15,0.21
-0.0,1.15,0.22
-0.03,1.15,0.22
-0.06,1.15,0.22
-0.09,1.15,0.21
-0.12,1.15,0.2
-0.15,1.15,0.19
-0.17,1.15,0.17
-0.19,1.15,0.15
-0.21,1.15,0.12
-0.23,1.15,0.09
-0.23,1.15,0.06
-0.24,1.15,0.03
-0.24,1.15,-0.0
-0.23,1.15,-0.03
-0.22,1.15,-0.06
-0.21,1.15,-0.09
-0.2,1.15,-0.12
-0.19,1.15,-0.15
-0.17,1.15,-0.17
-0.15,1.15,-0.2
-0.12,1.15,-0.22
-0.1,1.15,-0.23
-0.06,1.15,-0.24
-0.03,1.15,-0.25
0.0,1.15,-0.24
0.03,1.15,-0.24
0.06,1.15,-0.23
0.09,1.15,-0.21
0.11,1.15,-0.19
0.13,1.15,-0.17
0.15,1.15,-0.14
0.16,1.15,-0.12
0.16,1.15,-0.09
0.31,1.15,-0.13
0.35,1.15,-0.09
0.39,1.15,-0.05
0.17,1.14,0.0
0.17,1.14,0.02
0.44,1.14,0.12
0.32,1.14,0.13
0.26,1.14,0.15
0.2,1.14,0.15
0.16,1.14,0.16
0.12,1.14,0.16
0.1,1.14,0.17
0.08,1.14,0.19
0.05,1.14,0.21
0.03,1.14,0.22
-0.0,1.14,0.23
-0.03,1.14,0.23
-0.06,1.14,0.23
-0.09,1.14,0.22
-0.12,1.14,0.21
-0.15,1.14,0.2
-0.18,1.14,0.18
-0.2,1.14,0.15
-0.22,1.14,0.13
-0.23,1.14,0.1
-0.24,1.14,0.06
-0.25,1.14,0.03
-0.24,1.14,-0.0
-0.24,1.14,-0.03
-0.23,1.14,-0.06
-0.22,1.14,-0.09
-0.21,1.14,-0.12
-0.2,1.14,-0.15
-0.18,1.14,-0.18
-0.16,1.14,-0.21
-0.13,1.14,-0.23
-0.1,1.14,-0.24
-0.07,1.14,-0.25
-0.03,1.14,-0.26
0.0,1.14,-0.25
0.03,1.14,-0.25
0.06,1.14,-0.24
0.09,1.14,-0.22
0.12,1.14,-0.2
0.14,1.14,-0.19
0.17,1.14,-0.17
0.17,1.14,-0.13
0.27,1.14,-0.16
0.32,1.14,-0.13
0.35,1.14,-0.09
0.38,1.14,-0.05
0.18,1.12,0.0
0.18,1.12,0.02
0.17,1.12,0.05
0.17,1.12,0.07
0.22,1.12,0.13
0.18,1.12,0.14
0.14,1.12,0.14
0.12,1.12,0.16
0.1,1.12,0.18
0.08,1.12,0.2
0.06,1.12,0.21
0.03,1.12,0.22
-0.0,1.12,0.23
-0.03,1.12,0.24
-0.06,1.12,0.24
-0.1,1.12,0.23
-0.13,1.12,0.22
-0.16,1.12,0.2
-0.18,1.12,0.18
-0.21,1.12,0.16
-0.23,1.12,0.13
-0.24,1.12,0.1
-0.25,1.12,0.07
-0.25,1.12,0.03
-0.25,1.12,-0.0
-0.25,1.12,-0.03
-0.24,1.12,-0.06
-0.23,1.12,-0.1
-0.22,1.12,-0.13
-0.2,1.12,-0.16
-0.19,1.12,-0.19
-0.16,1.12,-0.21
-0.13,1.12,-0.23
-0.1,1.12,-0.25
-0.07,1.12,-0.26
-0.03,1.12,-0.26
0.0,1.12,-0.26
0.03,1.12,-0.25
0.07,1.12,-0.24
0.09,1.12,-0.23
0.12,1.12,-0.21
0.16,1.12,-0.2
0.19,1.12,-0.19
0.24,1.12,-0.18
0.28,1.12,-0.16
0.32,1.12,-0.13
0.35,1.12,-0.09
0.35,1.12,-0.04
0.19,1.1,0.0
0.18,1.1,0.02
0.18,1.1,0.05
0.17,1.1,0.07
0.16,1.1,0.09
0.15,1.1,0.12
0.14,1.1,0.14
0.13,1.1,0.16
0.11,1.1,0.18
0.08,1.1,0.2
0.06,1.1,0.22
0.03,1.1,0.23
-0.0,1.1,0.24
-0.03,1.1,0.24
-0.06,1.1,0.24
-0.1,1.1,0.23
-0.13,1.1,0.22
-0.16,1.1,0.21
-0.19,1.1,0.19
-0.21,1.1,0.16
-0.23,1.1,0.13
-0.24,1.1,0.1
-0.25,1.1,0.07
-0.26,1.1,0.03
-0.26,1.1,-0.0
-0.25,1.1,-0.03
-0.24,1.1,-0.07
-0.23,1.1,-0.1
-0.22,1.1,-0.13
-0.21,1.1,-0.16
-0.19,1.1,-0.19
-0.16,1.1,-0.22
-0.14,1.1,-0.24
-0.1,1.1,-0.25
-0.07,1.1,-0.26
-0.03,1.1,-0.27
0.0,1.1,-0.27
0.04,1.1,-0.26
0.07,1.1,-0.25
0.1,1.1,-0.23
0.12,1.1,-0.21
0.16,1.1,-0.21
0.2,1.1,-0.2
0.25,1.1,-0.19
0.29,1.1,-0.16
0.31,1.1,-0.13
0.33,1.1,-0.09
0.19,1.1,-0.02
0.19,1.08,-0.0
0.19,1.08,0.02
0.18,1.08,0.05
0.17,1.08,0.07
0.17,1.08,0.1
0.16,1.08,0.12
0.14,1.08,0.14
0.13,1.08,0.17
0.11,1.08,0.19
0.09,1.08,0.21
0.06,1.08,0.22
0.03,1.08,0.23
-0.0,1.08,0.24
-0.03,1.08,0.25
-0.07,1.08,0.24
-0.1,1.08,0.24
-0.13,1.08,0.23
-0.16,1.08,0.21
-0.19,1.08,0.19
-0.21,1.08,0.16
-0.23,1.08,0.13
-0.25,1.08,0.1
-0.26,1.08,0.07
-0.26,1.08,0.03
-0.26,1.08,-0.0
-0.25,1.08,-0.03
-0.25,1.08,-0.07
-0.24,1.08,-0.1
-0.23,1.08,-0.13
-0.21,1.08,-0.16
-0.19,1.08,-0.19
-0.17,1.08,-0.22
-0.14,1.08,-0.24
-0.11,1.08,-0.26
-0.07,1.08,-0.27
-0.03,1.08,-0.27
0.0,1.08,-0.27
0.04,1.08,-0.27
0.07,1.08,-0.25
0.1,1.08,-0.24
0.13,1.08,-0.22
0.16,1.08,-0.21
0.22,1.08,-0.21
0.26,1.08,-0.19
0.28,1.08,-0.16
0.31,1.08,-0.12
0.31,1.08,-0.08
0.2,1.08,-0.02
0.22,1.06,0.0
0.21,1.06,0.03
0.2,1.06,0.05
0.19,1.06,0.08
0.17,1.06,0.1
0.16,1.06,0.12
0.15,1.06,0.15
0.13,1.06,0.17
0.11,1.06,0.19
0.09,1.06,0.21
0.06,1.06,0.22
0.03,1.06,0.24
-0.0,1.06,0.24
-0.03,1.06,0.25
-0.07,1.06,0.25
-0.1,1.06,0.24
-0.13,1.06,0.23
-0.16,1.06,0.21
-0.19,1.06,0.19
-0.22,1.06,0.16
-0.24,1.06,0.14
-0.25,1.06,0.1
-0.26,1.06,0.07
-0.26,1.06,0.03
-0.26,1.06,-0.0
-0.26,1.06,-0.03
-0.25,1.06,-0.07
-0.24,1.06,-0.1
-0.23,1.06,-0.13
-0.22,1.06,-0.17
-0.19,1.06,-0.2
-0.17,1.06,-0.22
-0.14,1.06,-0.24
-0.11,1.06,-0.26
-0.07,1.06,-0.27
-0.04,1.06,-0.28
0.0,1.06,-0.27
0.04,1.06,-0.27
0.07,1.06,-0.26
0.1,1.06,-0.24
0.13,1.06,-0.22
0.16,1.06,-0.2
0.22,1.06,-0.21
0.26,1.06,-0.19
0.28,1.06,-0.16
0.29,1.06,-0.12
0.21,1.06,-0.06
0.22,1.06,-0.03
0.24,1.05,-0.0
0.23,1.05,0.03
0.22,1.05,0.06
0.2,1.05,0.08
0.18,1.05,0.11
0.16,1.05,0.12
0.15,1.05,0.15
0.13,1.05,0.17
0.11,1.05,0.19
0.09,1.05,0.21
0.06,1.05,0.22
0.03,1.05,0.24
-0.0,1.05,0.24
-0.03,1.05,0.25
-0.07,1.05,0.25
-0.1,1.05,0.24
-0.13,1.05,0.23
-0.16,1.05,0.21
-0.19,1.05,0.19
-0.22,1.05,0.16
-0.24,1.05,0.14
-0.25,1.05,0.1
-0.26,1.05,0.07
-0.27,1.05,0.03
-0.26,1.05,-0.0
-0.26,1.05,-0.03
-0.25,1.05,-0.07
-0.24,1.05,-0.1
-0.23,1.05,-0.13
-0.22,1.05,-0.17
-0.2,1.05,-0.2
-0.17,1.05,-0.22
-0.14,1.05,-0.24
-0.11,1.05,-0.26
-0.07,1.05,-0.27
-0.04,1.05,-0.28
0.0,1.05,-0.28
0.04,1.05,-0.27
0.07,1.05,-0.26
0.1,1.05,-0.24
0.13,1.05,-0.22
0.15,1.05,-0.19
0.21,1.05,-0.21
0.25,1.05,-0.19
0.27,1.05,-0.15
0.22,1.05,-0.09
0.23,1.05,-0.06
0.24,1.05,-0.03
0.25,1.03,0.0
0.25,1.03,0.03
0.24,1.03,0.06
0.22,1.03,0.09
0.2,1.03,0.11
0.17,1.03,0.13
0.15,1.03,0.15
0.13,1.03,0.17
0.11,1.03,0.19
0.09,1.03,0.21
0.06,1.03,0.22
0.03,1.03,0.24
-0.0,1.03,0.24
-0.03,1.03,0.25
-0.07,1.03,0.25
-0.1,1.03,0.24
-0.13,1.03,0.23
-0.16,1.03,0.21
-0.19,1.03,0.19
-0.22,1.03,0.16
-0.24,1.03,0.14
-0.25,1.03,0.1
-0.26,1.03,0.07
-0.26,1.03,0.03
-0.26,1.03,-0.0
-0.26,1.03,-0.03
-0.25,1.03,-0.07
-0.24,1.03,-0.1
-0.23,1.03,-0.13
-0.22,1.03,-0.17
-0.2,1.03,-0.2
-0.17,1.03,-0.22
-0.14,1.03,-0.24
-0.11,1.03,-0.26
-0.07,1.03,-0.27
-0.04,1.03,-0.28
0.0,1.03,-0.28
0.04,1.03,-0.27
0.07,1.03,-0.26
0.1,1.03,-0.24
0.13,1.03,-0.22
0.15,1.03,-0.19
0.18,1.03,-0.17
0.24,1.03,-0.18
0.22,1.03,-0.13
0.24,1.03,-0.1
0.25,1.03,-0.07
0.25,1.03,-0.03
0.27,1.01,0.0
0.26,1.01,0.03
0.25,1.01,0.07
0.23,1.01,0.1
0.21,1.01,0.12
0.19,1.01,0.14
0.16,1.01,0.16
0.13,1.01,0.17
0.11,1.01,0.19
0.08,1.01,0.21
0.06,1.01,0.22
0.03,1.01,0.23
-0.0,1.01,0.24
-0.03,1.01,0.25
-0.07,1.01,0.24
-0.1,1.01,0.24
-0.13,1.01,0.23
-0.16,1.01,0.21
-0.19,1.01,0.19
-0.21,1.01,0.16
-0.23,1.01,0.13
-0.25,1.01,0.1
-0.26,1.01,0.07
-0.26,1.01,0.03
-0.26,1.01,-0.0
-0.25,1.01,-0.03
-0.25,1.01,-0.07
-0.24,1.01,-0.1
-0.23,1.01,-0.13
-0.21,1.01,-0.17
-0.19,1.01,-0.2
-0.17,1.01,-0.22
-0.14,1.01,-0.24
-0.11,1.01,-0.26
-0.07,1.01,-0.27
-0.04,1.01,-0.28
0.0,1.01,-0.27
0.04,1.01,-0.27
0.07,1.01,-0.26
0.1,1.01,-0.24
0.13,1.01,-0.22
0.16,1.01,-0.2
0.18,1.01,-0.18
0.21,1.01,-0.16
0.23,1.01,-0.13
0.25,1.01,-0.1
0.26,1.01,-0.07
0.27,1.01,-0.03
0.28,0.99,0.0
0.27,0.99,0.04
0.26,0.99,0.07
0.24,0.99,0.1
0.22,0.99,0.13
0.19,0.99,0.15
0.17,0.99,0.17
0.14,0.99,0.18
0.11,0.99,0.19
0.08,0.99,0.2
0.06,0.99,0.22
0.03,0.99,0.23
-0.0,0.99,0.24
-0.03,0.99,0.24
-0.07,0.99,0.24
-0.1,0.99,0.24
-0.13,0.99,0.22
-0.16,0.99,0.21
-0.19,0.99,0.19
-0.21,0.99,0.16
-0.23,0.99,0.13
-0.25,0.99,0.1
-0.26,0.99,0.07
-0.26,0.99,0.03
-0.26,0.99,-0.0
-0.25,0.99,-0.03
-0.25,0.99,-0.07
-0.24,0.99,-0.1
-0.23,0.99,-0.13
-0.21,0.99,-0.16
-0.19,0.99,-0.19
-0.17,0.99,-0.22
-0.14,0.99,-0.24
-0.1,0.99,-0.25
-0.07,0.99,-0.26
-0.03,0.99,-0.26
0.0,0.99,-0.26
0.03,0.99,-0.25
0.06,0.99,-0.24
0.09,0.99,-0.22
0.12,0.99,-0.21
0.15,0.99,-0.19
0.18,0.99,-0.18
0.2,0.99,-0.15
0.22,0.99,-0.13
0.24,0.99,-0.1
0.25,0.99,-0.07
0.26,0.99,-0.03
0.27,0.97,-0.0
0.27,0.97,0.04
0.26,0.97,0.07
0.24,0.97,0.1
0.22,0.97,0.13
0.2,0.97,0.15
0.17,0.97,0.18
0.15,0.97,0.2
0.11,0.97,0.2
0.09,0.97,0.21
0.06,0.97,0.22
0.03,0.97,0.24
-0.0,0.97,0.25
-0.03,0.97,0.26
-0.07,0.97,0.26
-0.1,0.97,0.25
-0.14,0.97,0.23
-0.17,0.97,0.22
-0.2,0.97,0.19
-0.22,0.97,0.17
-0.24,0.97,0.14
-0.25,0.97,0.1
-0.26,0.97,0.07
-0.27,0.97,0.03
-0.26,0.97,-0.0
-0.25,0.97,-0.03
-0.22,0.97,-0.06
-0.21,0.97,-0.09
-0.2,0.97,-0.11
-0.18,0.97,-0.14
-0.16,0.97,-0.16
-0.15,0.97,-0.2
-0.12,0.97,-0.22
-0.09,0.97,-0.23
-0.07,0.97,-0.26
-0.03,0.97,-0.26
0.0,0.97,-0.26
0.04,0.97,-0.26
0.07,0.97,-0.25
0.1,0.97,-0.24
0.13,0.97,-0.23
0.17,0.97,-0.22
0.2,0.97,-0.2
0.23,0.97,-0.18
0.26,0.97,-0.15
0.28,0.97,-0.11
0.29,0.97,-0.08
0.3,0.97,-0.04
0.29,0.96,-0.0
0.29,0.96,0.04
0.28,0.96,0.08
0.27,0.96,0.11
0.24,0.96,0.14
0.21,0.96,0.16
0.18,0.96,0.18
0.15,0.96,0.2
0.12,0.96,0.21
0.09,0.96,0.22
0.06,0.96,0.22
0.03,0.96,0.23
-0.0,0.96,0.24
-0.03,0.96,0.24
-0.06,0.96,0.24
-0.1,0.96,0.23
-0.13,0.96,0.22
-0.16,0.96,0.21
-0.19,0.96,0.19
-0.21,0.96,0.16
-0.23,0.96,0.13
-0.25,0.96,0.1
-0.26,0.96,0.07
-0.27,0.96,0.03
-0.27,0.96,-0.0
-0.26,0.96,-0.03
-0.25,0.96,-0.07
-0.23,0.96,-0.1
-0.22,0.96,-0.13
-0.2,0.96,-0.16
-0.19,0.96,-0.19
-0.16,0.96,-0.21
-0.13,0.96,-0.23
-0.1,0.96,-0.24
-0.07,0.96,-0.25
-0.03,0.96,-0.26
0.0,0.96,-0.26
0.03,0.96,-0.25
0.07,0.96,-0.25
0.1,0.96,-0.24
0.14,0.96,-0.24
0.17,0.96,-0.22
0.21,0.96,-0.21
0.23,0.96,-0.18
0.26,0.96,-0.15
0.27,0.96,-0.11
0.28,0.96,-0.07
0.29,0.96,-0.04
0.3,0.94,-0.0
0.3,0.94,0.04
0.29,0.94,0.08
0.27,0.94,0.11
0.24,0.94,0.14
0.21,0.94,0.16
0.18,0.94,0.18
0.15,0.94,0.2
0.12,0.94,0.21
0.09,0.94,0.22
0.06,0.94,0.22
0.03,0.94,0.23
-0.0,0.94,0.24
-0.03,0.94,0.24
-0.07,0.94,0.24
-0.1,0.94,0.24
-0.13,0.94,0.23
-0.16,0.94,0.21
-0.19,0.94,0.19
-0.22,0.94,0.17
-0.24,0.94,0.14
-0.26,0.94,0.11
-0.27,0.94,0.07
-0.27,0.94,0.04
-0.27,0.94,-0.0
-0.27,0.94,-0.04
-0.26,0.94,-0.07
-0.24,0.94,-0.1
-0.22,0.94,-0.13
-0.2,0.94,-0.15
-0.18,0.94,-0.18
-0.16,0.94,-0.2
-0.13,0.94,-0.22
-0.1,0.94,-0.24
-0.07,0.94,-0.25
-0.03,0.94,-0.25
0.0,0.94,-0.25
0.03,0.94,-0.25
0.07,0.94,-0.25
0.1,0.94,-0.25
0.14,0.94,-0.24
0.17,0.94,-0.23
0.21,0.94,-0.21
0.24,0.94,-0.18
0.26,0.94,-0.15
0.28,0.94,-0.11
0.29,0.94,-0.08
0.3,0.94,-0.04
0.32,0.92,-0.0
0.32,0.92,0.04
0.31,0.92,0.08
0.3,0.92,0.12
0.27,0.92,0.15
0.23,0.92,0.18
0.19,0.92,0.19
0.15,0.92,0.2
0.12,0.92,0.21
0.09,0.92,0.22
0.06,0.92,0.23
0.03,0.92,0.24
-0.0,0.92,0.25
-0.03,0.92,0.25
-0.07,0.92,0.25
-0.1,0.92,0.24
-0.13,0.92,0.23
-0.17,0.92,0.22
-0.2,0.92,0.2
-0.22,0.92,0.17
-0.24,0.92,0.14
-0.26,0.92,0.11
-0.27,0.92,0.07
-0.28,0.92,0.04
-0.28,0.92,-0.0
-0.27,0.92,-0.04
-0.26,0.92,-0.07
-0.25,0.92,-0.1
-0.23,0.92,-0.13
-0.2,0.92,-0.16
-0.18,0.92,-0.18
-0.15,0.92,-0.2
-0.12,0.92,-0.21
-0.09,0.92,-0.23
-0.06,0.92,-0.24
-0.03,0.92,-0.24
0.0,0.92,-0.25
0.03,0.92,-0.25
0.07,0.92,-0.26
0.11,0.92,-0.25
0.14,0.92,-0.24
0.18,0.92,-0.23
0.21,0.92,-0.21
0.24,0.92,-0.18
0.26,0.92,-0.15
0.28,0.92,-0.12
0.3,0.92,-0.08
0.31,0.92,-0.04
0.33,0.9,-0.0
0.34,0.9,0.04
0.34,0.9,0.09
0.32,0.9,0.13
0.29,0.9,0.17
0.25,0.9,0.19
0.2,0.9,0.2
0.16,0.9,0.21
0.12,0.9,0.21
0.09,0.9,0.22
0.06,0.9,0.23
0.03,0.9,0.24
-0.0,0.9,0.25
-0.03,0.9,0.25
-0.07,0.9,0.25
-0.1,0.9,0.25
-0.14,0.9,0.24
-0.17,0.9,0.22
-0.2,0.9,0.2
-0.23,0.9,0.17
-0.25,0.9,0.14
-0.26,0.9,0.11
-0.28,0.9,0.07
-0.28,0.9,0.04
-0.28,0.9,-0.0
-0.28,0.9,-0.04
-0.27,0.9,-0.07
-0.25,0.9,-0.1
-0.23,0.9,-0.13
-0.21,0.9,-0.16
-0.18,0.9,-0.18
-0.15,0.9,-0.2
-0.12,0.9,-0.21
-0.09,0.9,-0.22
-0.06,0.9,-0.23
-0.03,0.9,-0.24
0.0,0.9,-0.25
0.03,0.9,-0.26
0.07,0.9,-0.26
0.11,0.9,-0.26
0.14,0.9,-0.25
0.18,0.9,-0.23
0.21,0.9,-0.21
0.24,0.9,-0.18
0.27,0.9,-0.15
0.29,0.9,-0.12
0.3,0.9,-0.08
0.32,0.9,-0.04
0.35,0.88,0.0
0.36,0.88,0.05
0.36,0.88,0.1
0.34,0.88,0.14
0.31,0.88,0.18
0.27,0.88,0.2
0.22,0.88,0.22
0.17,0.88,0.22
0.12,0.88,0.22
0.09,0.88,0.22
0.06,0.88,0.23
0.03,0.88,0.24
-0.0,0.88,0.25
-0.03,0.88,0.26
-0.07,0.88,0.25
-0.1,0.88,0.25
-0.14,0.88,0.24
-0.17,0.88,0.22
-0.2,0.88,0.2
-0.23,0.88,0.17
-0.25,0.88,0.14
-0.27,0.88,0.11
-0.28,0.88,0.07
-0.28,0.88,0.04
-0.28,0.88,-0.0
-0.28,0.88,-0.04
-0.27,0.88,-0.07
-0.25,0.88,-0.11
-0.23,0.88,-0.13
-0.21,0.88,-0.16
-0.18,0.88,-0.18
-0.15,0.88,-0.2
-0.12,0.88,-0.21
-0.09,0.88,-0.22
-0.06,0.88,-0.23
-0.03,0.88,-0.24
0.0,0.88,-0.25
0.03,0.88,-0.26
0.07,0.88,-0.26
0.11,0.88,-0.26
0.14,0.88,-0.25
0.18,0.88,-0.23
0.21,0.88,-0.21
0.24,0.88,-0.18
0.27,0.88,-0.15
0.29,0.88,-0.12
0.31,0.88,-0.08
0.34,0.88,-0.04
0.37,0.87,0.0
0.38,0.87,0.05
0.38,0.87,0.1
0.36,0.87,0.15
0.33,0.87,0.19
0.28,0.87,0.22
0.23,0.87,0.23
0.18,0.87,0.23
0.13,0.87,0.23
0.09,0.87,0.22
0.06,0.87,0.23
0.03,0.87,0.24
-0.0,0.87,0.25
-0.03,0.87,0.26
-0.07,0.87,0.26
-0.1,0.87,0.25
-0.14,0.87,0.24
-0.17,0.87,0.22
-0.2,0.87,0.2
-0.23,0.87,0.17
-0.25,0.87,0.14
-0.27,0.87,0.11
-0.28,0.87,0.07
-0.29,0.87,0.04
-0.29,0.87,-0.0
-0.28,0.87,-0.04
-0.27,0.87,-0.07
-0.25,0.87,-0.11
-0.23,0.87,-0.13
-0.21,0.87,-0.16
-0.18,0.87,-0.18
-0.15,0.87,-0.2
-0.12,0.87,-0.21
-0.09,0.87,-0.22
-0.06,0.87,-0.23
-0.03,0.87,-0.24
0.0,0.87,-0.25
0.03,0.87,-0.26
0.07,0.87,-0.26
0.11,0.87,-0.26
0.14,0.87,-0.25
0.18,0.87,-0.23
0.21,0.87,-0.21
0.24,0.87,-0.18
0.27,0.87,-0.15
0.3,0.87,-0.12
0.32,0.87,-0.09
0.35,0.87,-0.04
0.38,0.85,0.0
0.39,0.85,0.05
0.4,0.85,0.11
0.38,0.85,0.16
0.35,0.85,0.2
0.3,0.85,0.23
0.25,0.85,0.25
0.19,0.85,0.25
0.14,0.85,0.24
0.09,0.85,0.23
0.06,0.85,0.23
0.03,0.85,0.24
-0.0,0.85,0.25
-0.03,0.85,0.26
-0.07,0.85,0.26
-0.1,0.85,0.25
-0.14,0.85,0.24
-0.17,0.85,0.22
-0.2,0.85,0.2
-0.23,0.85,0.17
-0.25,0.85,0.14
-0.27,0.85,0.11
-0.28,0.85,0.07
-0.29,0.85,0.04
-0.29,0.85,-0.0
-0.28,0.85,-0.04
-0.27,0.85,-0.07
-0.25,0.85,-0.11
-0.23,0.85,-0.13
-0.21,0.85,-0.16
-0.18,0.85,-0.18
-0.15,0.85,-0.2
-0.12,0.85,-0.21
-0.09,0.85,-0.22
-0.06,0.85,-0.23
-0.03,0.85,-0.24
0.0,0.85,-0.25
0.03,0.85,-0.26
0.07,0.85,-0.26
0.11,0.85,-0.25
0.14,0.85,-0.25
0.18,0.85,-0.23
0.21,0.85,-0.21
0.24,0.85,-0.18
0.27,0.85,-0.16
0.3,0.85,-0.12
0.33,0.85,-0.09
0.36,0.85,-0.05
0.39,0.83,-0.0
0.41,0.83,0.05
0.42,0.83,0.11
0.41,0.83,0.17
0.37,0.83,0.21
0.32,0.83,0.25
0.26,0.83,0.26
0.2,0.83,0.26
0.14,0.83,0.25
0.1,0.83,0.23
0.06,0.83,0.23
0.03,0.83,0.25
-0.0,0.83,0.26
-0.04,0.83,0.26
-0.07,0.83,0.27
-0.11,0.83,0.26
-0.14,0.83,0.25
-0.17,0.83,0.23
-0.2,0.83,0.2
-0.23,0.83,0.17
-0.25,0.83,0.14
-0.27,0.83,0.11
-0.28,0.83,0.07
-0.28,0.83,0.04
-0.28,0.83,-0.0
-0.28,0.83,-0.04
-0.27,0.83,-0.07
-0.25,0.83,-0.1
-0.23,0.83,-0.13
-0.21,0.83,-0.16
-0.18,0.83,-0.18
-0.15,0.83,-0.2
-0.12,0.83,-0.21
-0.09,0.83,-0.22
-0.06,0.83,-0.23
-0.03,0.83,-0.24
0.0,0.83,-0.25
0.03,0.83,-0.25
0.07,0.83,-0.25
0.11,0.83,-0.25
0.14,0.83,-0.24
0.18,0.83,-0.23
0.21,0.83,-0.21
0.24,0.83,-0.18
0.28,0.83,-0.16
0.31,0.83,-0.13
0.34,0.83,-0.09
0.37,0.83,-0.05
0.41,0.81,-0.0
0.43,0.81,0.06
0.44,0.81,0.12
0.43,0.81,0.18
0.39,0.81,0.23
0.34,0.81,0.26
0.27,0.81,0.27
0.21,0.81,0.27
0.15,0.81,0.26
0.1,0.81,0.24
0.06,0.81,0.24
0.03,0.81,0.25
-0.0,0.81,0.27
-0.04,0.81,0.27
-0.07,0.81,0.28
-0.11,0.81,0.27
-0.15,0.81,0.25
-0.18,0.81,0.23
-0.21,0.81,0.21
-0.23,0.81,0.18
-0.25,0.81,0.14
-0.26,0.81,0.11
-0.27,0.81,0.07
-0.28,0.81,0.04
-0.28,0.81,-0.0
-0.27,0.81,-0.04
-0.26,0.81,-0.07
-0.25,0.81,-0.1
-0.23,0.81,-0.13
-0.2,0.81,-0.16
-0.18,0.81,-0.18
-0.15,0.81,-0.19
-0.12,0.81,-0.21
-0.09,0.81,-0.22
-0.06,0.81,-0.22
-0.03,0.81,-0.23
0.0,0.81,-0.24
0.03,0.81,-0.25
0.07,0.81,-0.25
0.1,0.81,-0.25
0.14,0.81,-0.24
0.17,0.81,-0.22
0.21,0.81,-0.2
0.24,0.81,-0.19
0.28,0.81,-0.16
0.31,0.81,-0.13
0.35,0.81,-0.09
0.38,0.81,-0.05
0.42,0.79,-0.0
0.44,0.79,0.06
0.46,0.79,0.12
0.45,0.79,0.19
0.41,0.79,0.24
0.36,0.79,0.27
0.29,0.79,0.29
0.22,0.79,0.28
0.15,0.79,0.27
0.1,0.79,0.25
0.06,0.79,0.24
0.03,0.79,0.26
-0.0,0.79,0.28
-0.04,0.79,0.28
-0.08,0.79,0.29
-0.12,0.79,0.28
-0.15,0.79,0.26
-0.19,0.79,0.24
-0.21,0.79,0.21
-0.24,0.79,0.18
-0.26,0.79,0.15
-0.27,0.79,0.11
-0.27,0.79,0.07
-0.28,0.79,0.04
-0.28,0.79,-0.0
-0.27,0.79,-0.04
-0.26,0.79,-0.07
-0.24,0.79,-0.1
-0.22,0.79,-0.13
-0.2,0.79,-0.15
-0.17,0.79,-0.17
-0.15,0.79,-0.19
-0.12,0.79,-0.2
-0.09,0.79,-0.21
-0.06,0.79,-0.22
-0.03,0.79,-0.23
0.0,0.79,-0.23
0.03,0.79,-0.24
0.07,0.79,-0.24
0.1,0.79,-0.24
0.14,0.79,-0.23
0.17,0.79,-0.22
0.21,0.79,-0.2
0.24,0.79,-0.19
0.28,0.79,-0.16
0.32,0.79,-0.13
0.35,0.79,-0.09
0.39,0.79,-0.05
0.43,0.78,0.0
0.46,0.78,0.06
0.47,0.78,0.13
0.47,0.78,0.19
0.43,0.78,0.25
0.38,0.78,0.29
0.3,0.78,0.3
0.23,0.78,0.3
0.16,0.78,0.28
0.11,0.78,0.25
0.07,0.78,0.25
0.04,0.78,0.27
-0.0,0.78,0.29
-0.04,0.78,0.29
-0.08,0.78,0.3
-0.12,0.78,0.29
-0.16,0.78,0.27
-0.19,0.78,0.25
-0.22,0.78,0.22
-0.24,0.78,0.19
-0.26,0.78,0.15
-0.27,0.78,0.11
-0.28,0.78,0.07
-0.28,0.78,0.04
-0.27,0.78,-0.0
-0.26,0.78,-0.04
-0.25,0.78,-0.07
-0.24,0.78,-0.1
-0.22,0.78,-0.13
-0.19,0.78,-0.15
-0.17,0.78,-0.17
-0.14,0.78,-0.19
-0.11,0.78,-0.2
-0.08,0.78,-0.2
-0.06,0.78,-0.21
-0.03,0.78,-0.22
0.0,0.78,-0.23
0.03,0.78,-0.23
0.06,0.78,-0.24
0.1,0.78,-0.23
0.13,0.78,-0.23
0.17,0.78,-0.22
0.21,0.78,-0.2
0.24,0.78,-0.18
0.28,0.78,-0.16
0.32,0.78,-0.13
0.36,0.78,-0.09
0.39,0.78,-0.05
0.44,0.76,0.0
0.47,0.76,0.06
0.49,0.76,0.13
0.48,0.76,0.2
0.45,0.76,0.26
0.39,0.76,0.3
0.32,0.76,0.32
0.24,0.76,0.31
0.17,0.76,0.29
0.11,0.76,0.27
0.07,0.76,0.26
0.04,0.76,0.28
-0.0,0.76,0.3
-0.04,0.76,0.31
-0.08,0.76,0.31
-0.12,0.76,0.3
-0.17,0.76,0.29
-0.2,0.76,0.26
-0.23,0.76,0.23
-0.25,0.76,0.19
-0.27,0.76,0.16
-0.28,0.76,0.12
-0.29,0.76,0.08
-0.29,0.76,0.04
-0.28,0.76,-0.0
-0.27,0.76,-0.04
-0.26,0.76,-0.07
-0.24,0.76,-0.1
-0.22,0.76,-0.13
-0.19,0.76,-0.15
-0.16,0.76,-0.16
-0.14,0.76,-0.18
-0.11,0.76,-0.19
-0.08,0.76,-0.19
-0.05,0.76,-0.19
-0.03,0.76,-0.2
0.0,0.76,-0.21
0.03,0.76,-0.21
0.06,0.76,-0.21
0.09,0.76,-0.21
0.12,0.76,-0.2
0.15,0.76,-0.2
0.19,0.76,-0.19
0.22,0.76,-0.17
0.26,0.76,-0.15
0.3,0.76,-0.12
0.34,0.76,-0.09
0.38,0.76,-0.05
0.43,0.74,-0.0
0.47,0.74,0.06
0.49,0.74,0.13
0.49,0.74,0.2
0.47,0.74,0.27
0.41,0.74,0.32
0.34,0.74,0.34
0.25,0.74,0.33
0.18,0.74,0.31
0.12,0.74,0.28
0.07,0.74,0.28
0.04,0.74,0.3
-0.0,0.74,0.32
-0.04,0.74,0.33
-0.09,0.74,0.33
-0.13,0.74,0.31
-0.17,0.74,0.29
-0.2,0.74,0.27
-0.23,0.74,0.23
-0.25,0.74,0.19
-0.27,0.74,0.15
-0.27,0.74,0.11
-0.27,0.74,0.07
-0.27,0.74,0.03
-0.26,0.74,-0.0
-0.25,0.74,-0.03
-0.23,0.74,-0.06
-0.21,0.74,-0.09
-0.19,0.74,-0.11
-0.17,0.74,-0.13
-0.14,0.74,-0.14
-0.12,0.74,-0.16
-0.1,0.74,-0.17
-0.07,0.74,-0.17
-0.05,0.74,-0.18
-0.02,0.74,-0.19
0.0,0.74,-0.19
0.03,0.74,-0.2
0.06,0.74,-0.2
0.09,0.74,-0.2
0.12,0.74,-0.21
0.16,0.74,-0.21
0.2,0.74,-0.2
0.24,0.74,-0.18
0.28,0.74,-0.16
0.32,0.74,-0.13
0.37,0.74,-0.1
0.42,0.74,-0.05
0.47,0.72,0.0
0.51,0.72,0.07
0.53,0.72,0.14
0.53,0.72,0.22
0.49,0.72,0.28
0.43,0.72,0.33
0.35,0.72,0.35
0.26,0.72,0.34
0.17,0.72,0.3
0.11,0.72,0.27
0.07,0.72,0.27
0.04,0.72,0.3
-0.0,0.72,0.32
-0.04,0.72,0.33
-0.09,0.72,0.32
-0.13,0.72,0.31
-0.17,0.72,0.3
-0.21,0.72,0.27
-0.23,0.72,0.23
-0.26,0.72,0.2
-0.27,0.72,0.16
-0.28,0.72,0.11
-0.28,0.72,0.07
-0.28,0.72,0.04
-0.27,0.72,-0.0
-0.26,0.72,-0.03
-0.24,0.72,-0.07
-0.22,0.72,-0.09
-0.2,0.72,-0.12
-0.18,0.72,-0.14
-0.15,0.72,-0.15
-0.12,0.72,-0.16
-0.1,0.72,-0.17
-0.07,0.72,-0.18
-0.05,0.72,-0.18
-0.02,0.72,-0.19
0.0,0.72,-0.19
0.03,0.72,-0.2
0.05,0.72,-0.2
0.09,0.72,-0.2
0.12,0.72,-0.21
0.16,0.72,-0.2
0.2,0.72,-0.19
0.24,0.72,-0.18
0.28,0.72,-0.16
0.32,0.72,-0.13
0.37,0.72,-0.1
0.42,0.72,-0.05
0.47,0.7,0.0
0.51,0.7,0.07
0.52,0.7,0.14
0.52,0.7,0.22
0.49,0.7,0.28
0.42,0.7,0.33
0.35,0.7,0.35
0.26,0.7,0.34
0.18,0.7,0.31
0.11,0.7,0.27
0.07,0.7,0.28
0.04,0.7,0.31
-0.0,0.7,0.32
-0.04,0.7,0.34
-0.09,0.7,0.33
-0.13,0.7,0.32
-0.18,0.7,0.3
-0.21,0.7,0.27
-0.24,0.7,0.24
-0.26,0.7,0.2
-0.27,0.7,0.16
-0.28,0.7,0.12
-0.28,0.7,0.08
-0.28,0.7,0.04
-0.27,0.7,-0.0
-0.26,0.7,-0.03
-0.24,0.7,-0.06
-0.22,0.7,-0.09
-0.2,0.7,-0.11
-0.17,0.7,-0.13
-0.15,0.7,-0.15
-0.12,0.7,-0.16
-0.09,0.7,-0.17
-0.07,0.7,-0.17
-0.04,0.7,-0.17
-0.02,0.7,-0.17
0.0,0.7,-0.17
0.02,0.7,-0.18
0.05,0.7,-0.19
0.08,0.7,-0.2
0.12,0.7,-0.2
0.15,0.7,-0.2
0.19,0.7,-0.19
0.23,0.7,-0.18
0.27,0.7,-0.16
0.32,0.7,-0.13
0.37,0.7,-0.1
0.42,0.7,-0.05
0.48,0.69,-0.0
0.52,0.69,0.07
0.54,0.69,0.14
0.54,0.69,0.22
0.5,0.69,0.29
0.44,0.69,0.34
0.35,0.69,0.35
0.27,0.69,0.35
0.18,0.69,0.31
0.11,0.69,0.27
0.08,0.69,0.29
0.04,0.69,0.31
-0.0,0.69,0.33
-0.05,0.69,0.35
-0.09,0.69,0.34
-0.14,0.69,0.33
-0.18,0.69,0.31
-0.22,0.69,0.28
-0.24,0.69,0.24
-0.27,0.69,0.2
-0.28,0.69,0.16
-0.28,0.69,0.12
-0.28,0.69,0.08
-0.28,0.69,0.04
-0.27,0.69,-0.0
-0.25,0.69,-0.03
-0.23,0.69,-0.06
-0.21,0.69,-0.09
-0.19,0.69,-0.11
-0.17,0.69,-0.13
-0.14,0.69,-0.14
-0.12,0.69,-0.15
-0.09,0.69,-0.16
-0.07,0.69,-0.16
-0.04,0.69,-0.16
-0.02,0.69,-0.16
0.0,0.69,-0.16
0.02,0.69,-0.16
0.05,0.69,-0.18
0.08,0.69,-0.18
0.11,0.69,-0.19
0.15,0.69,-0.19
0.18,0.69,-0.18
0.22,0.69,-0.17
0.27,0.69,-0.15
0.32,0.69,-0.13
0.37,0.69,-0.1
0.42,0.69,-0.05
0.48,0.67,0.0
0.52,0.67,0.07
0.55,0.67,0.15
0.55,0.67,0.23
0.51,0.67,0.3
0.45,0.67,0.35
0.36,0.67,0.36
0.27,0.67,0.36
0.18,0.67,0.32
0.11,0.67,0.27
0.08,0.67,0.29
0.04,0.67,0.32
-0.0,0.67,0.34
-0.05,0.67,0.36
-0.1,0.67,0.35
-0.14,0.67,0.34
-0.18,0.67,0.32
-0.22,0.67,0.29
-0.25,0.67,0.25
-0.27,0.67,0.21
-0.28,0.67,0.16
-0.29,0.67,0.12
-0.28,0.67,0.08
-0.28,0.67,0.04
-0.26,0.67,-0.0
-0.25,0.67,-0.03
-0.23,0.67,-0.06
-0.21,0.67,-0.09
-0.19,0.67,-0.11
-0.16,0.67,-0.13
-0.14,0.67,-0.14
-0.11,0.67,-0.15
-0.09,0.67,-0.15
-0.06,0.67,-0.16
-0.04,0.67,-0.16
-0.02,0.67,-0.15
0.0,0.67,-0.15
0.02,0.67,-0.15
0.04,0.67,-0.16
0.07,0.67,-0.17
0.1,0.67,-0.18
0.14,0.67,-0.18
0.18,0.67,-0.17
0.22,0.67,-0.16
0.26,0.67,-0.15
0.31,0.67,-0.13
0.37,0.67,-0.1
0.43,0.67,-0.05
0.49,0.65,-0.0
0.53,0.65,0.07
0.56,0.65,0.15
0.56,0.65,0.23
0.52,0.65,0.3
0.46,0.65,0.35
0.37,0.65,0.37
0.28,0.65,0.36
0.18,0.65,0.32
0.11,0.65,0.27
0.08,0.65,0.3
0.04,0.65,0.33
-0.0,0.65,0.35
-0.05,0.65,0.37
-0.1,0.65,0.36
-0.15,0.65,0.35
-0.19,0.65,0.33
-0.23,0.65,0.29
-0.25,0.65,0.25
-0.27,0.65,0.21
-0.28,0.65,0.16
-0.29,0.65,0.12
-0.28,0.65,0.08
-0.27,0.65,0.04
-0.26,0.65,-0.0
-0.24,0.65,-0.03
-0.22,0.65,-0.06
-0.2,0.65,-0.08
-0.18,0.65,-0.1
-0.16,0.65,-0.12
-0.13,0.65,-0.13
-0.11,0.65,-0.14
-0.08,0.65,-0.14
-0.06,0.65,-0.15
-0.04,0.65,-0.15
-0.02,0.65,-0.14
0.0,0.65,-0.14
0.02,0.65,-0.13
0.04,0.65,-0.14
0.06,0.65,-0.15
0.09,0.65,-0.16
0.13,0.65,-0.16
0.17,0.65,-0.16
0.21,0.65,-0.16
0.25,0.65,-0.15
0.31,0.65,-0.13
0.37,0.65,-0.1
0.43,0.65,-0.05
0.49,0.63,0.0
0.54,0.63,0.07
0.57,0.63,0.15
0.56,0.63,0.23
0.53,0.63,0.3
0.46,0.63,0.36
0.38,0.63,0.38
0.28,0.63,0.36
0.19,0.63,0.32
0.11,0.63,0.27
0.08,0.63,0.31
0.04,0.63,0.34
-0.0,0.63,0.36
-0.05,0.63,0.38
-0.1,0.63,0.37
-0.15,0.63,0.36
-0.19,0.63,0.33
-0.23,0.63,0.3
-0.26,0.63,0.26
-0.28,0.63,0.21
-0.29,0.63,0.16
-0.29,0.63,0.12
-0.28,0.63,0.08
-0.27,0.63,0.04
-0.26,0.63,-0.0
-0.24,0.63,-0.03
-0.22,0.63,-0.06
-0.2,0.63,-0.08
-0.17,0.63,-0.1
-0.15,0.63,-0.11
-0.12,0.63,-0.12
-0.1,0.63,-0.13
-0.08,0.63,-0.14
-0.06,0.63,-0.14
-0.04,0.63,-0.14
-0.02,0.63,-0.13
0.0,0.63,-0.13
0.02,0.63,-0.12
0.03,0.63,-0.12
0.05,0.63,-0.13
0.08,0.63,-0.14
0.11,0.63,-0.15
0.15,0.63,-0.15
0.2,0.63,-0.15
0.25,0.63,-0.14
0.3,0.63,-0.12
0.36,0.63,-0.1
0.43,0.63,-0.05
0.49,0.61,0.0
0.54,0.61,0.07
0.58,0.61,0.15
0.57,0.61,0.24
0.53,0.61,0.31
0.47,0.61,0.36
0.38,0.61,0.38
0.28,0.61,0.36
0.19,0.61,0.32
0.11,0.61,0.28
0.08,0.61,0.32
0.05,0.61,0.35
-0.0,0.61,0.37
-0.05,0.61,0.39
-0.1,0.61,0.38
-0.15,0.61,0.37
-0.2,0.61,0.34
-0.24,0.61,0.31
-0.26,0.61,0.26
-0.28,0.61,0.21
-0.29,0.61,0.17
-0.29,0.61,0.12
-0.28,0.61,0.08
-0.27,0.61,0.03
-0.25,0.61,-0.0
-0.23,0.61,-0.03
-0.21,0.61,-0.06
-0.19,0.61,-0.08
-0.16,0.61,-0.1
-0.14,0.61,-0.11
-0.12,0.61,-0.12
-0.09,0.61,-0.12
-0.07,0.61,-0.13
-0.05,0.61,-0.13
-0.03,0.61,-0.13
-0.02,0.61,-0.12
0.0,0.61,-0.12
0.02,0.61,-0.11
0.03,0.61,-0.11
0.04,0.61,-0.1
0.07,0.61,-0.11
0.1,0.61,-0.13
0.14,0.61,-0.14
0.18,0.61,-0.14
0.23,0.61,-0.13
0.29,0.61,-0.12
0.36,0.61,-0.09
0.43,0.61,-0.05
0.49,0.59,0.0
0.55,0.59,0.07
0.58,0.59,0.16
0.58,0.59,0.24
0.54,0.59,0.31
0.47,0.59,0.36
0.39,0.59,0.39
0.28,0.59,0.36
0.19,0.59,0.32
0.12,0.59,0.28
0.09,0.59,0.32
0.05,0.59,0.36
-0.0,0.59,0.38
-0.05,0.59,0.4
-0.11,0.59,0.39
-0.16,0.59,0.38
-0.2,0.59,0.35
-0.24,0.59,0.31
-0.27,0.59,0.27
-0.28,0.59,0.22
-0.29,0.59,0.17
-0.29,0.59,0.12
-0.28,0.59,0.07
-0.27,0.59,0.03
-0.25,0.59,-0.0
-0.23,0.59,-0.03
-0.21,0.59,-0.06
-0.18,0.59,-0.08
-0.16,0.59,-0.09
-0.13,0.59,-0.1
-0.11,0.59,-0.11
-0.09,0.59,-0.11
-0.07,0.59,-0.12
-0.05,0.59,-0.12
-0.03,0.59,-0.11
-0.01,0.59,-0.11
0.0,0.59,-0.11
0.01,0.59,-0.1
0.03,0.59,-0.1
0.04,0.59,-0.09
0.05,0.59,-0.08
0.06,0.59,-0.08
0.11,0.59,-0.11
0.16,0.59,-0.12
0.22,0.59,-0.12
0.28,0.59,-0.11
0.35,0.59,-0.09
0.42,0.59,-0.05
0.49,0.58,0.0
0.56,0.58,0.07
0.59,0.58,0.16
0.58,0.58,0.24
0.54,0.58,0.31
0.48,0.58,0.37
0.39,0.58,0.39
0.28,0.58,0.37
0.18,0.58,0.32
0.12,0.58,0.29
0.09,0.58,0.33
0.05,0.58,0.37
-0.0,0.58,0.39
-0.05,0.58,0.4
-0.11,0.58,0.4
-0.16,0.58,0.39
-0.21,0.58,0.36
-0.24,0.58,0.32
-0.27,0.58,0.27
-0.29,0.58,0.22
-0.29,0.58,0.17
-0.29,0.58,0.12
-0.28,0.58,0.07
-0.26,0.58,0.03
-0.24,0.58,-0.0
-0.22,0.58,-0.03
-0.2,0.58,-0.05
-0.17,0.58,-0.07
-0.15,0.58,-0.09
-0.12,0.58,-0.1
-0.1,0.58,-0.1
-0.08,0.58,-0.11
-0.06,0.58,-0.11
-0.04,0.58,-0.11
-0.03,0.58,-0.1
-0.01,0.58,-0.1
0.0,0.58,-0.1
0.01,0.58,-0.09
0.02,0.58,-0.09
0.03,0.58,-0.08
0.04,0.58,-0.08
0.05,0.58,-0.07
0.06,0.58,-0.06
0.12,0.58,-0.09
0.19,0.58,-0.11
0.26,0.58,-0.11
0.34,0.58,-0.09
0.42,0.58,-0.05
0.48,0.56,0.0
0.56,0.56,0.07
0.6,0.56,0.16
0.59,0.56,0.24
0.55,0.56,0.32
0.48,0.56,0.37
0.39,0.56,0.39
0.28,0.56,0.37
0.18,0.56,0.31
0.12,0.56,0.29
0.09,0.56,0.34
0.05,0.56,0.37
-0.0,0.56,0.4
-0.05,0.56,0.41
-0.11,0.56,0.41
-0.16,0.56,0.39
-0.21,0.56,0.36
-0.25,0.56,0.32
-0.27,0.56,0.27
-0.29,0.56,0.22
-0.29,0.56,0.17
-0.29,0.56,0.12
-0.28,0.56,0.07
-0.26,0.56,0.03
-0.24,0.56,-0.0
-0.21,0.56,-0.03
-0.19,0.56,-0.05
-0.16,0.56,-0.07
-0.14,0.56,-0.08
-0.11,0.56,-0.09
-0.09,0.56,-0.09
-0.07,0.56,-0.1
-0.06,0.56,-0.1
-0.04,0.56,-0.09
-0.02,0.56,-0.09
-0.01,0.56,-0.09
0.0,0.56,-0.09
0.01,0.56,-0.08
0.02,0.56,-0.08
0.03,0.56,-0.07
0.04,0.56,-0.07
0.05,0.56,-0.06
0.06,0.56,-0.06
0.07,0.56,-0.05
0.13,0.56,-0.07
0.24,0.56,-0.1
0.32,0.56,-0.08
0.41,0.56,-0.05
0.48,0.54,-0.0
0.57,0.54,0.07
0.6,0.54,0.16
0.6,0.54,0.25
0.56,0.54,0.32
0.49,0.54,0.37
0.39,0.54,0.39
0.28,0.54,0.37
0.17,0.54,0.29
0.12,0.54,0.29
0.09,0.54,0.34
0.05,0.54,0.38
-0.0,0.54,0.4
-0.05,0.54,0.41
-0.11,0.54,0.41
-0.16,0.54,0.39
-0.21,0.54,0.36
-0.25,0.54,0.33
-0.28,0.54,0.28
-0.29,0.54,0.22
-0.3,0.54,0.17
-0.29,0.54,0.12
-0.28,0.54,0.07
-0.26,0.54,0.03
-0.23,0.54,-0.0
-0.21,0.54,-0.03
-0.18,0.54,-0.05
-0.15,0.54,-0.06
-0.13,0.54,-0.07
-0.11,0.54,-0.08
-0.08,0.54,-0.08
-0.07,0.54,-0.09
-0.05,0.54,-0.09
-0.03,0.54,-0.08
-0.02,0.54,-0.08
-0.01,0.54,-0.08
0.0,0.54,-0.08
0.01,0.54,-0.07
0.02,0.54,-0.07
0.03,0.54,-0.06
0.04,0.54,-0.06
0.04,0.54,-0.06
0.05,0.54,-0.05
0.06,0.54,-0.04
0.07,0.54,-0.04
0.07,0.54,-0.03
0.3,0.54,-0.08
0.4,0.54,-0.05
0.48,0.52,0.0
0.57,0.52,0.08
0.61,0.52,0.16
0.6,0.52,0.25
0.56,0.52,0.32
0.49,0.52,0.38
0.39,0.52,0.4
0.28,0.52,0.36
0.14,0.52,0.25
0.12,0.52,0.3
0.09,0.52,0.34
0.05,0.52,0.38
-0.0,0.52,0.4
-0.06,0.52,0.42
-0.11,0.52,0.42
-0.17,0.52,0.4
-0.21,0.52,0.37
-0.25,0.52,0.33
-0.28,0.52,0.28
-0.29,0.52,0.22
-0.3,0.52,0.17
-0.29,0.52,0.12
-0.27,0.52,0.07
-0.25,0.52,0.03
-0.23,0.52,-0.0
-0.2,0.52,-0.03
-0.17,0.52,-0.05
-0.14,0.52,-0.06
-0.12,0.52,-0.07
-0.1,0.52,-0.07
-0.08,0.52,-0.08
-0.06,0.52,-0.08
-0.04,0.52,-0.07
-0.03,0.52,-0.07
-0.02,0.52,-0.07
-0.01,0.52,-0.07
0.0,0.52,-0.06
0.01,0.52,-0.06
0.02,0.52,-0.06
0.02,0.52,-0.05
0.03,0.52,-0.05
0.03,0.52,-0.04
0.04,0.52,-0.04
0.05,0.52,-0.04
0.05,0.52,-0.03
0.06,0.52,-0.03
0.25,0.52,-0.07
0.38,0.52,-0.05
0.48,0.5,0.0
0.57,0.5,0.08
0.61,0.5,0.16
0.61,0.5,0.25
0.57,0.5,0.33
0.5,0.5,0.38
0.4,0.5,0.4
0.29,0.5,0.37
0.14,0.5,0.24
0.12,0.5,0.3
0.09,0.5,0.34
0.05,0.5,0.38
-0.0,0.5,0.41
-0.06,0.5,0.43
-0.12,0.5,0.43
-0.17,0.5,0.41
-0.22,0.5,0.38
-0.26,0.5,0.34
-0.29,0.5,0.29
-0.3,0.5,0.23
-0.3,0.5,0.18
-0.29,0.5,0.12
-0.28,0.5,0.07
-0.25,0.5,0.03
-0.22,0.5,-0.0
-0.19,0.5,-0.02
-0.15,0.5,-0.04
-0.12,0.5,-0.05
-0.09,0.5,-0.05
-0.07,0.5,-0.05
-0.05,0.5,-0.05
-0.04,0.5,-0.05
-0.03,0.5,-0.05
-0.02,0.5,-0.05
-0.01,0.5,-0.04
-0.01,0.5,-0.04
0.0,0.5,-0.04
0.01,0.5,-0.04
0.01,0.5,-0.04
0.01,0.5,-0.04
0.02,0.5,-0.03
0.02,0.5,-0.03
0.03,0.5,-0.03
0.03,0.5,-0.03
0.04,0.5,-0.02
0.04,0.5,-0.02
0.06,0.5,-0.02
0.33,0.5,-0.04
0.48,0.49,-0.0
0.59,0.49,0.08
0.63,0.49,0.17
0.62,0.49,0.26
0.58,0.49,0.34
0.5,0.49,0.39
0.4,0.49,0.4
0.25,0.49,0.33
0.15,0.49,0.25
0.12,0.49,0.3
0.09,0.49,0.34
0.05,0.49,0.38
-0.0,0.49,0.41
-0.06,0.49,0.43
-0.11,0.49,0.43
-0.17,0.49,0.41
-0.22,0.49,0.37
-0.25,0.49,0.33
-0.28,0.49,0.27
-0.29,0.49,0.22
-0.29,0.49,0.17
-0.28,0.49,0.12
-0.26,0.49,0.07
-0.23,0.49,0.03
-0.2,0.49,-0.0
-0.17,0.49,-0.02
-0.14,0.49,-0.04
-0.11,0.49,-0.05
-0.09,0.49,-0.05
-0.07,0.49,-0.05
-0.05,0.49,-0.05
-0.04,0.49,-0.05
-0.03,0.49,-0.05
-0.02,0.49,-0.05
-0.01,0.49,-0.05
-0.01,0.49,-0.05
0.0,0.49,-0.04
0.01,0.49,-0.04
0.01,0.49,-0.04
0.02,0.49,-0.04
0.02,0.49,-0.04
0.03,0.49,-0.03
0.03,0.49,-0.03
0.04,0.49,-0.03
0.04,0.49,-0.02
0.05,0.49,-0.02
0.05,0.49,-0.01
0.06,0.49,-0.01
0.49,0.47,0.0
0.6,0.47,0.08
0.64,0.47,0.17
0.63,0.47,0.26
0.58,0.47,0.34
0.5,0.47,0.39
0.4,0.47,0.4
0.26,0.47,0.34
0.14,0.47,0.25
0.12,0.47,0.3
0.09,0.47,0.35
0.05,0.47,0.39
-0.0,0.47,0.42
-0.06,0.47,0.44
-0.12,0.47,0.44
-0.17,0.47,0.42
-0.22,0.47,0.38
-0.26,0.47,0.33
-0.28,0.47,0.28
-0.29,0.47,0.22
-0.29,0.47,0.17
-0.28,0.47,0.12
-0.26,0.47,0.07
-0.23,0.47,0.03
-0.2,0.47,-0.0
-0.16,0.47,-0.02
-0.13,0.47,-0.04
-0.1,0.47,-0.04
-0.08,0.47,-0.05
-0.06,0.47,-0.05
-0.04,0.47,-0.04
-0.03,0.47,-0.04
-0.02,0.47,-0.04
-0.02,0.47,-0.04
-0.01,0.47,-0.04
-0.0,0.47,-0.04
0.0,0.47,-0.03
0.0,0.47,-0.03
0.01,0.47,-0.03
0.01,0.47,-0.03
0.02,0.47,-0.03
0.02,0.47,-0.03
0.02,0.47,-0.02
0.03,0.47,-0.02
0.03,0.47,-0.02
0.04,0.47,-0.02
0.04,0.47,-0.01
0.05,0.47,-0.01
0.49,0.45,0.0
0.6,0.45,0.08
0.64,0.45,0.17
0.63,0.45,0.26
0.58,0.45,0.34
0.51,0.45,0.39
0.4,0.45,0.4
0.25,0.45,0.33
0.14,0.45,0.24
0.12,0.45,0.29
0.09,0.45,0.35
0.05,0.45,0.4
-0.0,0.45,0.43
-0.06,0.45,0.44
-0.12,0.45,0.44
-0.17,0.45,0.42
-0.22,0.45,0.38
-0.26,0.45,0.34
-0.28,0.45,0.28
-0.29,0.45,0.22
-0.29,0.45,0.17
-0.28,0.45,0.11
-0.26,0.45,0.07
-0.24,0.45,0.03
-0.22,0.45,-0.0
-0.19,0.45,-0.03
-0.15,0.45,-0.04
-0.12,0.45,-0.05
-0.07,0.45,-0.04
-0.04,0.45,-0.03
-0.03,0.45,-0.03
-0.02,0.45,-0.03
-0.02,0.45,-0.03
-0.01,0.45,-0.03
-0.01,0.45,-0.03
-0.0,0.45,-0.02
0.0,0.45,-0.02
0.0,0.45,-0.02
0.01,0.45,-0.02
0.01,0.45,-0.02
0.01,0.45,-0.02
0.01,0.45,-0.02
0.02,0.45,-0.02
0.02,0.45,-0.01
0.02,0.45,-0.01
0.03,0.45,-0.01
0.03,0.45,-0.01
0.04,0.45,-0.0
0.49,0.43,-0.0
0.6,0.43,0.08
0.64,0.43,0.17
0.63,0.43,0.26
0.59,0.43,0.34
0.51,0.43,0.39
0.4,0.43,0.4
0.14,0.43,0.18
0.14,0.43,0.24
0.12,0.43,0.29
0.09,0.43,0.35
0.05,0.43,0.4
-0.0,0.43,0.43
-0.06,0.43,0.44
-0.12,0.43,0.44
-0.18,0.43,0.42
-0.22,0.43,0.39
-0.26,0.43,0.34
-0.28,0.43,0.28
-0.29,0.43,0.22
-0.29,0.43,0.17
-0.29,0.43,0.12
-0.28,0.43,0.07
-0.26,0.43,0.03
-0.24,0.43,-0.0
-0.22,0.43,-0.03
-0.19,0.43,-0.05
-0.15,0.43,-0.06
-0.12,0.43,-0.07
-0.08,0.43,-0.06
-0.05,0.43,-0.05
-0.03,0.43,-0.04
-0.02,0.43,-0.03
-0.01,0.43,-0.03
-0.01,0.43,-0.02
-0.0,0.43,-0.02
0.0,0.43,-0.02
0.0,0.43,-0.02
0.0,0.43,-0.02
0.01,0.43,-0.01
0.01,0.43,-0.01
0.01,0.43,-0.01
0.01,0.43,-0.01
0.01,0.43,-0.01
0.01,0.43,-0.01
0.01,0.43,-0.01
0.02,0.43,-0.0
0.02,0.43,-0.0
0.49,0.41,-0.0
0.61,0.41,0.08
0.65,0.41,0.17
0.64,0.41,0.27
0.59,0.41,0.34
0.51,0.41,0.39
0.4,0.41,0.4
0.13,0.41,0.17
0.13,0.41,0.23
0.12,0.41,0.29
0.09,0.41,0.35
0.05,0.41,0.4
-0.0,0.41,0.43
-0.06,0.41,0.44
-0.12,0.41,0.44
-0.18,0.41,0.42
-0.22,0.41,0.39
-0.26,0.41,0.34
-0.28,0.41,0.28
-0.29,0.41,0.22
-0.3,0.41,0.17
-0.3,0.41,0.12
-0.29,0.41,0.08
-0.28,0.41,0.04
-0.26,0.41,-0.0
-0.24,0.41,-0.03
-0.21,0.41,-0.06
-0.18,0.41,-0.08
-0.15,0.41,-0.09
-0.12,0.41,-0.09
-0.08,0.41,-0.08
-0.06,0.41,-0.07
-0.04,0.41,-0.06
-0.02,0.41,-0.05
-0.01,0.41,-0.05
-0.01,0.41,-0.04
0.0,0.41,-0.04
0.0,0.41,-0.03
0.01,0.41,-0.03
0.01,0.41,-0.03
0.01,0.41,-0.02
0.02,0.41,-0.02
0.02,0.41,-0.02
0.02,0.41,-0.02
0.02,0.41,-0.01
0.03,0.41,-0.01
0.03,0.41,-0.01
0.03,0.41,-0.0
0.5,0.4,0.0
0.61,0.4,0.08
0.66,0.4,0.18
0.65,0.4,0.27
0.6,0.4,0.35
0.52,0.4,0.4
0.4,0.4,0.41
0.12,0.4,0.16
0.13,0.4,0.22
0.12,0.4,0.29
0.09,0.4,0.35
0.05,0.4,0.4
-0.0,0.4,0.43
-0.06,0.4,0.44
-0.12,0.4,0.44
-0.17,0.4,0.42
-0.22,0.4,0.39
-0.26,0.4,0.34
-0.28,0.4,0.28
-0.3,0.4,0.23
-0.3,0.4,0.17
-0.3,0.4,0.12
-0.3,0.4,0.08
-0.29,0.4,0.04
-0.27,0.4,-0.0
-0.26,0.4,-0.03
-0.23,0.4,-0.06
-0.21,0.4,-0.09
-0.18,0.4,-0.1
-0.14,0.4,-0.11
-0.11,0.4,-0.11
-0.08,0.4,-0.1
-0.05,0.4,-0.09
-0.03,0.4,-0.08
-0.02,0.4,-0.07
-0.01,0.4,-0.06
0.0,0.4,-0.05
0.01,0.4,-0.05
0.01,0.4,-0.04
0.02,0.4,-0.04
0.02,0.4,-0.03
0.02,0.4,-0.03
0.03,0.4,-0.03
0.03,0.4,-0.02
0.03,0.4,-0.02
0.03,0.4,-0.01
0.04,0.4,-0.01
0.04,0.4,-0.01
0.5,0.38,0.0
0.62,0.38,0.08
0.66,0.38,0.18
0.65,0.38,0.27
0.6,0.38,0.35
0.52,0.38,0.4
0.41,0.38,0.41
0.11,0.38,0.15
0.12,0.38,0.21
0.12,0.38,0.29
0.09,0.38,0.35
0.05,0.38,0.39
-0.0,0.38,0.42
-0.06,0.38,0.44
-0.12,0.38,0.44
-0.17,0.38,0.42
-0.22,0.38,0.38
-0.26,0.38,0.33
-0.28,0.38,0.28
-0.3,0.38,0.23
-0.3,0.38,0.17
-0.31,0.38,0.13
-0.31,0.38,0.08
-0.3,0.38,0.04
-0.29,0.38,-0.0
-0.27,0.38,-0.04
-0.25,0.38,-0.07
-0.23,0.38,-0.09
-0.2,0.38,-0.11
-0.17,0.38,-0.13
-0.13,0.38,-0.13
-0.1,0.38,-0.13
-0.07,0.38,-0.11
-0.04,0.38,-0.1
-0.02,0.38,-0.09
-0.01,0.38,-0.08
0.0,0.38,-0.07
0.01,0.38,-0.06
0.01,0.38,-0.05
0.02,0.38,-0.05
0.02,0.38,-0.04
0.03,0.38,-0.04
0.03,0.38,-0.03
0.04,0.38,-0.03
0.04,0.38,-0.02
0.04,0.38,-0.02
0.05,0.38,-0.01
0.05,0.38,-0.01
0.49,0.36,0.0
0.63,0.36,0.08
0.67,0.36,0.18
0.66,0.36,0.27
0.61,0.36,0.35
0.52,0.36,0.4
0.41,0.36,0.41
0.11,0.36,0.15
0.12,0.36,0.21
0.11,0.36,0.28
0.09,0.36,0.34
0.05,0.36,0.39
-0.0,0.36,0.42
-0.06,0.36,0.43
-0.12,0.36,0.43
-0.17,0.36,0.41
-0.22,0.36,0.38
-0.25,0.36,0.33
-0.28,0.36,0.28
-0.3,0.36,0.23
-0.31,0.36,0.18
-0.31,0.36,0.13
-0.31,0.36,0.08
-0.31,0.36,0.04
-0.3,0.36,-0.0
-0.29,0.36,-0.04
-0.27,0.36,-0.07
-0.25,0.36,-0.1
-0.22,0.36,-0.13
-0.19,0.36,-0.14
-0.15,0.36,-0.15
-0.11,0.36,-0.15
-0.08,0.36,-0.14
-0.05,0.36,-0.13
-0.03,0.36,-0.11
-0.01,0.36,-0.1
0.0,0.36,-0.08
0.01,0.36,-0.07
0.02,0.36,-0.06
0.02,0.36,-0.06
0.03,0.36,-0.05
0.03,0.36,-0.04
0.04,0.36,-0.04
0.04,0.36,-0.03
0.05,0.36,-0.03
0.05,0.36,-0.02
0.05,0.36,-0.01
0.06,0.36,-0.01
0.49,0.34,0.0
0.63,0.34,0.08
0.67,0.34,0.18
0.67,0.34,0.28
0.62,0.34,0.36
0.53,0.34,0.41
0.41,0.34,0.41
0.11,0.34,0.14
0.11,0.34,0.2
0.11,0.34,0.27
0.09,0.34,0.33
0.05,0.34,0.38
-0.0,0.34,0.41
-0.06,0.34,0.43
-0.11,0.34,0.43
-0.17,0.34,0.41
-0.22,0.34,0.37
-0.25,0.34,0.33
-0.28,0.34,0.28
-0.29,0.34,0.23
-0.31,0.34,0.18
-0.31,0.34,0.13
-0.32,0.34,0.08
-0.32,0.34,0.04
-0.31,0.34,-0.0
-0.3,0.34,-0.04
-0.28,0.34,-0.08
-0.26,0.34,-0.11
-0.24,0.34,-0.14
-0.2,0.34,-0.16
-0.17,0.34,-0.17
-0.13,0.34,-0.17
-0.09,0.34,-0.16
-0.06,0.34,-0.15
-0.03,0.34,-0.13
-0.01,0.34,-0.11
0.0,0.34,-0.1
0.01,0.34,-0.09
0.02,0.34,-0.08
0.03,0.34,-0.07
0.03,0.34,-0.06
0.04,0.34,-0.05
0.04,0.34,-0.04
0.05,0.34,-0.04
0.05,0.34,-0.03
0.06,0.34,-0.02
0.06,0.34,-0.02
0.06,0.34,-0.01
0.49,0.32,-0.0
0.64,0.32,0.08
0.68,0.32,0.18
0.67,0.32,0.28
0.62,0.32,0.36
0.53,0.32,0.41
0.41,0.32,0.41
0.11,0.32,0.14
0.11,0.32,0.19
0.1,0.32,0.25
0.08,0.32,0.32
0.05,0.32,0.37
-0.0,0.32,0.4
-0.06,0.32,0.42
-0.11,0.32,0.42
-0.17,0.32,0.4
-0.21,0.32,0.36
-0.25,0.32,0.32
-0.27,0.32,0.27
-0.29,0.32,0.22
-0.31,0.32,0.18
-0.32,0.32,0.13
-0.32,0.32,0.09
-0.32,0.32,0.04
-0.32,0.32,-0.0
-0.31,0.32,-0.04
-0.3,0.32,-0.08
-0.28,0.32,-0.12
-0.25,0.32,-0.15
-0.22,0.32,-0.17
-0.19,0.32,-0.19
-0.15,0.32,-0.19
-0.11,0.32,-0.19
-0.07,0.32,-0.17
-0.04,0.32,-0.15
-0.02,0.32,-0.13
0.0,0.32,-0.11
0.01,0.32,-0.1
0.02,0.32,-0.09
0.03,0.32,-0.07
0.04,0.32,-0.06
0.04,0.32,-0.06
0.05,0.32,-0.05
0.05,0.32,-0.04
0.06,0.32,-0.03
0.06,0.32,-0.02
0.06,0.32,-0.02
0.07,0.32,-0.01
0.48,0.31,0.0
0.64,0.31,0.08
0.69,0.31,0.18
0.68,0.31,0.28
0.63,0.31,0.36
0.53,0.31,0.41
0.41,0.31,0.41
0.1,0.31,0.13
0.1,0.31,0.18
0.1,0.31,0.24
0.08,0.31,0.3
0.05,0.31,0.35
-0.0,0.31,0.39
-0.05,0.31,0.41
-0.11,0.31,0.41
-0.16,0.31,0.39
-0.21,0.31,0.36
-0.24,0.31,0.31
-0.27,0.31,0.27
-0.29,0.31,0.22
-0.31,0.31,0.18
-0.32,0.31,0.13
-0.32,0.31,0.09
-0.33,0.31,0.04
-0.32,0.31,-0.0
-0.32,0.31,-0.04
-0.31,0.31,-0.08
-0.29,0.31,-0.12
-0.27,0.31,-0.16
-0.24,0.31,-0.18
-0.2,0.31,-0.2
-0.16,0.31,-0.21
-0.12,0.31,-0.21
-0.08,0.31,-0.19
-0.05,0.31,-0.17
-0.02,0.31,-0.15
0.0,0.31,-0.13
0.02,0.31,-0.11
0.03,0.31,-0.1
0.03,0.31,-0.08
0.04,0.31,-0.07
0.05,0.31,-0.06
0.05,0.31,-0.05
0.06,0.31,-0.04
0.06,0.31,-0.03
0.06,0.31,-0.03
0.07,0.31,-0.02
0.07,0.31,-0.01
0.08,0.29,-0.0
0.65,0.29,0.09
0.69,0.29,0.19
0.69,0.29,0.28
0.63,0.29,0.36
0.54,0.29,0.41
0.41,0.29,0.41
0.1,0.29,0.13
0.1,0.29,0.17
0.09,0.29,0.22
0.08,0.29,0.28
0.04,0.29,0.34
-0.0,0.29,0.37
-0.05,0.29,0.39
-0.11,0.29,0.39
-0.16,0.29,0.38
-0.2,0.29,0.34
-0.24,0.29,0.31
-0.27,0.29,0.26
-0.29,0.29,0.22
-0.31,0.29,0.18
-0.32,0.29,0.13
-0.33,0.29,0.09
-0.33,0.29,0.04
-0.33,0.29,-0.0
-0.33,0.29,-0.04
-0.32,0.29,-0.09
-0.3,0.29,-0.13
-0.28,0.29,-0.16
-0.25,0.29,-0.2
-0.22,0.29,-0.22
-0.18,0.29,-0.23
-0.13,0.29,-0.23
-0.09,0.29,-0.22
-0.05,0.29,-0.19
-0.02,0.29,-0.17
0.0,0.29,-0.14
0.02,0.29,-0.12
0.03,0.29,-0.11
0.04,0.29,-0.09
0.04,0.29,-0.08
0.05,0.29,-0.07
0.06,0.29,-0.05
0.06,0.29,-0.05
0.06,0.29,-0.04
0.07,0.29,-0.03
0.07,0.29,-0.02
0.07,0.29,-0.01
0.08,0.27,-0.0
0.65,0.27,0.09
0.7,0.27,0.19
0.69,0.27,0.29
0.64,0.27,0.37
0.54,0.27,0.42
0.41,0.27,0.41
0.09,0.27,0.12
0.09,0.27,0.16
0.09,0.27,0.21
0.07,0.27,0.26
0.04,0.27,0.31
-0.0,0.27,0.35
-0.05,0.27,0.38
-0.1,0.27,0.38
-0.15,0.27,0.36
-0.19,0.27,0.33
-0.23,0.27,0.3
-0.26,0.27,0.26
-0.28,0.27,0.22
-0.3,0.27,0.17
-0.32,0.27,0.13
-0.33,0.27,0.09
-0.33,0.27,0.04
-0.34,0.27,-0.0
-0.33,0.27,-0.04
-0.33,0.27,-0.09
-0.31,0.27,-0.13
-0.3,0.27,-0.17
-0.27,0.27,-0.21
-0.23,0.27,-0.24
-0.19,0.27,-0.25
-0.15,0.27,-0.25
-0.1,0.27,-0.24
-0.06,0.27,-0.22
-0.02,0.27,-0.19
0.0,0.27,-0.16
0.02,0.27,-0.13
0.03,0.27,-0.11
0.04,0.27,-0.1
0.05,0.27,-0.08
0.05,0.27,-0.07
0.06,0.27,-0.06
0.06,0.27,-0.05
0.07,0.27,-0.04
0.07,0.27,-0.03
0.07,0.27,-0.02
0.08,0.27,-0.01
0.08,0.25,-0.0
0.66,0.25,0.09
0.71,0.25,0.19
0.7,0.25,0.29
0.64,0.25,0.37
0.54,0.25,0.42
0.4,0.25,0.4
0.09,0.25,0.12
0.09,0.25,0.15
0.08,0.25,0.19
0.06,0.25,0.24
0.04,0.25,0.29
-0.0,0.25,0.33
-0.05,0.25,0.35
-0.1,0.25,0.36
-0.14,0.25,0.35
-0.19,0.25,0.32
-0.22,0.25,0.29
-0.25,0.25,0.25
-0.28,0.25,0.21
-0.3,0.25,0.17
-0.32,0.25,0.13
-0.33,0.25,0.09
-0.34,0.25,0.04
-0.34,0.25,-0.0
-0.34,0.25,-0.05
-0.34,0.25,-0.09
-0.33,0.25,-0.14
-0.31,0.25,-0.18
-0.28,0.25,-0.22
-0.25,0.25,-0.25
-0.21,0.25,-0.27
-0.16,0.25,-0.27
-0.11,0.25,-0.26
-0.06,0.25,-0.23
-0.03,0.25,-0.2
0.0,0.25,-0.17
0.02,0.25,-0.14
0.03,0.25,-0.12
0.04,0.25,-0.1
0.05,0.25,-0.08
0.05,0.25,-0.07
0.06,0.25,-0.06
0.06,0.25,-0.05
0.07,0.25,-0.04
0.07,0.25,-0.03
0.07,0.25,-0.02
0.07,0.25,-0.01
0.08,0.23,-0.0
0.66,0.23,0.09
0.71,0.23,0.19
0.7,0.23,0.29
0.65,0.23,0.38
0.55,0.23,0.42
0.41,0.23,0.41
0.08,0.23,0.11
0.08,0.23,0.14
0.07,0.23,0.18
0.06,0.23,0.22
0.04,0.23,0.27
-0.0,0.23,0.32
-0.05,0.23,0.34
-0.1,0.23,0.35
-0.14,0.23,0.34
-0.19,0.23,0.32
-0.22,0.23,0.29
-0.26,0.23,0.25
-0.28,0.23,0.22
-0.3,0.23,0.17
-0.32,0.23,0.13
-0.33,0.23,0.09
-0.34,0.23,0.04
-0.35,0.23,-0.0
-0.35,0.23,-0.05
-0.35,0.23,-0.09
-0.34,0.23,-0.14
-0.32,0.23,-0.19
-0.3,0.23,-0.23
-0.26,0.23,-0.26
-0.22,0.23,-0.29
-0.17,0.23,-0.29
-0.12,0.23,-0.28
-0.07,0.23,-0.26
-0.03,0.23,-0.22
0.0,0.23,-0.18
0.02,0.23,-0.15
0.03,0.23,-0.12
0.04,0.23,-0.1
0.05,0.23,-0.09
0.05,0.23,-0.07
0.06,0.23,-0.06
0.06,0.23,-0.05
0.07,0.23,-0.04
0.07,0.23,-0.03
0.07,0.23,-0.02
0.07,0.23,-0.01
0.08,0.22,-0.0
0.68,0.22,0.09
0.73,0.22,0.2
0.72,0.22,0.3
0.66,0.22,0.38
0.55,0.22,0.43
0.39,0.22,0.39
0.08,0.22,0.1
0.07,0.22,0.13
0.07,0.22,0.16
0.05,0.22,0.2
0.03,0.22,0.24
-0.0,0.22,0.27
-0.04,0.22,0.29
-0.08,0.22,0.3
-0.13,0.22,0.3
-0.17,0.22,0.29
-0.2,0.22,0.27
-0.24,0.22,0.24
-0.27,0.22,0.2
-0.29,0.22,0.17
-0.31,0.22,0.13
-0.33,0.22,0.09
-0.34,0.22,0.04
-0.35,0.22,-0.0
-0.35,0.22,-0.05
-0.35,0.22,-0.1
-0.35,0.22,-0.14
-0.33,0.22,-0.19
-0.31,0.22,-0.24
-0.27,0.22,-0.27
-0.23,0.22,-0.3
-0.17,0.22,-0.3
-0.12,0.22,-0.3
-0.07,0.22,-0.28
-0.03,0.22,-0.24
0.0,0.22,-0.2
0.02,0.22,-0.16
0.04,0.22,-0.13
0.05,0.22,-0.11
0.05,0.22,-0.09
0.06,0.22,-0.08
0.06,0.22,-0.06
0.07,0.22,-0.05
0.07,0.22,-0.04
0.07,0.22,-0.03
0.07,0.22,-0.02
0.07,0.22,-0.01
0.07,0.2,0.0
0.68,0.2,0.09
0.73,0.2,0.2
0.72,0.2,0.3
0.66,0.2,0.38
0.55,0.2,0.43
0.39,0.2,0.39
0.07,0.2,0.09
0.07,0.2,0.12
0.06,0.2,0.15
0.05,0.2,0.18
0.03,0.2,0.22
-0.0,0.2,0.26
-0.04,0.2,0.28
-0.08,0.2,0.29
-0.12,0.2,0.29
-0.16,0.2,0.28
-0.2,0.2,0.26
-0.23,0.2,0.23
-0.26,0.2,0.2
-0.29,0.2,0.16
-0.31,0.2,0.13
-0.32,0.2,0.09
-0.34,0.2,0.04
-0.35,0.2,-0.0
-0.35,0.2,-0.05
-0.36,0.2,-0.1
-0.35,0.2,-0.15
-0.34,0.2,-0.2
-0.31,0.2,-0.24
-0.28,0.2,-0.28
-0.23,0.2,-0.31
-0.18,0.2,-0.32
-0.13,0.2,-0.31
-0.08,0.2,-0.29
-0.03,0.2,-0.26
0.0,0.2,-0.21
0.02,0.2,-0.17
0.04,0.2,-0.14
0.05,0.2,-0.12
0.05,0.2,-0.09
0.06,0.2,-0.08
0.06,0.2,-0.06
0.07,0.2,-0.05
0.07,0.2,-0.04
0.07,0.2,-0.03
0.07,0.2,-0.02
0.07,0.2,-0.01
0.07,0.18,0.0
0.68,0.18,0.09
0.73,0.18,0.2
0.72,0.18,0.3
0.66,0.18,0.38
0.56,0.18,0.43
0.39,0.18,0.39
0.06,0.18,0.08
0.06,0.18,0.11
0.05,0.18,0.13
0.04,0.18,0.16
0.03,0.18,0.2
-0.0,0.18,0.23
-0.03,0.18,0.26
-0.07,0.18,0.27
-0.11,0.18,0.27
-0.15,0.18,0.27
-0.19,0.18,0.25
-0.22,0.18,0.22
-0.25,0.18,0.19
-0.28,0.18,0.16
-0.3,0.18,0.12
-0.32,0.18,0.09
-0.34,0.18,0.04
-0.35,0.18,-0.0
-0.36,0.18,-0.05
-0.36,0.18,-0.1
-0.36,0.18,-0.15
-0.35,0.18,-0.2
-0.32,0.18,-0.25
-0.28,0.18,-0.29
-0.24,0.18,-0.31
-0.19,0.18,-0.33
-0.13,0.18,-0.32
-0.08,0.18,-0.3
-0.03,0.18,-0.27
0.0,0.18,-0.23
0.02,0.18,-0.18
0.04,0.18,-0.15
0.05,0.18,-0.12
0.06,0.18,-0.09
0.06,0.18,-0.08
0.06,0.18,-0.06
0.06,0.18,-0.05
0.07,0.18,-0.04
0.07,0.18,-0.03
0.07,0.18,-0.02
0.07,0.18,-0.01
0.06,0.16,0.0
0.69,0.16,0.09
0.74,0.16,0.2
0.73,0.16,0.3
0.67,0.16,0.39
0.56,0.16,0.43
0.37,0.16,0.37
0.06,0.16,0.08
0.05,0.16,0.09
0.05,0.16,0.12
0.04,0.16,0.14
0.02,0.16,0.17
-0.0,0.16,0.2
-0.03,0.16,0.23
-0.07,0.16,0.25
-0.11,0.16,0.25
-0.14,0.16,0.25
-0.18,0.16,0.24
-0.22,0.16,0.21
-0.25,0.16,0.19
-0.27,0.16,0.16
-0.3,0.16,0.12
-0.32,0.16,0.08
-0.34,0.16,0.04
-0.35,0.16,-0.0
-0.36,0.16,-0.05
-0.37,0.16,-0.1
-0.37,0.16,-0.15
-0.35,0.16,-0.21
-0.33,0.16,-0.25
-0.29,0.16,-0.29
-0.24,0.16,-0.32
-0.19,0.16,-0.33
-0.14,0.16,-0.33
-0.08,0.16,-0.31
-0.04,0.16,-0.28
0.0,0.16,-0.24
0.03,0.16,-0.19
0.04,0.16,-0.15
0.05,0.16,-0.12
0.06,0.16,-0.09
0.06,0.16,-0.08
0.06,0.16,-0.06
0.06,0.16,-0.05
0.06,0.16,-0.04
0.06,0.16,-0.03
0.06,0.16,-0.02
0.06,0.16,-0.01
0.06,0.14,-0.0
0.69,0.14,0.09
0.75,0.14,0.2
0.74,0.14,0.3
0.67,0.14,0.39
0.56,0.14,0.43
0.05,0.14,0.05
0.05,0.14,0.07
0.05,0.14,0.08
0.04,0.14,0.1
0.03,0.14,0.12
0.02,0.14,0.15
-0.0,0.14,0.18
-0.03,0.14,0.2
-0.06,0.14,0.22
-0.1,0.14,0.23
-0.13,0.14,0.23
-0.17,0.14,0.22
-0.21,0.14,0.2
-0.24,0.14,0.18
-0.27,0.14,0.15
-0.29,0.14,0.12
-0.31,0.14,0.08
-0.33,0.14,0.04
-0.35,0.14,-0.0
-0.36,0.14,-0.05
-0.37,0.14,-0.1
-0.37,0.14,-0.15
-0.36,0.14,-0.21
-0.33,0.14,-0.26
-0.29,0.14,-0.29
-0.25,0.14,-0.32
-0.19,0.14,-0.34
-0.14,0.14,-0.34
-0.08,0.14,-0.32
-0.04,0.14,-0.29
0.0,0.14,-0.25
0.03,0.14,-0.2
0.04,0.14,-0.15
0.05,0.14,-0.12
0.05,0.14,-0.09
0.06,0.14,-0.07
0.06,0.14,-0.06
0.06,0.14,-0.05
0.06,0.14,-0.03
0.06,0.14,-0.02
0.06,0.14,-0.02
0.06,0.14,-0.01
0.05,0.13,0.0
0.7,0.13,0.09
0.75,0.13,0.2
0.74,0.13,0.31
0.68,0.13,0.39
0.57,0.13,0.44
0.05,0.13,0.05
0.04,0.13,0.06
0.04,0.13,0.07
0.03,0.13,0.08
0.03,0.13,0.1
0.02,0.13,0.12
-0.0,0.13,0.15
-0.02,0.13,0.18
-0.05,0.13,0.2
-0.09,0.13,0.21
-0.12,0.13,0.21
-0.16,0.13,0.21
-0.19,0.13,0.19
-0.23,0.13,0.17
-0.26,0.13,0.15
-0.28,0.13,0.12
-0.31,0.13,0.08
-0.33,0.13,0.04
-0.35,0.13,-0.0
-0.36,0.13,-0.05
-0.37,0.13,-0.1
-0.37,0.13,-0.16
-0.36,0.13,-0.21
-0.33,0.13,-0.26
-0.29,0.13,-0.3
-0.25,0.13,-0.32
-0.19,0.13,-0.34
-0.14,0.13,-0.34
-0.09,0.13,-0.32
-0.04,0.13,-0.29
0.0,0.13,-0.25
0.03,0.13,-0.2
0.04,0.13,-0.15
0.05,0.13,-0.12
0.05,0.13,-0.09
0.05,0.13,-0.07
0.05,0.13,-0.05
0.06,0.13,-0.04
0.06,0.13,-0.03
0.05,0.13,-0.02
0.05,0.13,-0.01
0.05,0.13,-0.01
0.05,0.11,-0.0
0.7,0.11,0.09
0.75,0.11,0.2
0.74,0.11,0.31
0.68,0.11,0.39
0.57,0.11,0.44
0.04,0.11,0.04
0.04,0.11,0.05
0.03,0.11,0.06
0.03,0.11,0.07
0.02,0.11,0.08
0.01,0.11,0.1
-0.0,0.11,0.12
-0.02,0.11,0.15
-0.05,0.11,0.17
-0.08,0.11,0.18
-0.11,0.11,0.19
-0.15,0.11,0.19
-0.18,0.11,0.18
-0.21,0.11,0.16
-0.25,0.11,0.14
-0.27,0.11,0.11
-0.3,0.11,0.08
-0.32,0.11,0.04
-0.34,0.11,-0.0
-0.36,0.11,-0.05
-0.37,0.11,-0.1
-0.37,0.11,-0.16
-0.36,0.11,-0.21
-0.33,0.11,-0.26
-0.3,0.11,-0.3
-0.25,0.11,-0.33
-0.2,0.11,-0.34
-0.14,0.11,-0.34
-0.09,0.11,-0.33
-0.04,0.11,-0.3
0.0,0.11,-0.26
0.03,0.11,-0.2
0.04,0.11,-0.15
0.05,0.11,-0.11
0.05,0.11,-0.09
0.05,0.11,-0.06
0.05,0.11,-0.05
0.05,0.11,-0.04
0.05,0.11,-0.03
0.05,0.11,-0.02
0.05,0.11,-0.01
0.05,0.11,-0.01
0.04,0.09,-0.0
0.7,0.09,0.09
0.75,0.09,0.2
0.74,0.09,0.31
0.68,0.09,0.39
0.57,0.09,0.44
0.03,0.09,0.03
0.03,0.09,0.04
0.03,0.09,0.04
0.02,0.09,0.05
0.02,0.09,0.06
0.01,0.09,0.08
-0.0,0.09,0.1
-0.02,0.09,0.12
-0.04,0.09,0.14
-0.06,0.09,0.16
-0.1,0.09,0.17
-0.13,0.09,0.17
-0.17,0.09,0.17
-0.2,0.09,0.15
-0.23,0.09,0.13
-0.26,0.09,0.11
-0.29,0.09,0.08
-0.32,0.09,0.04
-0.34,0.09,-0.0
-0.36,0.09,-0.05
-0.37,0.09,-0.1
-0.37,0.09,-0.16
-0.36,0.09,-0.21
-0.33,0.09,-0.26
-0.3,0.09,-0.3
-0.25,0.09,-0.33
-0.2,0.09,-0.34
-0.14,0.09,-0.34
-0.09,0.09,-0.33
-0.04,0.09,-0.3
0.0,0.09,-0.26
0.03,0.09,-0.2
0.04,0.09,-0.15
0.04,0.09,-0.11
0.05,0.09,-0.08
0.04,0.09,-0.06
0.04,0.09,-0.04
0.04,0.09,-0.03
0.04,0.09,-0.02
0.04,0.09,-0.02
0.04,0.09,-0.01
0.04,0.09,-0.0
0.03,0.07,-0.0
0.7,0.07,0.09
0.75,0.07,0.2
0.74,0.07,0.31
0.68,0.07,0.39
0.57,0.07,0.44
0.02,0.07,0.02
0.02,0.07,0.02
0.02,0.07,0.03
0.01,0.07,0.04
0.01,0.07,0.04
0.01,0.07,0.05
-0.0,0.07,0.07
-0.01,0.07,0.08
-0.03,0.07,0.1
-0.05,0.07,0.12
-0.08,0.07,0.14
-0.12,0.07,0.15
-0.15,0.07,0.15
-0.18,0.07,0.14
-0.22,0.07,0.13
-0.25,0.07,0.1
-0.28,0.07,0.07
-0.31,0.07,0.04
-0.33,0.07,-0.0
-0.36,0.07,-0.05
-0.37,0.07,-0.1
-0.37,0.07,-0.16
-0.36,0.07,-0.21
-0.33,0.07,-0.26
-0.29,0.07,-0.3
-0.25,0.07,-0.32
-0.19,0.07,-0.34
-0.14,0.07,-0.34
-0.09,0.07,-0.32
-0.04,0.07,-0.29
0.0,0.07,-0.25
0.03,0.07,-0.2
0.04,0.07,-0.14
0.04,0.07,-0.1
0.04,0.07,-0.07
0.04,0.07,-0.05
0.03,0.07,-0.03
0.03,0.07,-0.03
0.03,0.07,-0.02
0.03,0.07,-0.01
0.03,0.07,-0.01
0.03,0.07,-0.0
0.02,0.05,-0.0
0.7,0.05,0.09
0.75,0.05,0.2
0.74,0.05,0.31
0.67,0.05,0.39
0.56,0.05,0.43
0.01,0.05,0.01
0.01,0.05,0.01
0.01,0.05,0.02
0.01,0.05,0.02
0.01,0.05,0.02
0.0,0.05,0.03
-0.0,0.05,0.04
-0.01,0.05,0.05
-0.02,0.05,0.06
-0.04,0.05,0.09
-0.06,0.05,0.11
-0.09,0.05,0.12
-0.13,0.05,0.13
-0.17,0.05,0.13
-0.2,0.05,0.12
-0.24,0.05,0.1
-0.27,0.05,0.07
-0.3,0.05,0.04
-0.33,0.05,-0.0
-0.35,0.05,-0.05
-0.37,0.05,-0.1
-0.37,0.05,-0.15
-0.36,0.05,-0.21
-0.33,0.05,-0.26
-0.29,0.05,-0.29
-0.25,0.05,-0.32
-0.19,0.05,-0.34
-0.14,0.05,-0.33
-0.08,0.05,-0.32
-0.04,0.05,-0.29
0.0,0.05,-0.25
0.03,0.05,-0.19
0.04,0.05,-0.13
0.03,0.05,-0.08
0.03,0.05,-0.05
0.03,0.05,-0.03
0.02,0.05,-0.02
0.02,0.05,-0.02
0.02,0.05,-0.01
0.02,0.05,-0.01
0.02,0.05,-0.0
0.02,0.05,-0.0
0.0,0.04,-0.0
0.69,0.04,0.09
0.74,0.04,0.2
0.73,0.04,0.3
0.67,0.04,0.39
0.56,0.04,0.43
0.0,0.04,0.0
0.0,0.04,0.0
0.0,0.04,0.0
0.0,0.04,0.0
0.0,0.04,0.0
0.0,0.04,0.0
-0.0,0.04,0.01
-0.0,0.04,0.01
-0.0,0.04,0.01
-0.01,0.04,0.03
-0.03,0.04,0.06
-0.07,0.04,0.09
-0.1,0.04,0.1
-0.14,0.04,0.11
-0.18,0.04,0.1
-0.22,0.04,0.09
-0.25,0.04,0.07
-0.29,0.04,0.04
-0.32,0.04,-0.0
-0.35,0.04,-0.05
-0.36,0.04,-0.1
-0.36,0.04,-0.15
-0.35,0.04,-0.21
-0.33,0.04,-0.25
-0.29,0.04,-0.29
-0.24,0.04,-0.32
-0.19,0.04,-0.33
-0.14,0.04,-0.33
-0.08,0.04,-0.31
-0.04,0.04,-0.28
0.0,0.04,-0.24
0.02,0.04,-0.18
0.03,0.04,-0.11
0.02,0.04,-0.04
0.01,0.04,-0.02
0.01,0.04,-0.01
0.0,0.04,-0.0
0.0,0.04,-0.0
0.0,0.04,-0.0
0.0,0.04,-0.0
0.0,0.04,-0.0
0.0,0.04,-0.0
-0.01,0.02,-0.0
0.68,0.02,0.09
0.74,0.02,0.2
0.73,0.02,0.3
0.66,0.02,0.38
0.55,0.02,0.42
-0.01,0.02,-0.01
-0.01,0.02,-0.01
-0.01,0.02,-0.01
-0.01,0.02,-0.01
-0.0,0.02,-0.02
-0.0,0.02,-0.02
0.0,0.02,-0.03
0.01,0.02,-0.04
1.3,0.02,-4.83
1.92,0.02,-4.62
2.51,0.02,-4.33
3.05,0.02,-3.96
3.54,0.02,-3.53
-0.11,0.02,0.08
-0.15,0.02,0.09
-0.2,0.02,0.08
-0.24,0.02,0.06
-0.27,0.02,0.04
-0.31,0.02,-0.0
-0.34,0.02,-0.05
-0.36,0.02,-0.1
-0.36,0.02,-0.15
-0.35,0.02,-0.2
-0.32,0.02,-0.25
-0.28,0.02,-0.29
-0.24,0.02,-0.31
-0.19,0.02,-0.32
-0.13,0.02,-0.32
-0.08,0.02,-0.3
-0.03,0.02,-0.27
0.0,0.02,-0.23
0.02,0.02,-0.16
-1.31,0.02,4.82
-1.93,0.02,4.61
-2.52,0.02,4.32
-3.06,0.02,3.95
-3.55,0.02,3.52
-0.02,0.02,0.02
-0.02,0.02,0.01
-0.02,0.02,0.01
