-4.96,2.0,-0.65
-4.83,2.0,-1.3
-4.62,2.0,-1.91
-4.33,2.0,-2.5
-3.97,2.0,-3.05
-3.53,2.0,-3.54
-3.04,2.0,-3.97
-2.5,2.0,-4.33
-1.91,2.0,-4.62
-1.29,2.0,-4.83
-0.65,2.0,-4.96
0.01,2.0,-5.0
0.66,2.0,-4.96
1.3,2.0,-4.83
1.92,2.0,-4.62
2.51,2.0,-4.33
3.05,2.0,-3.96
3.54,2.0,-3.53
3.97,2.0,-3.04
4.34,2.0,-2.49
4.62,2.0,-1.9
4.83,2.0,-1.28
4.96,2.0,-0.64
5.0,2.0,0.01
4.96,2.0,0.67
4.83,2.0,1.31
4.61,2.0,1.93
4.32,2.0,2.51
3.96,2.0,3.06
3.52,2.0,3.55
3.03,2.0,3.98
2.49,2.0,4.34
1.9,2.0,4.63
1.28,2.0,4.83
0.64,2.0,4.96
-0.02,2.0,5.0
-0.67,2.0,4.95
-1.31,2.0,4.82
-1.93,2.0,4.61
-2.52,2.0,4.32
-3.06,2.0,3.95
-3.55,2.0,3.52
-3.98,2.0,3.03
-4.34,2.0,2.48
-4.63,2.0,1.89
-4.84,2.0,1.27
-4.96,2.0,0.63
-5.0,1.98,0.0
-4.96,1.98,-0.65
-4.83,1.98,-1.3
-4.62,1.98,-1.91
-4.33,1.98,-2.5
-3.97,1.98,-3.05
-3.53,1.98,-3.54
-3.04,1.98,-3.97
-2.5,1.98,-4.33
-1.91,1.98,-4.62
-1.29,1.98,-4.83
-0.65,1.98,-4.96
0.01,1.98,-5.0
0.66,1.98,-4.96
1.3,1.98,-4.83
1.92,1.98,-4.62
2.51,1.98,-4.33
3.05,1.98,-3.96
3.54,1.98,-3.53
3.97,1.98,-3.04
4.34,1.98,-2.49
4.62,1.98,-1.9
4.83,1.98,-1.28
4.96,1.98,-0.64
5.0,1.98,0.01
4.96,1.98,0.67
4.83,1.98,1.31
4.61,1.98,1.93
4.32,1.98,2.51
3.96,1.98,3.06
3.52,1.98,3.55
3.03,1.98,3.98
2.49,1.98,4.34
1.9,1.98,4.63
1.28,1.98,4.83
0.64,1.98,4.96
-0.02,1.98,5.0
-0.67,1.98,4.95
-1.31,1.98,4.82
-1.93,1.98,4.61
-2.52,1.98,4.32
-3.06,1.98,3.95
-3.55,1.98,3.52
-3.98,1.98,3.03
-4.34,1.98,2.48
-4.63,1.98,1.89
-4.84,1.98,1.27
-4.96,1.98,0.63
-5.0,1.96,0.0
-4.96,1.96,-0.65
-4.83,1.96,-1.3
-4.62,1.96,-1.91
-4.33,1.96,-2.5
-3.97,1.96,-3.05
-3.53,1.96,-3.54
-3.04,1.96,-3.97
-2.5,1.96,-4.33
-1.91,1.96,-4.62
-1.29,1.96,-4.83
-0.65,1.96,-4.96
0.01,1.96,-5.0
0.66,1.96,-4.96
1.3,1.96,-4.83
1.92,1.96,-4.62
2.51,1.96,-4.33
3.05,1.96,-3.96
3.54,1.96,-3.53
3.97,1.96,-3.04
4.34,1.96,-2.49
4.62,1.96,-1.9
4.83,1.96,-1.28
4.96,1.96,-0.64
5.0,1.96,0.01
4.96,1.96,0.67
4.83,1.96,1.31
4.61,1.96,1.93
4.32,1.96,2.51
3.96,1.96,3.06
3.52,1.96,3.55
3.03,1.96,3.98
2.49,1.96,4.34
1.9,1.96,4.63
1.28,1.96,4.83
0.64,1.96,4.96
-0.02,1.96,5.0
-0.67,1.96,4.95
-1.31,1.96,4.82
-1.93,1.96,4.61
-2.52,1.96,4.32
-3.06,1.96,3.95
-3.55,1.96,3.52
-3.98,1.96,3.03
-4.34,1.96,2.48
-4.63,1.96,1.89
-4.84,1.96,1.27
-4.96,1.96,0.63
-5.0,1.94,0.0
-4.96,1.94,-0.65
-4.83,1.94,-1.3
-4.62,1.94,-1.91
-4.33,1.94,-2.5
-3.97,1.94,-3.05
-3.53,1.94,-3.54
-3.04,1.94,-3.97
-2.5,1.94,-4.33
-1.91,1.94,-4.62
-1.29,1.94,-4.83
-0.65,1.94,-4.96
0.01,1.94,-5.0
0.66,1.94,-4.96
1.3,1.94,-4.83
1.92,1.94,-4.62
2.51,1.94,-4.33
3.05,1.94,-3.96
3.54,1.94,-3.53
3.97,1.94,-3.04
4.34,1.94,-2.49
4.62,1.94,-1.9
4.83,1.94,-1.28
4.96,1.94,-0.64
5.0,1.94,0.01
4.96,1.94,0.67
4.83,1.94,1.31
4.61,1.94,1.93
4.32,1.94,2.51
3.96,1.94,3.06
3.52,1.94,3.55
3.03,1.94,3.98
2.49,1.94,4.34
1.9,1.94,4.63
1.28,1.94,4.83
0.64,1.94,4.96
-0.02,1.94,5.0
-0.67,1.94,4.95
-1.31,1.94,4.82
-1.93,1.94,4.61
-2.52,1.94,4.32
-3.06,1.94,3.95
-3.55,1.94,3.52
-3.98,1.94,3.03
-4.34,1.94,2.48
-4.63,1.94,1.89
-4.84,1.94,1.27
-4.96,1.94,0.63
-5.0,1.92,0.0
-4.96,1.92,-0.65
-4.83,1.92,-1.3
-4.62,1.92,-1.91
-4.33,1.92,-2.5
-3.97,1.92,-3.05
-3.53,1.92,-3.54
-3.04,1.92,-3.97
-2.5,1.92,-4.33
-1.91,1.92,-4.62
-1.29,1.92,-4.83
-0.65,1.92,-4.96
0.01,1.92,-5.0
0.66,1.92,-4.96
1.3,1.92,-4.83
1.92,1.92,-4.62
2.51,1.92,-4.33
3.05,1.92,-3.96
3.54,1.92,-3.53
3.97,1.92,-3.04
4.34,1.92,-2.49
4.62,1.92,-1.9
4.83,1.92,-1.28
4.96,1.92,-0.64
5.0,1.92,0.01
4.96,1.92,0.67
4.83,1.92,1.31
4.61,1.92,1.93
4.32,1.92,2.51
3.96,1.92,3.06
3.52,1.92,3.55
3.03,1.92,3.98
2.49,1.92,4.34
1.9,1.92,4.63
1.28,1.92,4.83
0.64,1.92,4.96
-0.02,1.92,5.0
-0.67,1.92,4.95
-1.31,1.92,4.82
-1.93,1.92,4.61
-2.52,1.92,4.32
-3.06,1.92,3.95
-3.55,1.92,3.52
-3.98,1.92,3.03
-4.34,1.92,2.48
-4.63,1.92,1.89
-4.84,1.92,1.27
-4.96,1.92,0.63
-5.0,1.9,0.0
-4.96,1.9,-0.65
-4.83,1.9,-1.3
-4.62,1.9,-1.91
-4.33,1.9,-2.5
-3.97,1.9,-3.05
-3.53,1.9,-3.54
-3.04,1.9,-3.97
-2.5,1.9,-4.33
-1.91,1.9,-4.62
-1.29,1.9,-4.83
-0.65,1.9,-4.96
0.01,1.9,-5.0
0.66,1.9,-4.96
1.3,1.9,-4.83
1.92,1.9,-4.62
2.51,1.9,-4.33
3.05,1.9,-3.96
3.54,1.9,-3.53
3.97,1.9,-3.04
4.34,1.9,-2.49
4.62,1.9,-1.9
4.83,1.9,-1.28
4.96,1.9,-0.64
5.0,1.9,0.01
4.96,1.9,0.67
4.83,1.9,1.31
4.61,1.9,1.93
4.32,1.9,2.51
3.96,1.9,3.06
3.52,1.9,3.55
3.03,1.9,3.98
2.49,1.9,4.34
1.9,1.9,4.63
1.28,1.9,4.83
0.64,1.9,4.96
-0.02,1.9,5.0
-0.67,1.9,4.95
-1.31,1.9,4.82
-1.93,1.9,4.61
-2.52,1.9,4.32
-3.06,1.9,3.95
-3.55,1.9,3.52
-3.98,1.9,3.03
-4.34,1.9,2.48
-4.63,1.9,1.89
-4.84,1.9,1.27
-4.96,1.9,0.63
-5.0,1.88,0.0
-4.96,1.88,-0.65
-4.83,1.88,-1.3
-4.62,1.88,-1.91
-4.33,1.88,-2.5
-3.97,1.88,-3.05
-3.53,1.88,-3.54
-3.04,1.88,-3.97
-2.5,1.88,-4.33
-1.91,1.88,-4.62
-1.29,1.88,-4.83
-0.65,1.88,-4.96
0.01,1.88,-5.0
0.66,1.88,-4.96
1.3,1.88,-4.83
1.92,1.88,-4.62
2.51,1.88,-4.33
3.05,1.88,-3.96
3.54,1.88,-3.53
3.97,1.88,-3.04
4.34,1.88,-2.49
4.62,1.88,-1.9
4.83,1.88,-1.28
4.96,1.88,-0.64
5.0,1.88,0.01
4.96,1.88,0.67
4.83,1.88,1.31
4.61,1.88,1.93
4.32,1.88,2.51
3.96,1.88,3.06
3.52,1.88,3.55
3.03,1.88,3.98
2.49,1.88,4.34
1.9,1.88,4.63
1.28,1.88,4.83
0.64,1.88,4.96
-0.02,1.88,5.0
-0.67,1.88,4.95
-1.31,1.88,4.82
-1.93,1.88,4.61
-2.52,1.88,4.32
-3.06,1.88,3.95
-3.55,1.88,3.52
-3.98,1.88,3.03
-4.34,1.88,2.48
-4.63,1.88,1.89
-4.84,1.88,1.27
-4.96,1.88,0.63
-5.0,1.86,0.0
-4.96,1.86,-0.65
-4.83,1.86,-1.3
-4.62,1.86,-1.91
-4.33,1.86,-2.5
-3.97,1.86,-3.05
-3.53,1.86,-3.54
-3.04,1.86,-3.97
-2.5,1.86,-4.33
-1.91,1.86,-4.62
-1.29,1.86,-4.83
-0.65,1.86,-4.96
0.01,1.86,-5.0
0.66,1.86,-4.96
1.3,1.86,-4.83
1.92,1.86,-4.62
-0.07,1.86,0.12
-0.08,1.86,0.1
3.54,1.86,-3.53
3.97,1.86,-3.04
4.34,1.86,-2.49
4.62,1.86,-1.9
4.83,1.86,-1.28
4.96,1.86,-0.64
5.0,1.86,0.01
4.96,1.86,0.67
4.83,1.86,1.31
4.61,1.86,1.93
4.32,1.86,2.51
3.96,1.86,3.06
3.52,1.86,3.55
3.03,1.86,3.98
2.49,1.86,4.34
1.9,1.86,4.63
1.28,1.86,4.83
0.64,1.86,4.96
-0.02,1.86,5.0
-0.67,1.86,4.95
-1.31,1.86,4.82
-1.93,1.86,4.61
-0.05,1.86,0.09
-0.07,1.86,0.09
-3.55,1.86,3.52
-3.98,1.86,3.03
-4.34,1.86,2.48
-4.63,1.86,1.89
-4.84,1.86,1.27
-4.96,1.86,0.63
-5.0,1.84,0.0
-4.96,1.84,-0.65
-4.83,1.84,-1.3
-4.62,1.84,-1.91
-4.33,1.84,-2.5
-3.97,1.84,-3.05
-3.53,1.84,-3.54
-3.04,1.84,-3.97
-2.5,1.84,-4.33
-1.91,1.84,-4.62
-0.09,1.84,-0.33
-0.04,1.84,-0.32
-0.0,1.84,0.15
-0.02,1.84,0.17
-0.05,1.84,0.18
-0.08,1.84,0.18
-0.1,1.84,0.17
-0.12,1.84,0.16
-0.14,1.84,0.14
-0.16,1.84,0.12
-0.16,1.84,0.09
-0.13,1.84,0.05
4.83,1.84,-1.28
4.96,1.84,-0.64
5.0,1.84,0.01
4.96,1.84,0.67
4.83,1.84,1.31
4.61,1.84,1.93
4.32,1.84,2.51
3.96,1.84,3.06
3.52,1.84,3.55
3.03,1.84,3.98
2.49,1.84,4.34
1.9,1.84,4.63
-0.11,1.84,-0.43
-0.06,1.84,-0.46
0.0,1.84,-0.45
-0.01,1.84,0.06
-0.01,1.84,0.05
-0.02,1.84,0.04
-0.02,1.84,0.04
-0.03,1.84,0.04
-0.04,1.84,0.04
-0.04,1.84,0.03
-0.05,1.84,0.03
-0.07,1.84,0.03
-4.84,1.84,1.27
-4.96,1.84,0.63
-5.0,1.82,0.0
-4.96,1.82,-0.65
-4.83,1.82,-1.3
-4.62,1.82,-1.91
-4.33,1.82,-2.5
-3.97,1.82,-3.05
-3.53,1.82,-3.54
-3.04,1.82,-3.97
-2.5,1.82,-4.33
0.04,1.82,0.09
0.03,1.82,0.13
0.02,1.82,0.16
-0.0,1.82,0.19
-0.03,1.82,0.2
-0.06,1.82,0.21
-0.09,1.82,0.21
-0.11,1.82,0.2
-0.14,1.82,0.19
-0.17,1.82,0.17
-0.2,1.82,0.15
-0.23,1.82,0.13
-0.24,1.82,0.1
-0.21,1.82,0.06
-0.13,1.82,0.02
5.0,1.82,0.01
4.96,1.82,0.67
4.83,1.82,1.31
4.61,1.82,1.93
4.32,1.82,2.51
3.96,1.82,3.06
3.52,1.82,3.55
3.03,1.82,3.98
-0.21,1.82,-0.37
-0.18,1.82,-0.43
-0.12,1.82,-0.45
-0.06,1.82,-0.46
0.0,1.82,-0.44
-0.01,1.82,0.07
-0.02,1.82,0.06
-0.02,1.82,0.05
-0.03,1.82,0.05
-0.03,1.82,0.04
-0.04,1.82,0.04
-0.03,1.82,0.02
-0.04,1.82,0.02
-0.04,1.82,0.02
-0.05,1.82,0.01
-0.06,1.82,0.01
-0.04,1.8,-0.0
-0.05,1.8,-0.01
-4.83,1.8,-1.3
-4.62,1.8,-1.91
-0.02,1.8,-0.01
-0.02,1.8,-0.02
-3.53,1.8,-3.54
-3.04,1.8,-3.97
-0.2,1.8,-0.35
-0.14,1.8,-0.34
-0.09,1.8,-0.34
-0.05,1.8,-0.37
0.01,1.8,-5.0
-0.02,1.8,0.16
-0.05,1.8,0.18
-0.08,1.8,0.19
-0.11,1.8,0.19
-0.14,1.8,0.18
-0.18,1.8,0.18
-0.21,1.8,0.16
-0.26,1.8,0.15
-0.3,1.8,0.12
-0.3,1.8,0.08
-0.21,1.8,0.03
-0.1,1.8,-0.0
4.96,1.8,0.67
4.83,1.8,1.31
4.61,1.8,1.93
4.32,1.8,2.51
3.96,1.8,3.06
3.52,1.8,3.55
0.01,1.8,0.01
-0.23,1.8,-0.4
-0.18,1.8,-0.45
-0.12,1.8,-0.47
-0.06,1.8,-0.48
0.0,1.8,-0.49
0.06,1.8,-0.45
-0.0,1.8,0.01
-0.0,1.8,0.01
0.0,1.8,-0.0
0.0,1.8,-0.0
0.0,1.8,-0.0
0.0,1.8,-0.0
0.0,1.8,-0.0
0.0,1.8,-0.0
0.0,1.8,-0.0
0.0,1.8,-0.0
0.02,1.78,0.0
0.02,1.78,0.0
0.03,1.78,0.01
0.03,1.78,0.01
0.04,1.78,0.02
0.05,1.78,0.04
0.06,1.78,0.06
0.07,1.78,0.09
0.07,1.78,0.12
0.06,1.78,0.15
0.05,1.78,0.18
0.03,1.78,0.2
-0.0,1.78,0.22
-0.03,1.78,0.23
-0.06,1.78,0.24
-0.1,1.78,0.23
-0.13,1.78,0.23
-0.17,1.78,0.22
-0.21,1.78,0.21
-0.26,1.78,0.2
-0.31,1.78,0.18
-0.36,1.78,0.15
-0.39,1.78,0.1
-0.36,1.78,0.05
-0.24,1.78,-0.0
-0.15,1.78,-0.02
-0.1,1.78,-0.03
-0.07,1.78,-0.03
-0.05,1.78,-0.03
-0.03,1.78,-0.02
-0.02,1.78,-0.02
-0.34,1.78,-0.45
-0.27,1.78,-0.48
-0.2,1.78,-0.5
-0.14,1.78,-0.51
-0.07,1.78,-0.52
0.0,1.78,-0.51
0.06,1.78,-0.47
0.0,1.78,-0.01
0.0,1.78,-0.01
0.0,1.78,-0.01
0.01,1.78,-0.01
0.01,1.78,-0.01
0.01,1.78,-0.01
0.01,1.78,-0.01
0.01,1.78,-0.0
0.01,1.78,-0.0
0.01,1.78,-0.0
0.54,1.76,0.0
0.52,1.76,0.07
0.04,1.76,0.01
0.05,1.76,0.02
0.06,1.76,0.03
0.07,1.76,0.05
0.07,1.76,0.07
0.08,1.76,0.1
0.07,1.76,0.13
0.07,1.76,0.16
0.05,1.76,0.19
0.03,1.76,0.21
-0.0,1.76,0.23
-0.03,1.76,0.24
-0.07,1.76,0.25
-0.1,1.76,0.24
-0.14,1.76,0.24
-0.18,1.76,0.23
-0.22,1.76,0.22
-0.27,1.76,0.21
-0.33,1.76,0.19
-0.4,1.76,0.16
-0.46,1.76,0.12
-0.46,1.76,0.06
-0.33,1.76,-0.0
-0.19,1.76,-0.03
-0.12,1.76,-0.03
-0.08,1.76,-0.04
-0.06,1.76,-0.04
-0.05,1.76,-0.03
-0.43,1.76,-0.43
-0.36,1.76,-0.48
-0.29,1.76,-0.5
-0.21,1.76,-0.51
-0.14,1.76,-0.52
-0.07,1.76,-0.53
0.0,1.76,-0.52
0.06,1.76,-0.48
0.0,1.76,-0.02
0.01,1.76,-0.02
0.01,1.76,-0.02
0.01,1.76,-0.01
0.01,1.76,-0.01
0.02,1.76,-0.01
0.02,1.76,-0.01
0.02,1.76,-0.01
0.02,1.76,-0.01
0.5,1.76,-0.06
0.58,1.74,0.0
0.57,1.74,0.08
0.51,1.74,0.14
0.06,1.74,0.02
0.07,1.74,0.04
0.07,1.74,0.06
0.08,1.74,0.08
0.08,1.74,0.11
0.08,1.74,0.14
0.07,1.74,0.17
0.05,1.74,0.19
0.03,1.74,0.22
-0.0,1.74,0.24
-0.03,1.74,0.25
-0.07,1.74,0.25
-0.1,1.74,0.25
-0.14,1.74,0.25
-0.18,1.74,0.24
-0.23,1.74,0.23
-0.29,1.74,0.22
-0.36,1.74,0.2
-0.44,1.74,0.18
-0.52,1.74,0.14
-0.54,1.74,0.07
-0.42,1.74,-0.0
-0.24,1.74,-0.03
-0.15,1.74,-0.04
-0.1,1.74,-0.04
-0.07,1.74,-0.04
-0.52,1.74,-0.4
-0.47,1.74,-0.47
-0.38,1.74,-0.5
-0.3,1.74,-0.52
-0.22,1.74,-0.53
-0.14,1.74,-0.53
-0.07,1.74,-0.54
0.0,1.74,-0.53
0.07,1.74,-0.49
0.1,1.74,-0.37
0.01,1.74,-0.02
0.01,1.74,-0.02
0.01,1.74,-0.02
0.02,1.74,-0.02
0.02,1.74,-0.01
0.02,1.74,-0.01
0.03,1.74,-0.01
0.48,1.74,-0.13
0.56,1.74,-0.07
0.62,1.72,0.0
0.6,1.72,0.08
0.55,1.72,0.15
0.46,1.72,0.19
0.07,1.72,0.04
0.08,1.72,0.06
0.08,1.72,0.08
0.08,1.72,0.11
0.08,1.72,0.14
0.07,1.72,0.17
0.05,1.72,0.2
0.03,1.72,0.22
-0.0,1.72,0.24
-0.03,1.72,0.25
-0.07,1.72,0.26
-0.11,1.72,0.25
-0.14,1.72,0.25
-0.19,1.72,0.25
-0.24,1.72,0.24
-0.3,1.72,0.23
-0.38,1.72,0.22
-0.47,1.72,0.19
-0.57,1.72,0.15
-0.62,1.72,0.08
-0.5,1.72,-0.0
-0.28,1.72,-0.04
-0.16,1.72,-0.04
-0.11,1.72,-0.04
-0.08,1.72,-0.04
-0.58,1.72,-0.45
-0.49,1.72,-0.49
-0.39,1.72,-0.52
-0.3,1.72,-0.53
-0.22,1.72,-0.54
-0.14,1.72,-0.54
-0.07,1.72,-0.54
0.0,1.72,-0.53
0.07,1.72,-0.49
0.1,1.72,-0.38
0.01,1.72,-0.02
0.01,1.72,-0.02
0.02,1.72,-0.02
0.02,1.72,-0.02
0.02,1.72,-0.02
0.02,1.72,-0.01
0.4,1.72,-0.16
0.53,1.72,-0.14
0.59,1.72,-0.08
0.64,1.7,0.0
0.63,1.7,0.08
0.58,1.7,0.16
0.5,1.7,0.21
0.07,1.7,0.04
0.08,1.7,0.06
0.08,1.7,0.08
0.08,1.7,0.11
0.08,1.7,0.14
0.07,1.7,0.17
0.05,1.7,0.2
0.03,1.7,0.22
-0.0,1.7,0.24
-0.03,1.7,0.25
-0.07,1.7,0.25
-0.11,1.7,0.25
-0.15,1.7,0.25
-0.19,1.7,0.25
-0.25,1.7,0.24
-0.31,1.7,0.24
-0.39,1.7,0.22
-0.49,1.7,0.2
-0.61,1.7,0.16
-0.7,1.7,0.09
-0.59,1.7,-0.0
-0.33,1.7,-0.04
-0.18,1.7,-0.05
-0.11,1.7,-0.05
-0.66,1.7,-0.38
-0.62,1.7,-0.48
-0.51,1.7,-0.51
-0.4,1.7,-0.53
-0.31,1.7,-0.54
-0.22,1.7,-0.54
-0.14,1.7,-0.54
-0.07,1.7,-0.54
0.0,1.7,-0.53
0.07,1.7,-0.49
0.1,1.7,-0.38
0.01,1.7,-0.02
0.01,1.7,-0.02
0.02,1.7,-0.02
0.02,1.7,-0.02
0.02,1.7,-0.02
0.02,1.7,-0.01
0.47,1.7,-0.19
0.56,1.7,-0.15
0.62,1.7,-0.08
0.66,1.68,0.0
0.65,1.68,0.09
0.61,1.68,0.16
0.53,1.68,0.22
0.41,1.68,0.24
0.07,1.68,0.06
0.08,1.68,0.08
0.08,1.68,0.11
0.08,1.68,0.14
0.07,1.68,0.17
0.05,1.68,0.19
0.03,1.68,0.22
-0.0,1.68,0.24
-0.03,1.68,0.25
-0.07,1.68,0.25
-0.11,1.68,0.25
-0.15,1.68,0.25
-0.19,1.68,0.25
-0.25,1.68,0.25
-0.32,1.68,0.24
-0.4,1.68,0.23
-0.52,1.68,0.21
-0.65,1.68,0.17
-0.77,1.68,0.1
-0.67,1.68,-0.0
-0.36,1.68,-0.05
-0.18,1.68,-0.05
-0.11,1.68,-0.05
-0.74,1.68,-0.43
-0.64,1.68,-0.5
-0.52,1.68,-0.53
-0.41,1.68,-0.54
-0.31,1.68,-0.55
-0.22,1.68,-0.55
-0.14,1.68,-0.54
-0.07,1.68,-0.54
0.0,1.68,-0.53
0.07,1.68,-0.49
0.1,1.68,-0.37
0.01,1.68,-0.02
0.01,1.68,-0.02
0.01,1.68,-0.02
0.02,1.68,-0.02
0.02,1.68,-0.01
0.02,1.68,-0.01
0.5,1.68,-0.2
0.59,1.68,-0.15
0.64,1.68,-0.08
0.68,1.66,0.0
0.67,1.66,0.09
0.62,1.66,0.17
0.55,1.66,0.23
0.44,1.66,0.25
0.06,1.66,0.05
0.07,1.66,0.07
0.08,1.66,0.1
0.07,1.66,0.13
0.07,1.66,0.16
0.05,1.66,0.19
0.03,1.66,0.21
-0.0,1.66,0.23
-0.03,1.66,0.24
-0.07,1.66,0.25
-0.1,1.66,0.25
-0.14,1.66,0.25
-0.19,1.66,0.25
-0.25,1.66,0.25
-0.32,1.66,0.24
-0.41,1.66,0.24
-0.54,1.66,0.22
-0.69,1.66,0.18
-0.84,1.66,0.11
-0.76,1.66,-0.0
-0.4,1.66,-0.05
-0.18,1.66,-0.05
-0.1,1.66,-0.04
-0.8,1.66,-0.46
-0.67,1.66,-0.52
-0.53,1.66,-0.54
-0.42,1.66,-0.55
-0.31,1.66,-0.55
-0.22,1.66,-0.55
-0.14,1.66,-0.54
-0.07,1.66,-0.54
0.0,1.66,-0.52
0.06,1.66,-0.48
0.0,1.66,-0.02
0.01,1.66,-0.02
0.01,1.66,-0.01
0.01,1.66,-0.01
0.01,1.66,-0.01
0.01,1.66,-0.01
0.4,1.66,-0.23
0.52,1.66,-0.21
0.61,1.66,-0.16
0.66,1.66,-0.08
0.69,1.64,0.0
0.68,1.64,0.09
0.64,1.64,0.17
0.57,1.64,0.23
0.46,1.64,0.27
0.29,1.64,0.22
0.06,1.64,0.06
0.07,1.64,0.09
0.07,1.64,0.12
0.06,1.64,0.15
0.05,1.64,0.18
0.03,1.64,0.2
-0.0,1.64,0.22
-0.03,1.64,0.23
-0.06,1.64,0.24
-0.1,1.64,0.24
-0.14,1.64,0.24
-0.19,1.64,0.25
-0.25,1.64,0.25
-0.32,1.64,0.25
-0.42,1.64,0.24
-0.55,1.64,0.23
-0.73,1.64,0.19
-0.9,1.64,0.12
-0.84,1.64,-0.0
-0.42,1.64,-0.06
-0.27,1.64,-0.07
-0.3,1.64,-0.12
-0.84,1.64,-0.49
-0.69,1.64,-0.53
-0.54,1.64,-0.55
-0.42,1.64,-0.55
-0.32,1.64,-0.55
-0.22,1.64,-0.55
-0.14,1.64,-0.54
-0.07,1.64,-0.53
0.0,1.64,-0.51
0.06,1.64,-0.47
0.05,1.64,-0.18
0.0,1.64,-0.01
0.0,1.64,-0.01
0.01,1.64,-0.01
0.01,1.64,-0.01
0.01,1.64,-0.01
0.43,1.64,-0.25
0.54,1.64,-0.22
0.62,1.64,-0.16
0.68,1.64,-0.09
0.71,1.62,0.0
0.7,1.62,0.09
0.65,1.62,0.17
0.58,1.62,0.24
0.48,1.62,0.28
0.35,1.62,0.27
0.01,1.62,0.01
0.04,1.62,0.06
0.05,1.62,0.09
0.05,1.62,0.13
0.04,1.62,0.16
0.02,1.62,0.18
-0.0,1.62,0.21
-0.03,1.62,0.22
-0.06,1.62,0.23
-0.1,1.62,0.23
-0.14,1.62,0.23
-0.18,1.62,0.24
-0.24,1.62,0.24
-0.32,1.62,0.24
-0.42,1.62,0.24
-0.56,1.62,0.23
-0.76,1.62,0.2
-0.97,1.62,0.12
-0.92,1.62,-0.0
-0.44,1.62,-0.06
-0.35,1.62,-0.09
-0.97,1.62,-0.4
-0.87,1.62,-0.51
-0.7,1.62,-0.54
-0.55,1.62,-0.55
-0.42,1.62,-0.55
-0.32,1.62,-0.55
-0.22,1.62,-0.54
-0.14,1.62,-0.53
-0.07,1.62,-0.52
0.0,1.62,-0.5
0.06,1.62,-0.45
0.08,1.62,-0.29
0.1,1.62,-0.23
0.1,1.62,-0.18
0.1,1.62,-0.12
0.08,1.62,-0.08
0.06,1.62,-0.04
0.45,1.62,-0.26
0.56,1.62,-0.23
0.64,1.62,-0.17
0.69,1.62,-0.09
0.72,1.6,0.0
0.71,1.6,0.09
0.66,1.6,0.18
0.59,1.6,0.25
0.49,1.6,0.29
0.37,1.6,0.28
0.04,1.6,0.04
0.03,1.6,0.04
0.03,1.6,0.05
0.03,1.6,0.08
0.03,1.6,0.13
0.02,1.6,0.16
-0.0,1.6,0.18
-0.03,1.6,0.2
-0.06,1.6,0.21
-0.09,1.6,0.21
-0.13,1.6,0.22
-0.18,1.6,0.23
-0.23,1.6,0.23
-0.31,1.6,0.24
-0.42,1.6,0.24
-0.57,1.6,0.23
-0.78,1.6,0.21
-1.01,1.6,0.13
-0.99,1.6,-0.0
-0.44,1.6,-0.06
-0.39,1.6,-0.11
-1.01,1.6,-0.42
-0.9,1.6,-0.52
-0.71,1.6,-0.55
-0.55,1.6,-0.56
-0.42,1.6,-0.55
-0.31,1.6,-0.55
-0.22,1.6,-0.53
-0.14,1.6,-0.52
-0.06,1.6,-0.5
0.0,1.6,-0.48
0.06,1.6,-0.41
0.09,1.6,-0.34
0.12,1.6,-0.29
0.14,1.6,-0.24
0.15,1.6,-0.19
0.14,1.6,-0.14
0.32,1.6,-0.24
0.47,1.6,-0.27
0.57,1.6,-0.23
0.65,1.6,-0.17
0.7,1.6,-0.09
0.73,1.58,0.0
0.71,1.58,0.09
0.67,1.58,0.18
0.6,1.58,0.25
0.51,1.58,0.29
0.39,1.58,0.3
0.06,1.58,0.06
0.05,1.58,0.07
0.04,1.58,0.08
0.03,1.58,0.08
0.02,1.58,0.09
0.01,1.58,0.1
-0.0,1.58,0.14
-0.02,1.58,0.16
-0.05,1.58,0.18
-0.08,1.58,0.19
-0.12,1.58,0.2
-0.16,1.58,0.21
-0.22,1.58,0.22
-0.3,1.58,0.23
-0.41,1.58,0.24
-0.57,1.58,0.24
-0.81,1.58,0.21
-1.03,1.58,0.13
-1.02,1.58,-0.0
-0.41,1.58,-0.06
-0.43,1.58,-0.12
-1.03,1.58,-0.43
-0.92,1.58,-0.54
-0.72,1.58,-0.56
-0.56,1.58,-0.56
-0.42,1.58,-0.55
-0.31,1.58,-0.54
-0.21,1.58,-0.52
-0.13,1.58,-0.5
-0.06,1.58,-0.48
0.0,1.58,-0.46
0.06,1.58,-0.43
0.1,1.58,-0.39
0.14,1.58,-0.34
0.16,1.58,-0.28
0.18,1.58,-0.23
0.18,1.58,-0.18
0.34,1.58,-0.26
0.48,1.58,-0.27
0.58,1.58,-0.24
0.66,1.58,-0.17
0.71,1.58,-0.09
0.73,1.56,0.0
0.72,1.56,0.1
0.68,1.56,0.18
0.61,1.56,0.25
0.51,1.56,0.3
0.4,1.56,0.3
0.08,1.56,0.09
0.07,1.56,0.09
0.06,1.56,0.1
0.05,1.56,0.11
0.03,1.56,0.12
0.02,1.56,0.13
-0.0,1.56,0.14
-0.02,1.56,0.14
-0.04,1.56,0.15
-0.06,1.56,0.15
-0.09,1.56,0.16
-0.14,1.56,0.18
-0.2,1.56,0.2
-0.28,1.56,0.22
-0.4,1.56,0.23
-0.57,1.56,0.23
-0.82,1.56,0.22
-1.05,1.56,0.14
-1.04,1.56,-0.0
-0.45,1.56,-0.06
-0.47,1.56,-0.13
-1.04,1.56,-0.44
-0.94,1.56,-0.55
-0.73,1.56,-0.56
-0.56,1.56,-0.56
-0.42,1.56,-0.55
-0.3,1.56,-0.53
-0.21,1.56,-0.51
-0.14,1.56,-0.52
-0.07,1.56,-0.52
0.0,1.56,-0.5
0.06,1.56,-0.46
0.11,1.56,-0.42
0.16,1.56,-0.37
0.18,1.56,-0.32
0.2,1.56,-0.26
0.21,1.56,-0.21
0.36,1.56,-0.27
0.49,1.56,-0.28
0.59,1.56,-0.24
0.67,1.56,-0.18
0.71,1.56,-0.09
0.74,1.54,0.0
0.73,1.54,0.1
0.68,1.54,0.18
0.62,1.54,0.26
0.52,1.54,0.3
0.41,1.54,0.31
0.23,1.54,0.23
0.09,1.54,0.12
0.07,1.54,0.13
0.06,1.54,0.14
0.04,1.54,0.15
0.02,1.54,0.16
-0.0,1.54,0.16
-0.02,1.54,0.17
-0.05,1.54,0.18
-0.08,1.54,0.18
-0.11,1.54,0.19
-0.14,1.54,0.19
-0.18,1.54,0.18
-0.25,1.54,0.19
-0.37,1.54,0.21
-0.56,1.54,0.23
-0.84,1.54,0.22
-1.06,1.54,0.14
-1.05,1.54,-0.0
-0.48,1.54,-0.06
-0.5,1.54,-0.13
-1.05,1.54,-0.44
-0.96,1.54,-0.56
-0.73,1.54,-0.57
-0.55,1.54,-0.56
-0.41,1.54,-0.54
-0.29,1.54,-0.51
-0.22,1.54,-0.54
-0.15,1.54,-0.55
-0.07,1.54,-0.55
0.0,1.54,-0.53
0.07,1.54,-0.49
0.12,1.54,-0.45
0.17,1.54,-0.4
0.2,1.54,-0.35
0.22,1.54,-0.29
0.24,1.54,-0.23
0.37,1.54,-0.28
0.5,1.54,-0.28
0.6,1.54,-0.24
0.67,1.54,-0.18
0.72,1.54,-0.09
0.74,1.52,0.0
0.73,1.52,0.1
0.69,1.52,0.18
0.62,1.52,0.26
0.53,1.52,0.3
0.41,1.52,0.32
0.26,1.52,0.26
0.1,1.52,0.14
0.09,1.52,0.15
0.07,1.52,0.16
0.05,1.52,0.17
0.02,1.52,0.18
-0.0,1.52,0.19
-0.03,1.52,0.2
-0.06,1.52,0.21
-0.09,1.52,0.21
-0.12,1.52,0.21
-0.16,1.52,0.21
-0.21,1.52,0.2
-0.25,1.52,0.19
-0.32,1.52,0.18
-0.54,1.52,0.22
-0.84,1.52,0.22
-1.06,1.52,0.14
-1.06,1.52,-0.0
-0.51,1.52,-0.07
-0.52,1.52,-0.14
-1.06,1.52,-0.44
-0.96,1.52,-0.56
-0.73,1.52,-0.57
-0.55,1.52,-0.55
-0.4,1.52,-0.52
-0.31,1.52,-0.53
-0.23,1.52,-0.56
-0.15,1.52,-0.57
-0.07,1.52,-0.57
0.0,1.52,-0.55
0.07,1.52,-0.52
0.13,1.52,-0.48
0.18,1.52,-0.43
0.22,1.52,-0.37
0.24,1.52,-0.31
0.26,1.52,-0.25
0.38,1.52,-0.29
0.5,1.52,-0.29
0.6,1.52,-0.25
0.68,1.52,-0.18
0.72,1.52,-0.09
0.75,1.5,0.0
0.73,1.5,0.1
0.69,1.5,0.19
0.62,1.5,0.26
0.54,1.5,0.31
0.43,1.5,0.33
0.3,1.5,0.3
0.12,1.5,0.15
0.1,1.5,0.17
0.07,1.5,0.18
0.05,1.5,0.19
0.03,1.5,0.21
-0.0,1.5,0.22
-0.03,1.5,0.23
-0.06,1.5,0.23
-0.1,1.5,0.24
-0.14,1.5,0.24
-0.19,1.5,0.24
-0.24,1.5,0.23
-0.29,1.5,0.22
-0.34,1.5,0.2
-0.58,1.5,0.24
-0.88,1.5,0.23
-1.11,1.5,0.14
-1.09,1.5,-0.0
-0.57,1.5,-0.08
-0.58,1.5,-0.16
-1.1,1.5,-0.46
-0.96,1.5,-0.56
-0.72,1.5,-0.56
-0.53,1.5,-0.53
-0.41,1.5,-0.54
-0.33,1.5,-0.58
-0.25,1.5,-0.6
-0.16,1.5,-0.61
-0.08,1.5,-0.6
0.0,1.5,-0.57
0.07,1.5,-0.53
0.13,1.5,-0.48
0.18,1.5,-0.42
0.22,1.5,-0.37
0.24,1.5,-0.31
0.32,1.5,-0.32
0.42,1.5,-0.32
0.52,1.5,-0.3
0.61,1.5,-0.25
0.67,1.5,-0.18
0.71,1.5,-0.09
0.72,1.48,0.0
0.74,1.48,0.1
0.71,1.48,0.19
0.65,1.48,0.27
0.56,1.48,0.32
0.45,1.48,0.34
0.32,1.48,0.32
0.14,1.48,0.18
0.11,1.48,0.2
0.09,1.48,0.21
0.06,1.48,0.22
0.03,1.48,0.23
-0.0,1.48,0.24
-0.03,1.48,0.25
-0.07,1.48,0.25
-0.11,1.48,0.25
-0.15,1.48,0.25
-0.19,1.48,0.25
-0.24,1.48,0.24
-0.29,1.48,0.22
-0.34,1.48,0.2
-0.39,1.48,0.16
-0.82,1.48,0.22
-1.07,1.48,0.14
-1.07,1.48,-0.0
-0.55,1.48,-0.07
-0.56,1.48,-0.15
-1.06,1.48,-0.44
-0.97,1.48,-0.56
-0.73,1.48,-0.56
-0.52,1.48,-0.52
-0.4,1.48,-0.52
-0.33,1.48,-0.57
-0.25,1.48,-0.6
-0.16,1.48,-0.62
-0.08,1.48,-0.61
0.0,1.48,-0.6
0.08,1.48,-0.56
0.14,1.48,-0.52
0.2,1.48,-0.47
0.24,1.48,-0.41
0.27,1.48,-0.35
0.29,1.48,-0.29
0.39,1.48,-0.3
0.51,1.48,-0.29
0.61,1.48,-0.25
0.68,1.48,-0.18
0.73,1.48,-0.09
0.75,1.46,0.0
0.74,1.46,0.1
0.69,1.46,0.19
0.62,1.46,0.26
0.53,1.46,0.31
0.42,1.46,0.32
0.28,1.46,0.28
0.14,1.46,0.18
0.12,1.46,0.2
0.09,1.46,0.22
0.06,1.46,0.23
0.03,1.46,0.24
-0.0,1.46,0.25
-0.03,1.46,0.26
-0.07,1.46,0.27
-0.11,1.46,0.27
-0.16,1.46,0.27
-0.2,1.46,0.27
-0.26,1.46,0.25
-0.31,1.46,0.24
-0.36,1.46,0.21
-0.42,1.46,0.17
-0.81,1.46,0.22
-1.07,1.46,0.14
-1.06,1.46,-0.0
-0.57,1.46,-0.08
-0.58,1.46,-0.16
-1.06,1.46,-0.44
-0.97,1.46,-0.56
-0.71,1.46,-0.55
-0.48,1.46,-0.48
-0.41,1.46,-0.54
-0.34,1.46,-0.59
-0.25,1.46,-0.62
-0.17,1.46,-0.63
-0.08,1.46,-0.63
0.0,1.46,-0.61
0.08,1.46,-0.58
0.15,1.46,-0.54
0.2,1.46,-0.49
0.34,1.46,-0.58
0.38,1.46,-0.49
0.31,1.46,-0.3
0.4,1.46,-0.3
0.51,1.46,-0.29
0.61,1.46,-0.25
0.68,1.46,-0.18
0.73,1.46,-0.09
0.75,1.44,0.0
0.73,1.44,0.1
0.69,1.44,0.19
0.62,1.44,0.26
0.53,1.44,0.31
0.42,1.44,0.32
0.28,1.44,0.28
0.15,1.44,0.2
0.12,1.44,0.21
0.1,1.44,0.23
0.11,1.44,0.39
0.05,1.44,0.42
-0.0,1.44,0.27
-0.04,1.44,0.28
-0.08,1.44,0.29
-0.12,1.44,0.29
-0.17,1.44,0.29
-0.22,1.44,0.28
-0.27,1.44,0.27
-0.32,1.44,0.25
-0.38,1.44,0.22
-0.43,1.44,0.18
-0.75,1.44,0.2
-1.06,1.44,0.14
-1.06,1.44,-0.0
-0.59,1.44,-0.08
-0.6,1.44,-0.16
-1.06,1.44,-0.44
-0.96,1.44,-0.56
-0.69,1.44,-0.53
-0.49,1.44,-0.49
-0.42,1.44,-0.55
-0.34,1.44,-0.6
-0.26,1.44,-0.63
-0.17,1.44,-0.65
-0.08,1.44,-0.65
0.0,1.44,-0.63
0.08,1.44,-0.6
0.15,1.44,-0.56
0.26,1.44,-0.61
0.35,1.44,-0.61
0.41,1.44,-0.53
0.32,1.44,-0.32
0.41,1.44,-0.31
0.51,1.44,-0.29
0.61,1.44,-0.25
0.68,1.44,-0.18
0.73,1.44,-0.09
0.74,1.42,0.0
0.73,1.42,0.1
0.69,1.42,0.19
0.62,1.42,0.26
0.53,1.42,0.3
0.41,1.42,0.32
0.28,1.42,0.28
0.16,1.42,0.21
0.13,1.42,0.23
0.16,1.42,0.39
0.12,1.42,0.45
0.06,1.42,0.47
-0.0,1.42,0.49
-0.06,1.42,0.48
-0.08,1.42,0.3
-0.13,1.42,0.3
-0.17,1.42,0.3
-0.23,1.42,0.29
-0.28,1.42,0.28
-0.34,1.42,0.26
-0.39,1.42,0.23
-0.45,1.42,0.18
-0.5,1.42,0.13
-1.05,1.42,0.14
-1.05,1.42,-0.0
-0.6,1.42,-0.08
-0.61,1.42,-0.17
-1.05,1.42,-0.44
-0.96,1.42,-0.56
-0.63,1.42,-0.49
-0.5,1.42,-0.5
-0.43,1.42,-0.56
-0.35,1.42,-0.61
-0.27,1.42,-0.65
-0.18,1.42,-0.66
-0.09,1.42,-0.66
0.0,1.42,-0.65
0.08,1.42,-0.62
0.16,1.42,-0.57
0.27,1.42,-0.64
0.37,1.42,-0.63
0.43,1.42,-0.55
0.34,1.42,-0.33
0.41,1.42,-0.31
0.51,1.42,-0.29
0.6,1.42,-0.25
0.68,1.42,-0.18
0.73,1.42,-0.09
0.74,1.4,0.0
0.73,1.4,0.1
0.69,1.4,0.18
0.62,1.4,0.26
0.52,1.4,0.3
0.41,1.4,0.31
0.28,1.4,0.28
0.17,1.4,0.22
0.18,1.4,0.31
0.18,1.4,0.43
0.13,1.4,0.48
0.07,1.4,0.51
-0.0,1.4,0.54
-0.07,1.4,0.56
-0.15,1.4,0.55
-0.13,1.4,0.32
-0.18,1.4,0.32
-0.24,1.4,0.31
-0.29,1.4,0.29
-0.35,1.4,0.27
-0.41,1.4,0.23
-0.46,1.4,0.19
-0.52,1.4,0.14
-1.04,1.4,0.13
-1.04,1.4,-0.0
-0.62,1.4,-0.08
-0.63,1.4,-0.17
-1.04,1.4,-0.43
-0.94,1.4,-0.55
-0.56,1.4,-0.43
-0.51,1.4,-0.51
-0.44,1.4,-0.57
-0.36,1.4,-0.62
-0.27,1.4,-0.66
-0.18,1.4,-0.68
-0.09,1.4,-0.68
0.0,1.4,-0.66
0.09,1.4,-0.63
0.16,1.4,-0.59
0.28,1.4,-0.66
0.37,1.4,-0.64
0.44,1.4,-0.57
0.44,1.4,-0.44
0.41,1.4,-0.31
0.51,1.4,-0.29
0.6,1.4,-0.25
0.67,1.4,-0.18
0.72,1.4,-0.09
0.73,1.38,0.0
0.72,1.38,0.1
0.68,1.38,0.18
0.61,1.38,0.25
0.52,1.38,0.3
0.4,1.38,0.31
0.28,1.38,0.28
0.18,1.38,0.24
0.21,1.38,0.37
0.19,1.38,0.45
0.13,1.38,0.5
0.07,1.38,0.54
-0.0,1.38,0.57
-0.08,1.38,0.61
-0.16,1.38,0.61
-0.22,1.38,0.52
-0.19,1.38,0.33
-0.24,1.38,0.32
-0.3,1.38,0.3
-0.36,1.38,0.28
-0.42,1.38,0.24
-0.48,1.38,0.2
-0.56,1.38,0.15
-1.03,1.38,0.13
-1.02,1.38,-0.0
-0.63,1.38,-0.08
-0.64,1.38,-0.17
-1.03,1.38,-0.43
-0.92,1.38,-0.53
-0.58,1.38,-0.45
-0.52,1.38,-0.52
-0.45,1.38,-0.58
-0.36,1.38,-0.64
-0.28,1.38,-0.67
-0.18,1.38,-0.69
-0.09,1.38,-0.69
0.0,1.38,-0.68
0.09,1.38,-0.64
0.17,1.38,-0.61
0.28,1.38,-0.67
0.38,1.38,-0.65
0.45,1.38,-0.58
0.46,1.38,-0.46
0.41,1.38,-0.31
0.51,1.38,-0.29
0.6,1.38,-0.24
0.67,1.38,-0.18
0.72,1.38,-0.09
0.73,1.36,0.0
0.72,1.36,0.09
0.67,1.36,0.18
0.6,1.36,0.25
0.51,1.36,0.29
0.4,1.36,0.31
0.28,1.36,0.28
0.19,1.36,0.25
0.23,1.36,0.39
0.19,1.36,0.47
0.14,1.36,0.51
0.07,1.36,0.56
-0.0,1.36,0.6
-0.09,1.36,0.65
-0.17,1.36,0.64
-0.24,1.36,0.57
-0.2,1.36,0.34
-0.25,1.36,0.33
-0.31,1.36,0.31
-0.37,1.36,0.28
-0.43,1.36,0.25
-0.49,1.36,0.2
-0.6,1.36,0.16
-1.0,1.36,0.13
-0.98,1.36,-0.0
-0.64,1.36,-0.09
-0.65,1.36,-0.18
-1.0,1.36,-0.42
-0.69,1.36,-0.4
-0.61,1.36,-0.47
-0.52,1.36,-0.53
-0.45,1.36,-0.59
-0.37,1.36,-0.65
-0.28,1.36,-0.68
-0.19,1.36,-0.7
-0.09,1.36,-0.7
0.0,1.36,-0.69
0.09,1.36,-0.66
0.17,1.36,-0.64
0.29,1.36,-0.69
0.39,1.36,-0.66
0.46,1.36,-0.59
0.48,1.36,-0.47
0.41,1.36,-0.31
0.51,1.36,-0.29
0.6,1.36,-0.24
0.66,1.36,-0.17
0.71,1.36,-0.09
0.72,1.34,0.0
0.71,1.34,0.09
0.67,1.34,0.18
0.6,1.34,0.25
0.5,1.34,0.29
0.4,1.34,0.3
0.28,1.34,0.28
0.22,1.34,0.29
0.23,1.34,0.41
0.2,1.34,0.48
0.14,1.34,0.53
0.07,1.34,0.57
-0.0,1.34,0.62
-0.09,1.34,0.67
-0.18,1.34,0.66
-0.25,1.34,0.6
-0.2,1.34,0.35
-0.26,1.34,0.34
-0.32,1.34,0.32
-0.38,1.34,0.29
-0.44,1.34,0.25
-0.5,1.34,0.21
-0.63,1.34,0.17
-0.79,1.34,0.1
-0.63,1.34,-0.0
-0.66,1.34,-0.09
-0.66,1.34,-0.18
-0.96,1.34,-0.4
-0.76,1.34,-0.44
-0.63,1.34,-0.49
-0.53,1.34,-0.53
-0.46,1.34,-0.6
-0.38,1.34,-0.66
-0.28,1.34,-0.69
-0.19,1.34,-0.71
-0.09,1.34,-0.71
0.0,1.34,-0.7
0.09,1.34,-0.67
0.18,1.34,-0.65
0.29,1.34,-0.69
0.39,1.34,-0.67
0.46,1.34,-0.6
0.49,1.34,-0.48
0.42,1.34,-0.32
0.51,1.34,-0.29
0.59,1.34,-0.24
0.66,1.34,-0.17
0.7,1.34,-0.09
0.71,1.32,0.0
0.7,1.32,0.09
0.66,1.32,0.18
0.59,1.32,0.24
0.5,1.32,0.29
0.39,1.32,0.3
0.27,1.32,0.27
0.24,1.32,0.32
0.24,1.32,0.42
0.2,1.32,0.49
0.14,1.32,0.54
0.08,1.32,0.59
-0.0,1.32,0.64
-0.09,1.32,0.69
-0.18,1.32,0.68
-0.26,1.32,0.62
-0.28,1.32,0.48
-0.27,1.32,0.35
-0.33,1.32,0.33
-0.39,1.32,0.3
-0.45,1.32,0.26
-0.51,1.32,0.21
-0.65,1.32,0.17
-0.85,1.32,0.11
-0.7,1.32,-0.0
-0.67,1.32,-0.09
-0.67,1.32,-0.18
-0.67,1.32,-0.28
-0.8,1.32,-0.47
-0.65,1.32,-0.5
-0.54,1.32,-0.54
-0.46,1.32,-0.61
-0.38,1.32,-0.66
-0.29,1.32,-0.7
-0.19,1.32,-0.72
-0.09,1.32,-0.72
0.0,1.32,-0.71
0.09,1.32,-0.68
0.18,1.32,-0.66
0.29,1.32,-0.7
0.39,1.32,-0.67
0.47,1.32,-0.6
0.49,1.32,-0.49
0.43,1.32,-0.33
0.51,1.32,-0.29
0.59,1.32,-0.24
0.65,1.32,-0.17
0.7,1.32,-0.09
0.7,1.3,0.0
0.69,1.3,0.09
0.65,1.3,0.17
0.58,1.3,0.24
0.49,1.3,0.28
0.39,1.3,0.3
0.27,1.3,0.27
0.25,1.3,0.33
0.25,1.3,0.43
0.2,1.3,0.5
0.15,1.3,0.55
0.08,1.3,0.6
-0.0,1.3,0.66
-0.09,1.3,0.7
-0.19,1.3,0.69
-0.32,1.3,0.76
-0.3,1.3,0.51
-0.27,1.3,0.35
-0.33,1.3,0.33
-0.4,1.3,0.3
-0.46,1.3,0.26
-0.52,1.3,0.21
-0.67,1.3,0.18
-0.91,1.3,0.12
-0.79,1.3,-0.0
-0.68,1.3,-0.09
-0.68,1.3,-0.18
-0.67,1.3,-0.28
-0.83,1.3,-0.48
-0.66,1.3,-0.51
-0.54,1.3,-0.55
-0.47,1.3,-0.62
-0.38,1.3,-0.67
-0.29,1.3,-0.71
-0.19,1.3,-0.73
-0.09,1.3,-0.73
0.0,1.3,-0.72
0.09,1.3,-0.69
0.18,1.3,-0.67
0.3,1.3,-0.71
0.4,1.3,-0.68
0.47,1.3,-0.61
0.5,1.3,-0.49
0.44,1.3,-0.34
0.5,1.3,-0.29
0.59,1.3,-0.24
0.65,1.3,-0.17
0.69,1.3,-0.09
0.69,1.28,0.0
0.68,1.28,0.09
0.64,1.28,0.17
0.57,1.28,0.24
0.48,1.28,0.28
0.38,1.28,0.29
0.28,1.28,0.28
0.26,1.28,0.34
0.25,1.28,0.43
0.21,1.28,0.5
0.15,1.28,0.55
0.08,1.28,0.61
-0.0,1.28,0.67
-0.09,1.28,0.71
-0.21,1.28,0.77
-0.33,1.28,0.79
-0.4,1.28,0.7
-0.28,1.28,0.36
-0.34,1.28,0.34
-0.4,1.28,0.31
-0.47,1.28,0.27
-0.53,1.28,0.22
-0.68,1.28,0.18
-0.93,1.28,0.12
-0.89,1.28,-0.0
-0.68,1.28,-0.09
-0.69,1.28,-0.19
-0.91,1.28,-0.38
-0.86,1.28,-0.5
-0.66,1.28,-0.51
-0.55,1.28,-0.55
-0.48,1.28,-0.62
-0.39,1.28,-0.68
-0.29,1.28,-0.72
-0.2,1.28,-0.74
-0.09,1.28,-0.74
0.0,1.28,-0.73
0.09,1.28,-0.7
0.18,1.28,-0.67
0.3,1.28,-0.71
0.4,1.28,-0.68
0.47,1.28,-0.61
0.5,1.28,-0.49
0.46,1.28,-0.35
0.5,1.28,-0.28
0.58,1.28,-0.24
0.64,1.28,-0.17
0.68,1.28,-0.09
0.69,1.26,0.0
0.67,1.26,0.09
0.63,1.26,0.17
0.56,1.26,0.23
0.47,1.26,0.27
0.37,1.26,0.28
0.29,1.26,0.29
0.26,1.26,0.34
0.25,1.26,0.43
0.21,1.26,0.5
0.15,1.26,0.55
0.08,1.26,0.61
-0.0,1.26,0.68
-0.1,1.26,0.72
-0.22,1.26,0.81
-0.34,1.26,0.82
-0.42,1.26,0.73
-0.28,1.26,0.37
-0.35,1.26,0.34
-0.41,1.26,0.31
-0.47,1.26,0.27
-0.53,1.26,0.22
-0.68,1.26,0.18
-0.94,1.26,0.12
-0.92,1.26,-0.0
-0.69,1.26,-0.09
-0.7,1.26,-0.19
-0.93,1.26,-0.39
-0.87,1.26,-0.51
-0.67,1.26,-0.51
-0.55,1.26,-0.56
-0.48,1.26,-0.63
-0.39,1.26,-0.68
-0.3,1.26,-0.72
-0.2,1.26,-0.75
-0.1,1.26,-0.75
0.0,1.26,-0.73
0.1,1.26,-0.7
0.19,1.26,-0.68
0.3,1.26,-0.72
0.4,1.26,-0.69
0.47,1.26,-0.61
0.5,1.26,-0.49
0.47,1.26,-0.36
0.5,1.26,-0.29
0.57,1.26,-0.23
0.64,1.26,-0.17
0.67,1.26,-0.09
0.68,1.24,0.0
0.66,1.24,0.09
0.62,1.24,0.17
0.55,1.24,0.23
0.46,1.24,0.27
0.35,1.24,0.27
0.3,1.24,0.3
0.26,1.24,0.34
0.25,1.24,0.43
0.21,1.24,0.5
0.15,1.24,0.56
0.08,1.24,0.61
-0.0,1.24,0.68
-0.1,1.24,0.72
-0.22,1.24,0.83
-0.35,1.24,0.83
-0.43,1.24,0.75
-0.29,1.24,0.37
-0.35,1.24,0.35
-0.42,1.24,0.32
-0.48,1.24,0.28
-0.54,1.24,0.22
-0.67,1.24,0.18
-0.95,1.24,0.12
-0.93,1.24,-0.0
-0.7,1.24,-0.09
-0.7,1.24,-0.19
-0.94,1.24,-0.39
-0.88,1.24,-0.51
-0.66,1.24,-0.51
-0.56,1.24,-0.56
-0.48,1.24,-0.63
-0.4,1.24,-0.69
-0.3,1.24,-0.73
-0.2,1.24,-0.75
-0.1,1.24,-0.75
0.0,1.24,-0.74
0.1,1.24,-0.71
0.19,1.24,-0.69
0.3,1.24,-0.72
0.4,1.24,-0.69
0.47,1.24,-0.61
0.5,1.24,-0.49
0.48,1.24,-0.37
0.52,1.24,-0.3
0.56,1.24,-0.23
0.63,1.24,-0.16
0.66,1.24,-0.08
0.67,1.22,0.0
0.65,1.22,0.09
0.61,1.22,0.16
0.54,1.22,0.22
0.45,1.22,0.26
0.37,1.22,0.28
0.31,1.22,0.31
0.26,1.22,0.34
0.25,1.22,0.43
0.21,1.22,0.5
0.15,1.22,0.56
0.08,1.22,0.62
-0.0,1.22,0.69
-0.1,1.22,0.73
-0.23,1.22,0.85
-0.35,1.22,0.84
-0.44,1.22,0.76
-0.29,1.22,0.38
-0.35,1.22,0.35
-0.42,1.22,0.32
-0.48,1.22,0.28
-0.54,1.22,0.22
-0.6,1.22,0.16
-0.95,1.22,0.12
-0.93,1.22,-0.0
-0.7,1.22,-0.09
-0.71,1.22,-0.19
-0.94,1.22,-0.39
-0.88,1.22,-0.51
-0.65,1.22,-0.5
-0.56,1.22,-0.57
-0.49,1.22,-0.64
-0.4,1.22,-0.7
-0.3,1.22,-0.74
-0.2,1.22,-0.76
-0.1,1.22,-0.76
0.0,1.22,-0.75
0.1,1.22,-0.72
0.19,1.22,-0.7
0.3,1.22,-0.73
0.4,1.22,-0.69
0.47,1.22,-0.61
0.49,1.22,-0.49
0.49,1.22,-0.38
0.53,1.22,-0.3
0.56,1.22,-0.23
0.62,1.22,-0.16
0.65,1.22,-0.08
0.65,1.2,0.0
0.64,1.2,0.08
0.59,1.2,0.16
0.52,1.2,0.22
0.44,1.2,0.25
0.38,1.2,0.29
0.32,1.2,0.32
0.27,1.2,0.35
0.25,1.2,0.43
0.21,1.2,0.5
0.15,1.2,0.55
0.08,1.2,0.61
-0.0,1.2,0.69
-0.1,1.2,0.73
-0.23,1.2,0.86
-0.36,1.2,0.85
-0.45,1.2,0.77
-0.29,1.2,0.38
-0.36,1.2,0.36
-0.42,1.2,0.32
-0.49,1.2,0.28
-0.55,1.2,0.23
-0.6,1.2,0.16
-0.95,1.2,0.12
-0.93,1.2,-0.0
-0.71,1.2,-0.1
-0.71,1.2,-0.19
-0.94,1.2,-0.39
-0.88,1.2,-0.51
-0.63,1.2,-0.49
-0.57,1.2,-0.57
-0.49,1.2,-0.64
-0.4,1.2,-0.7
-0.3,1.2,-0.74
-0.2,1.2,-0.76
-0.1,1.2,-0.77
0.0,1.2,-0.75
0.1,1.2,-0.72
0.19,1.2,-0.7
0.31,1.2,-0.73
0.41,1.2,-0.7
0.47,1.2,-0.61
0.49,1.2,-0.49
0.51,1.2,-0.38
0.55,1.2,-0.31
0.58,1.2,-0.24
0.6,1.2,-0.16
0.64,1.2,-0.08
0.64,1.18,0.0
0.62,1.18,0.08
0.58,1.18,0.15
0.51,1.18,0.21
0.45,1.18,0.26
0.39,1.18,0.3
0.33,1.18,0.34
0.28,1.18,0.36
0.24,1.18,0.42
0.2,1.18,0.49
0.15,1.18,0.55
0.08,1.18,0.61
-0.0,1.18,0.69
-0.1,1.18,0.73
-0.23,1.18,0.87
-0.36,1.18,0.86
-0.45,1.18,0.78
-0.44,1.18,0.57
-0.37,1.18,0.37
-0.43,1.18,0.33
-0.5,1.18,0.29
-0.56,1.18,0.23
-0.62,1.18,0.16
-0.95,1.18,0.12
-0.91,1.18,-0.0
-0.72,1.18,-0.1
-0.72,1.18,-0.2
-0.95,1.18,-0.4
-0.86,1.18,-0.5
-0.64,1.18,-0.49
-0.57,1.18,-0.58
-0.49,1.18,-0.64
-0.4,1.18,-0.7
-0.3,1.18,-0.74
-0.2,1.18,-0.75
-0.1,1.18,-0.75
0.0,1.18,-0.74
0.1,1.18,-0.7
0.19,1.18,-0.71
0.3,1.18,-0.72
0.39,1.18,-0.68
0.45,1.18,-0.59
0.45,1.18,-0.45
0.49,1.18,-0.37
0.53,1.18,-0.3
0.58,1.18,-0.24
0.6,1.18,-0.16
0.6,1.18,-0.08
0.6,1.16,-0.0
0.58,1.16,0.08
0.55,1.16,0.15
0.5,1.16,0.21
0.45,1.16,0.26
0.4,1.16,0.3
0.37,1.16,0.37
0.3,1.16,0.4
0.24,1.16,0.41
0.17,1.16,0.42
0.11,1.16,0.43
0.07,1.16,0.5
-0.0,1.16,0.59
-0.09,1.16,0.71
-0.23,1.16,0.86
-0.37,1.16,0.88
-0.46,1.16,0.8
-0.48,1.16,0.62
-0.38,1.16,0.37
-0.44,1.16,0.34
-0.51,1.16,0.29
-0.57,1.16,0.23
-0.62,1.16,0.16
-0.94,1.16,0.12
-0.69,1.16,-0.0
-0.71,1.16,-0.09
-0.71,1.16,-0.19
-0.9,1.16,-0.38
-0.84,1.16,-0.49
-0.62,1.16,-0.48
-0.56,1.16,-0.56
-0.48,1.16,-0.63
-0.4,1.16,-0.69
-0.31,1.16,-0.75
-0.2,1.16,-0.77
-0.1,1.16,-0.77
0.0,1.16,-0.76
0.1,1.16,-0.73
0.19,1.16,-0.71
0.31,1.16,-0.74
0.41,1.16,-0.7
0.48,1.16,-0.62
0.49,1.16,-0.48
0.53,1.16,-0.4
0.58,1.16,-0.33
0.61,1.16,-0.25
0.63,1.16,-0.17
0.64,1.16,-0.08
0.64,1.14,0.0
0.62,1.14,0.08
0.58,1.14,0.16
0.54,1.14,0.22
0.48,1.14,0.28
0.42,1.14,0.32
0.36,1.14,0.36
0.29,1.14,0.38
0.23,1.14,0.4
0.19,1.14,0.47
0.14,1.14,0.53
0.08,1.14,0.59
-0.0,1.14,0.67
-0.1,1.14,0.75
-0.24,1.14,0.88
-0.36,1.14,0.87
-0.46,1.14,0.79
-0.47,1.14,0.62
-0.37,1.14,0.37
-0.43,1.14,0.33
-0.5,1.14,0.29
-0.56,1.14,0.23
-0.62,1.14,0.16
-0.91,1.14,0.12
-0.7,1.14,-0.0
-0.72,1.14,-0.1
-0.73,1.14,-0.2
-0.88,1.14,-0.37
-0.83,1.14,-0.48
-0.64,1.14,-0.49
-0.57,1.14,-0.58
-0.5,1.14,-0.65
-0.41,1.14,-0.71
-0.31,1.14,-0.75
-0.2,1.14,-0.77
-0.1,1.14,-0.78
0.0,1.14,-0.76
0.1,1.14,-0.73
0.2,1.14,-0.72
0.31,1.14,-0.75
0.41,1.14,-0.71
0.48,1.14,-0.62
0.48,1.14,-0.48
0.54,1.14,-0.41
0.59,1.14,-0.34
0.62,1.14,-0.25
0.64,1.14,-0.17
0.65,1.14,-0.08
0.65,1.12,0.0
0.63,1.12,0.08
0.59,1.12,0.16
0.55,1.12,0.23
0.49,1.12,0.28
0.43,1.12,0.33
0.37,1.12,0.37
0.3,1.12,0.39
0.24,1.12,0.41
0.19,1.12,0.45
0.14,1.12,0.51
0.08,1.12,0.58
-0.0,1.12,0.66
-0.1,1.12,0.76
-0.24,1.12,0.88
-0.36,1.12,0.87
-0.46,1.12,0.79
-0.48,1.12,0.62
-0.37,1.12,0.37
-0.44,1.12,0.33
-0.5,1.12,0.29
-0.56,1.12,0.23
-0.62,1.12,0.16
-0.66,1.12,0.09
-0.7,1.12,-0.0
-0.72,1.12,-0.1
-0.73,1.12,-0.2
-0.72,1.12,-0.3
-0.69,1.12,-0.4
-0.64,1.12,-0.49
-0.58,1.12,-0.58
-0.5,1.12,-0.65
-0.41,1.12,-0.71
-0.31,1.12,-0.75
-0.2,1.12,-0.77
-0.1,1.12,-0.78
0.0,1.12,-0.76
0.1,1.12,-0.73
0.2,1.12,-0.73
0.31,1.12,-0.75
0.41,1.12,-0.71
0.48,1.12,-0.62
0.49,1.12,-0.48
0.55,1.12,-0.42
0.6,1.12,-0.34
0.64,1.12,-0.26
0.66,1.12,-0.17
0.66,1.12,-0.08
0.67,1.1,-0.0
0.64,1.1,0.08
0.61,1.1,0.16
0.56,1.1,0.23
0.5,1.1,0.29
0.44,1.1,0.34
0.38,1.1,0.38
0.31,1.1,0.4
0.24,1.1,0.42
0.18,1.1,0.43
0.13,1.1,0.5
0.07,1.1,0.57
-0.0,1.1,0.65
-0.1,1.1,0.77
-0.24,1.1,0.88
-0.36,1.1,0.87
-0.46,1.1,0.79
-0.47,1.1,0.62
-0.37,1.1,0.37
-0.44,1.1,0.33
-0.5,1.1,0.29
-0.56,1.1,0.23
-0.62,1.1,0.16
-0.67,1.1,0.09
-0.7,1.1,-0.0
-0.72,1.1,-0.1
-0.73,1.1,-0.2
-0.72,1.1,-0.3
-0.69,1.1,-0.4
-0.64,1.1,-0.49
-0.58,1.1,-0.58
-0.5,1.1,-0.65
-0.41,1.1,-0.71
-0.31,1.1,-0.75
-0.2,1.1,-0.78
-0.1,1.1,-0.78
0.0,1.1,-0.77
0.1,1.1,-0.74
0.2,1.1,-0.74
0.32,1.1,-0.76
0.41,1.1,-0.71
0.48,1.1,-0.62
0.49,1.1,-0.49
0.56,1.1,-0.42
0.61,1.1,-0.35
0.65,1.1,-0.26
0.67,1.1,-0.18
0.67,1.1,-0.09
0.68,1.08,-0.0
0.65,1.08,0.09
0.62,1.08,0.17
0.57,1.08,0.24
0.51,1.08,0.3
0.45,1.08,0.35
0.38,1.08,0.38
0.32,1.08,0.41
0.25,1.08,0.43
0.18,1.08,0.44
0.13,1.08,0.47
0.07,1.08,0.54
-0.0,1.08,0.63
-0.1,1.08,0.77
-0.24,1.08,0.88
-0.36,1.08,0.87
-0.46,1.08,0.79
-0.47,1.08,0.61
-0.37,1.08,0.37
-0.44,1.08,0.33
-0.5,1.08,0.29
-0.56,1.08,0.23
-0.62,1.08,0.16
-0.67,1.08,0.09
-0.7,1.08,-0.0
-0.72,1.08,-0.1
-0.73,1.08,-0.2
-0.72,1.08,-0.3
-0.69,1.08,-0.4
-0.64,1.08,-0.49
-0.58,1.08,-0.58
-0.5,1.08,-0.65
-0.41,1.08,-0.71
-0.31,1.08,-0.75
-0.21,1.08,-0.78
-0.1,1.08,-0.78
0.0,1.08,-0.77
0.1,1.08,-0.74
0.2,1.08,-0.75
0.32,1.08,-0.76
0.42,1.08,-0.71
0.48,1.08,-0.62
0.5,1.08,-0.5
0.57,1.08,-0.43
0.62,1.08,-0.35
0.66,1.08,-0.27
0.68,1.08,-0.18
0.69,1.08,-0.09
0.69,1.06,-0.0
0.66,1.06,0.09
0.63,1.06,0.17
0.58,1.06,0.24
0.52,1.06,0.3
0.46,1.06,0.35
0.39,1.06,0.39
0.32,1.06,0.42
0.25,1.06,0.44
0.18,1.06,0.45
0.12,1.06,0.45
0.07,1.06,0.51
-0.0,1.06,0.6
-0.1,1.06,0.78
-0.24,1.06,0.89
-0.36,1.06,0.87
-0.46,1.06,0.79
-0.46,1.06,0.6
-0.37,1.06,0.37
-0.44,1.06,0.33
-0.5,1.06,0.29
-0.56,1.06,0.23
-0.62,1.06,0.16
-0.67,1.06,0.09
-0.7,1.06,-0.0
-0.72,1.06,-0.1
-0.73,1.06,-0.2
-0.72,1.06,-0.3
-0.69,1.06,-0.4
-0.64,1.06,-0.49
-0.58,1.06,-0.58
-0.5,1.06,-0.65
-0.41,1.06,-0.71
-0.31,1.06,-0.75
-0.21,1.06,-0.78
-0.1,1.06,-0.78
0.0,1.06,-0.77
0.1,1.06,-0.74
0.2,1.06,-0.75
0.32,1.06,-0.76
0.42,1.06,-0.72
0.48,1.06,-0.62
0.51,1.06,-0.5
0.57,1.06,-0.44
0.63,1.06,-0.36
0.67,1.06,-0.27
0.69,1.06,-0.18
0.7,1.06,-0.09
0.7,1.04,-0.0
0.67,1.04,0.09
0.64,1.04,0.17
0.59,1.04,0.24
0.53,1.04,0.31
0.47,1.04,0.36
0.4,1.04,0.4
0.33,1.04,0.43
0.26,1.04,0.45
0.19,1.04,0.45
0.12,1.04,0.46
0.06,1.04,0.46
-0.0,1.04,0.55
-0.1,1.04,0.79
-0.24,1.04,0.89
-0.36,1.04,0.87
-0.46,1.04,0.79
-0.46,1.04,0.59
-0.37,1.04,0.37
-0.44,1.04,0.33
-0.5,1.04,0.29
-0.56,1.04,0.23
-0.62,1.04,0.16
-0.67,1.04,0.09
-0.7,1.04,-0.0
-0.72,1.04,-0.1
-0.73,1.04,-0.2
-0.72,1.04,-0.3
-0.69,1.04,-0.4
-0.64,1.04,-0.49
-0.58,1.04,-0.58
-0.5,1.04,-0.65
-0.41,1.04,-0.71
-0.31,1.04,-0.75
-0.21,1.04,-0.78
-0.1,1.04,-0.78
0.0,1.04,-0.77
0.1,1.04,-0.74
0.2,1.04,-0.75
0.32,1.04,-0.77
0.42,1.04,-0.72
0.48,1.04,-0.62
0.52,1.04,-0.51
0.58,1.04,-0.44
0.64,1.04,-0.36
0.67,1.04,-0.28
0.7,1.04,-0.18
0.71,1.04,-0.09
0.71,1.02,-0.0
0.68,1.02,0.09
0.65,1.02,0.17
0.6,1.02,0.25
0.54,1.02,0.31
0.47,1.02,0.36
0.4,1.02,0.4
0.33,1.02,0.43
0.26,1.02,0.45
0.19,1.02,0.46
0.12,1.02,0.46
0.06,1.02,0.46
-0.0,1.02,0.46
-0.11,1.02,0.79
-0.24,1.02,0.89
-0.36,1.02,0.87
-0.46,1.02,0.79
-0.44,1.02,0.58
-0.37,1.02,0.37
-0.44,1.02,0.33
-0.5,1.02,0.29
-0.56,1.02,0.23
-0.62,1.02,0.16
-0.66,1.02,0.09
-0.7,1.02,-0.0
-0.72,1.02,-0.1
-0.73,1.02,-0.2
-0.72,1.02,-0.3
-0.69,1.02,-0.4
-0.64,1.02,-0.49
-0.58,1.02,-0.58
-0.5,1.02,-0.65
-0.41,1.02,-0.71
-0.31,1.02,-0.75
-0.2,1.02,-0.77
-0.1,1.02,-0.78
0.0,1.02,-0.76
0.1,1.02,-0.74
0.2,1.02,-0.75
0.32,1.02,-0.77
0.42,1.02,-0.72
0.48,1.02,-0.62
0.52,1.02,-0.52
0.59,1.02,-0.45
0.64,1.02,-0.37
0.68,1.02,-0.28
0.71,1.02,-0.19
0.71,1.02,-0.09
0.71,1.0,0.0
0.69,1.0,0.09
0.65,1.0,0.18
0.6,1.0,0.25
0.55,1.0,0.32
0.48,1.0,0.37
0.41,1.0,0.41
0.34,1.0,0.44
0.27,1.0,0.46
0.19,1.0,0.47
0.13,1.0,0.47
0.06,1.0,0.47
-0.0,1.0,0.46
-0.11,1.0,0.8
-0.24,1.0,0.89
-0.36,1.0,0.87
-0.46,1.0,0.79
-0.3,1.0,0.39
-0.37,1.0,0.37
-0.43,1.0,0.33
-0.5,1.0,0.29
-0.56,1.0,0.23
-0.62,1.0,0.16
-0.66,1.0,0.09
-0.7,1.0,-0.0
-0.72,1.0,-0.1
-0.73,1.0,-0.2
-0.71,1.0,-0.3
-0.69,1.0,-0.4
-0.64,1.0,-0.49
-0.57,1.0,-0.58
-0.5,1.0,-0.65
-0.41,1.0,-0.71
-0.31,1.0,-0.75
-0.2,1.0,-0.77
-0.1,1.0,-0.78
0.0,1.0,-0.76
0.1,1.0,-0.74
0.2,1.0,-0.75
0.32,1.0,-0.76
0.42,1.0,-0.72
0.48,1.0,-0.62
0.53,1.0,-0.52
0.59,1.0,-0.45
0.65,1.0,-0.37
0.69,1.0,-0.28
0.71,1.0,-0.19
0.72,1.0,-0.09
0.72,0.98,-0.0
0.7,0.98,0.09
0.66,0.98,0.18
0.61,0.98,0.25
0.55,0.98,0.32
0.49,0.98,0.37
0.41,0.98,0.42
0.34,0.98,0.45
0.27,0.98,0.47
0.2,0.98,0.48
0.13,0.98,0.48
0.06,0.98,0.47
-0.0,0.98,0.47
-0.11,0.98,0.8
-0.24,0.98,0.89
-0.36,0.98,0.87
-0.45,0.98,0.78
-0.3,0.98,0.39
-0.37,0.98,0.36
-0.43,0.98,0.33
-0.5,0.98,0.29
-0.56,0.98,0.23
-0.61,0.98,0.16
-0.66,0.98,0.09
-0.7,0.98,-0.0
-0.72,0.98,-0.1
-0.72,0.98,-0.2
-0.71,0.98,-0.3
-0.68,0.98,-0.4
-0.64,0.98,-0.49
-0.57,0.98,-0.58
-0.49,0.98,-0.65
-0.41,0.98,-0.71
-0.31,0.98,-0.75
-0.2,0.98,-0.77
-0.1,0.98,-0.77
0.0,0.98,-0.76
0.1,0.98,-0.74
0.2,0.98,-0.74
0.32,0.98,-0.76
0.41,0.98,-0.71
0.47,0.98,-0.61
0.53,0.98,-0.53
0.6,0.98,-0.46
0.65,0.98,-0.37
0.7,0.98,-0.28
0.72,0.98,-0.19
0.73,0.98,-0.09
0.73,0.96,0.0
0.7,0.96,0.09
0.67,0.96,0.18
0.62,0.96,0.26
0.56,0.96,0.32
0.49,0.96,0.38
0.42,0.96,0.42
0.35,0.96,0.45
0.27,0.96,0.47
0.2,0.96,0.48
0.13,0.96,0.48
0.06,0.96,0.48
-0.0,0.96,0.47
-0.11,0.96,0.81
-0.24,0.96,0.89
-0.36,0.96,0.88
-0.45,0.96,0.78
-0.3,0.96,0.39
-0.36,0.96,0.36
-0.43,0.96,0.33
-0.5,0.96,0.28
-0.58,0.96,0.24
-0.64,0.96,0.17
-0.69,0.96,0.09
-0.7,0.96,-0.0
-0.71,0.96,-0.1
-0.72,0.96,-0.19
-0.71,0.96,-0.3
-0.68,0.96,-0.4
-0.63,0.96,-0.49
-0.57,0.96,-0.57
-0.49,0.96,-0.65
-0.4,0.96,-0.7
-0.31,0.96,-0.74
-0.2,0.96,-0.77
-0.1,0.96,-0.77
0.0,0.96,-0.76
0.1,0.96,-0.74
0.2,0.96,-0.73
0.31,0.96,-0.75
0.41,0.96,-0.71
0.47,0.96,-0.6
0.54,0.96,-0.53
0.6,0.96,-0.46
0.66,0.96,-0.38
0.7,0.96,-0.29
0.73,0.96,-0.19
0.73,0.96,-0.09
0.73,0.94,-0.0
0.71,0.94,0.09
0.67,0.94,0.18
0.62,0.94,0.26
0.56,0.94,0.32
0.49,0.94,0.38
0.42,0.94,0.42
0.35,0.94,0.46
0.27,0.94,0.48
0.2,0.94,0.49
0.13,0.94,0.49
0.06,0.94,0.48
-0.0,0.94,0.47
-0.11,0.94,0.81
-0.24,0.94,0.9
-0.36,0.94,0.88
-0.45,0.94,0.78
-0.3,0.94,0.39
-0.36,0.94,0.36
-0.43,0.94,0.33
-0.53,0.94,0.3
-0.61,0.94,0.25
-0.66,0.94,0.18
-0.72,0.94,0.09
-0.73,0.94,-0.0
-0.71,0.94,-0.1
-0.72,0.94,-0.19
-0.71,0.94,-0.29
-0.68,0.94,-0.39
-0.63,0.94,-0.49
-0.57,0.94,-0.57
-0.49,0.94,-0.64
-0.4,0.94,-0.7
-0.3,0.94,-0.74
-0.2,0.94,-0.76
-0.1,0.94,-0.77
0.0,0.94,-0.75
0.1,0.94,-0.74
0.2,0.94,-0.72
0.31,0.94,-0.74
0.41,0.94,-0.7
0.46,0.94,-0.59
0.54,0.94,-0.53
0.61,0.94,-0.46
0.66,0.94,-0.38
0.71,0.94,-0.29
0.73,0.94,-0.19
0.74,0.94,-0.09
0.74,0.92,-0.0
0.71,0.92,0.09
0.67,0.92,0.18
0.62,0.92,0.26
0.57,0.92,0.33
0.5,0.92,0.38
0.43,0.92,0.43
0.35,0.92,0.46
0.28,0.92,0.48
0.2,0.92,0.49
0.13,0.92,0.49
0.06,0.92,0.49
-0.0,0.92,0.48
-0.11,0.92,0.82
-0.24,0.92,0.9
-0.36,0.92,0.88
-0.45,0.92,0.78
-0.3,0.92,0.39
-0.36,0.92,0.36
-0.42,0.92,0.32
-0.55,0.92,0.32
-0.63,0.92,0.26
-0.69,0.92,0.18
-0.74,0.92,0.1
-0.75,0.92,-0.0
-0.71,0.92,-0.09
-0.71,0.92,-0.19
-0.7,0.92,-0.29
-0.67,0.92,-0.39
-0.63,0.92,-0.48
-0.56,0.92,-0.57
-0.49,0.92,-0.64
-0.4,0.92,-0.7
-0.3,0.92,-0.74
-0.2,0.92,-0.76
-0.1,0.92,-0.76
0.0,0.92,-0.75
0.1,0.92,-0.73
0.2,0.92,-0.75
0.32,0.92,-0.76
0.4,0.92,-0.69
0.46,0.92,-0.6
0.54,0.92,-0.54
0.61,0.92,-0.47
0.67,0.92,-0.38
0.71,0.92,-0.29
0.73,0.92,-0.19
0.74,0.92,-0.09
0.74,0.9,-0.0
0.72,0.9,0.09
0.68,0.9,0.18
0.63,0.9,0.26
0.57,0.9,0.33
0.5,0.9,0.39
0.43,0.9,0.43
0.35,0.9,0.46
0.28,0.9,0.48
0.2,0.9,0.49
0.13,0.9,0.5
0.06,0.9,0.49
-0.0,0.9,0.48
-0.11,0.9,0.82
-0.24,0.9,0.9
-0.36,0.9,0.88
-0.45,0.9,0.78
-0.29,0.9,0.38
-0.35,0.9,0.35
-0.46,0.9,0.35
-0.57,0.9,0.33
-0.65,0.9,0.27
-0.7,0.9,0.19
-0.76,0.9,0.1
-0.77,0.9,-0.0
-0.73,0.9,-0.1
-0.71,0.9,-0.19
-0.7,0.9,-0.29
-0.67,0.9,-0.39
-0.62,0.9,-0.48
-0.56,0.9,-0.56
-0.48,0.9,-0.64
-0.4,0.9,-0.69
-0.3,0.9,-0.73
-0.2,0.9,-0.75
-0.1,0.9,-0.76
0.0,0.9,-0.75
0.1,0.9,-0.73
0.21,0.9,-0.77
0.33,0.9,-0.78
0.41,0.9,-0.71
0.46,0.9,-0.6
0.54,0.9,-0.54
0.61,0.9,-0.47
0.67,0.9,-0.38
0.71,0.9,-0.29
0.74,0.9,-0.19
0.75,0.9,-0.09
0.74,0.88,-0.0
0.72,0.88,0.09
0.68,0.88,0.18
0.63,0.88,0.26
0.57,0.88,0.33
0.5,0.88,0.39
0.43,0.88,0.43
0.36,0.88,0.47
0.28,0.88,0.49
0.21,0.88,0.5
0.13,0.88,0.5
0.06,0.88,0.49
-0.0,0.88,0.47
-0.11,0.88,0.83
-0.24,0.88,0.9
-0.37,0.88,0.88
-0.45,0.88,0.78
-0.29,0.88,0.38
-0.36,0.88,0.36
-0.48,0.88,0.37
-0.59,0.88,0.34
-0.67,0.88,0.28
-0.73,0.88,0.19
-0.78,0.88,0.1
-0.79,0.88,-0.0
-0.75,0.88,-0.1
-0.71,0.88,-0.19
-0.71,0.88,-0.3
-0.68,0.88,-0.39
-0.63,0.88,-0.48
-0.56,0.88,-0.56
-0.48,0.88,-0.63
-0.39,0.88,-0.68
-0.3,0.88,-0.72
-0.19,0.88,-0.74
-0.09,0.88,-0.74
0.0,0.88,-0.74
0.1,0.88,-0.72
0.21,0.88,-0.76
0.32,0.88,-0.76
0.41,0.88,-0.7
0.46,0.88,-0.59
0.53,0.88,-0.53
0.6,0.88,-0.45
0.65,0.88,-0.37
0.7,0.88,-0.28
0.72,0.88,-0.19
0.73,0.88,-0.09
0.72,0.86,0.0
0.7,0.86,0.09
0.66,0.86,0.18
0.61,0.86,0.25
0.56,0.86,0.32
0.49,0.86,0.38
0.45,0.86,0.45
0.37,0.86,0.49
0.3,0.86,0.51
0.22,0.86,0.53
0.14,0.86,0.53
0.07,0.86,0.52
-0.0,0.86,0.51
-0.11,0.86,0.79
-0.24,0.86,0.87
-0.37,0.86,0.89
-0.45,0.86,0.78
-0.3,0.86,0.39
-0.37,0.86,0.37
-0.51,0.86,0.39
-0.61,0.86,0.35
-0.67,0.86,0.28
-0.73,0.86,0.19
-0.78,0.86,0.1
-0.79,0.86,-0.0
-0.75,0.86,-0.1
-0.69,0.86,-0.19
-0.68,0.86,-0.28
-0.65,0.86,-0.38
-0.61,0.86,-0.47
-0.55,0.86,-0.55
-0.47,0.86,-0.62
-0.39,0.86,-0.67
-0.3,0.86,-0.72
-0.2,0.86,-0.74
-0.1,0.86,-0.75
0.0,0.86,-0.74
0.1,0.86,-0.73
0.22,0.86,-0.8
0.34,0.86,-0.8
0.43,0.86,-0.73
0.47,0.86,-0.61
0.55,0.86,-0.54
0.62,0.86,-0.47
0.68,0.86,-0.39
0.72,0.86,-0.29
0.74,0.86,-0.2
0.75,0.86,-0.1
0.75,0.84,0.0
0.72,0.84,0.1
0.69,0.84,0.18
0.64,0.84,0.26
0.58,0.84,0.33
0.51,0.84,0.39
0.44,0.84,0.44
0.36,0.84,0.47
0.28,0.84,0.49
0.21,0.84,0.5
0.13,0.84,0.5
0.06,0.84,0.5
-0.0,0.84,0.48
-0.11,0.84,0.82
-0.24,0.84,0.9
-0.36,0.84,0.88
-0.45,0.84,0.78
-0.29,0.84,0.37
-0.34,0.84,0.34
-0.5,0.84,0.38
-0.61,0.84,0.35
-0.68,0.84,0.28
-0.74,0.84,0.2
-0.79,0.84,0.1
-0.8,0.84,-0.0
-0.76,0.84,-0.1
-0.69,0.84,-0.19
-0.68,0.84,-0.28
-0.65,0.84,-0.38
-0.61,0.84,-0.47
-0.55,0.84,-0.55
-0.47,0.84,-0.62
-0.39,0.84,-0.67
-0.29,0.84,-0.71
-0.19,0.84,-0.73
-0.09,0.84,-0.74
0.0,0.84,-0.74
0.1,0.84,-0.72
0.22,0.84,-0.81
0.34,0.84,-0.81
0.43,0.84,-0.74
0.47,0.84,-0.61
0.55,0.84,-0.55
0.62,0.84,-0.47
0.68,0.84,-0.39
0.72,0.84,-0.29
0.75,0.84,-0.2
0.75,0.84,-0.1
0.75,0.82,0.0
0.72,0.82,0.1
0.69,0.82,0.18
0.64,0.82,0.26
0.58,0.82,0.33
0.51,0.82,0.39
0.44,0.82,0.44
0.36,0.82,0.47
0.29,0.82,0.5
0.21,0.82,0.5
0.13,0.82,0.5
0.07,0.82,0.5
-0.0,0.82,0.48
-0.11,0.82,0.82
-0.24,0.82,0.9
-0.36,0.82,0.87
-0.45,0.82,0.77
-0.29,0.82,0.37
-0.35,0.82,0.35
-0.51,0.82,0.39
-0.61,0.82,0.35
-0.68,0.82,0.28
-0.75,0.82,0.2
-0.8,0.82,0.1
-0.81,0.82,-0.0
-0.77,0.82,-0.1
-0.68,0.82,-0.18
-0.67,0.82,-0.28
-0.64,0.82,-0.37
-0.6,0.82,-0.46
-0.54,0.82,-0.54
-0.47,0.82,-0.61
-0.38,0.82,-0.67
-0.29,0.82,-0.7
-0.19,0.82,-0.72
-0.09,0.82,-0.73
0.0,0.82,-0.73
0.1,0.82,-0.72
0.22,0.82,-0.82
0.34,0.82,-0.81
0.43,0.82,-0.74
0.48,0.82,-0.61
0.55,0.82,-0.55
0.62,0.82,-0.47
0.68,0.82,-0.39
0.72,0.82,-0.29
0.75,0.82,-0.2
0.75,0.82,-0.1
0.75,0.8,0.0
0.72,0.8,0.1
0.69,0.8,0.18
0.64,0.8,0.26
0.58,0.8,0.33
0.51,0.8,0.39
0.44,0.8,0.44
0.36,0.8,0.47
0.28,0.8,0.49
0.21,0.8,0.5
0.13,0.8,0.5
0.07,0.8,0.5
-0.0,0.8,0.48
-0.11,0.8,0.8
-0.24,0.8,0.89
-0.36,0.8,0.87
-0.44,0.8,0.77
-0.28,0.8,0.37
-0.46,0.8,0.46
-0.56,0.8,0.43
-0.62,0.8,0.35
-0.69,0.8,0.28
-0.75,0.8,0.2
-0.8,0.8,0.1
-0.81,0.8,-0.0
-0.78,0.8,-0.1
-0.69,0.8,-0.19
-0.66,0.8,-0.27
-0.63,0.8,-0.37
-0.59,0.8,-0.46
-0.53,0.8,-0.54
-0.46,0.8,-0.6
-0.38,0.8,-0.66
-0.29,0.8,-0.7
-0.19,0.8,-0.72
-0.09,0.8,-0.72
0.0,0.8,-0.72
0.1,0.8,-0.72
0.22,0.8,-0.82
0.34,0.8,-0.81
0.44,0.8,-0.75
0.48,0.8,-0.62
0.55,0.8,-0.55
0.62,0.8,-0.47
0.68,0.8,-0.39
0.72,0.8,-0.29
0.75,0.8,-0.2
0.76,0.8,-0.1
0.75,0.78,0.0
0.72,0.78,0.1
0.69,0.78,0.18
0.64,0.78,0.26
0.58,0.78,0.33
0.51,0.78,0.39
0.44,0.78,0.44
0.36,0.78,0.47
0.28,0.78,0.49
0.21,0.78,0.5
0.13,0.78,0.5
0.07,0.78,0.5
-0.0,0.78,0.48
-0.1,0.78,0.78
-0.24,0.78,0.88
-0.36,0.78,0.86
-0.44,0.78,0.76
-0.37,0.78,0.48
-0.5,0.78,0.5
-0.59,0.78,0.45
-0.65,0.78,0.37
-0.69,0.78,0.28
-0.75,0.78,0.2
-0.81,0.78,0.1
-0.82,0.78,-0.0
-0.78,0.78,-0.1
-0.69,0.78,-0.19
-0.65,0.78,-0.27
-0.62,0.78,-0.36
-0.58,0.78,-0.45
-0.53,0.78,-0.53
-0.45,0.78,-0.6
-0.37,0.78,-0.65
-0.28,0.78,-0.69
-0.19,0.78,-0.71
-0.09,0.78,-0.72
0.0,0.78,-0.72
0.1,0.78,-0.72
0.22,0.78,-0.82
0.34,0.78,-0.82
0.44,0.78,-0.75
0.49,0.78,-0.63
0.55,0.78,-0.55
0.62,0.78,-0.47
0.68,0.78,-0.39
0.72,0.78,-0.29
0.75,0.78,-0.2
0.75,0.78,-0.1
0.75,0.76,0.0
0.72,0.76,0.1
0.69,0.76,0.18
0.64,0.76,0.26
0.57,0.76,0.33
0.51,0.76,0.39
0.43,0.76,0.43
0.36,0.76,0.47
0.28,0.76,0.49
0.21,0.76,0.5
0.13,0.76,0.5
0.06,0.76,0.5
-0.0,0.76,0.48
-0.11,0.76,0.8
-0.23,0.76,0.87
-0.35,0.76,0.85
-0.43,0.76,0.74
-0.4,0.76,0.52
-0.52,0.76,0.52
-0.62,0.76,0.47
-0.67,0.76,0.39
-0.69,0.76,0.29
-0.76,0.76,0.2
-0.81,0.76,0.1
-0.82,0.76,-0.0
-0.78,0.76,-0.1
-0.69,0.76,-0.19
-0.64,0.76,-0.27
-0.64,0.76,-0.37
-0.62,0.76,-0.48
-0.54,0.76,-0.55
-0.45,0.76,-0.59
-0.37,0.76,-0.64
-0.28,0.76,-0.67
-0.18,0.76,-0.7
-0.09,0.76,-0.71
0.0,0.76,-0.71
0.1,0.76,-0.71
0.22,0.76,-0.82
0.34,0.76,-0.82
0.44,0.76,-0.75
0.5,0.76,-0.64
0.55,0.76,-0.55
0.62,0.76,-0.47
0.68,0.76,-0.39
0.72,0.76,-0.29
0.75,0.76,-0.2
0.75,0.76,-0.1
0.74,0.74,-0.0
0.72,0.74,0.1
0.68,0.74,0.18
0.63,0.74,0.26
0.57,0.74,0.33
0.51,0.74,0.39
0.43,0.74,0.43
0.36,0.74,0.47
0.28,0.74,0.49
0.21,0.74,0.5
0.13,0.74,0.5
0.06,0.74,0.5
-0.0,0.74,0.48
-0.11,0.74,0.83
-0.24,0.74,0.88
-0.35,0.74,0.83
-0.42,0.74,0.72
-0.43,0.74,0.56
-0.55,0.74,0.54
-0.64,0.74,0.49
-0.7,0.74,0.4
-0.72,0.74,0.29
-0.76,0.74,0.2
-0.81,0.74,0.1
-0.82,0.74,-0.0
-0.78,0.74,-0.1
-0.69,0.74,-0.19
-0.65,0.74,-0.27
-0.67,0.74,-0.39
-0.64,0.74,-0.49
-0.57,0.74,-0.57
-0.46,0.74,-0.6
-0.36,0.74,-0.63
-0.27,0.74,-0.66
-0.18,0.74,-0.69
-0.09,0.74,-0.7
0.0,0.74,-0.71
0.1,0.74,-0.7
0.22,0.74,-0.82
0.34,0.74,-0.81
0.44,0.74,-0.75
0.5,0.74,-0.65
0.55,0.74,-0.54
0.62,0.74,-0.47
0.68,0.74,-0.39
0.72,0.74,-0.29
0.74,0.74,-0.2
0.75,0.74,-0.1
0.74,0.72,-0.0
0.72,0.72,0.09
0.68,0.72,0.18
0.63,0.72,0.26
0.57,0.72,0.33
0.5,0.72,0.39
0.43,0.72,0.43
0.36,0.72,0.46
0.28,0.72,0.49
0.21,0.72,0.5
0.13,0.72,0.5
0.06,0.72,0.49
-0.0,0.72,0.48
-0.11,0.72,0.85
-0.24,0.72,0.89
-0.35,0.72,0.84
-0.4,0.72,0.69
-0.45,0.72,0.58
-0.56,0.72,0.56
-0.65,0.72,0.5
-0.72,0.72,0.41
-0.74,0.72,0.3
-0.75,0.72,0.2
-0.84,0.72,0.11
-0.86,0.72,-0.0
-0.84,0.72,-0.11
-0.69,0.72,-0.19
-0.69,0.72,-0.29
-0.7,0.72,-0.41
-0.66,0.72,-0.51
-0.59,0.72,-0.59
-0.48,0.72,-0.63
-0.38,0.72,-0.66
-0.27,0.72,-0.65
-0.18,0.72,-0.67
-0.09,0.72,-0.69
0.0,0.72,-0.69
0.09,0.72,-0.7
0.22,0.72,-0.81
0.34,0.72,-0.81
0.44,0.72,-0.75
0.51,0.72,-0.65
0.55,0.72,-0.54
0.62,0.72,-0.47
0.67,0.72,-0.39
0.72,0.72,-0.29
0.74,0.72,-0.19
0.75,0.72,-0.1
0.74,0.7,-0.0
0.72,0.7,0.09
0.68,0.7,0.18
0.63,0.7,0.26
0.57,0.7,0.33
0.5,0.7,0.39
0.43,0.7,0.43
0.35,0.7,0.46
0.28,0.7,0.48
0.2,0.7,0.49
0.13,0.7,0.5
0.06,0.7,0.49
-0.0,0.7,0.48
-0.11,0.7,0.86
-0.24,0.7,0.9
-0.35,0.7,0.85
-0.41,0.7,0.71
-0.46,0.7,0.6
-0.58,0.7,0.58
-0.67,0.7,0.51
-0.73,0.7,0.42
-0.76,0.7,0.31
-0.75,0.7,0.2
-0.87,0.7,0.11
-0.89,0.7,-0.0
-0.88,0.7,-0.12
-0.83,0.7,-0.22
-0.71,0.7,-0.3
-0.72,0.7,-0.42
-0.68,0.7,-0.52
-0.6,0.7,-0.6
-0.49,0.7,-0.65
-0.39,0.7,-0.68
-0.28,0.7,-0.67
-0.18,0.7,-0.67
-0.09,0.7,-0.68
0.0,0.7,-0.69
0.09,0.7,-0.69
0.22,0.7,-0.8
0.34,0.7,-0.81
0.44,0.7,-0.75
0.51,0.7,-0.66
0.54,0.7,-0.54
0.61,0.7,-0.47
0.67,0.7,-0.38
0.71,0.7,-0.29
0.74,0.7,-0.19
0.75,0.7,-0.09
0.73,0.68,-0.0
0.71,0.68,0.09
0.67,0.68,0.18
0.62,0.68,0.26
0.57,0.68,0.33
0.5,0.68,0.38
0.43,0.68,0.43
0.35,0.68,0.46
0.28,0.68,0.48
0.2,0.68,0.49
0.13,0.68,0.49
0.06,0.68,0.49
-0.0,0.68,0.47
-0.12,0.68,0.87
-0.25,0.68,0.91
-0.36,0.68,0.86
-0.42,0.68,0.72
-0.47,0.68,0.62
-0.59,0.68,0.59
-0.68,0.68,0.52
-0.75,0.68,0.43
-0.77,0.68,0.32
-0.76,0.68,0.2
-0.9,0.68,0.12
-0.91,0.68,-0.0
-0.91,0.68,-0.12
-0.86,0.68,-0.23
-0.73,0.68,-0.31
-0.74,0.68,-0.43
-0.69,0.68,-0.54
-0.62,0.68,-0.62
-0.51,0.68,-0.67
-0.4,0.68,-0.7
-0.29,0.68,-0.7
-0.17,0.68,-0.65
-0.09,0.68,-0.67
0.0,0.68,-0.68
0.09,0.68,-0.69
0.22,0.68,-0.79
0.34,0.68,-0.8
0.44,0.68,-0.75
0.51,0.68,-0.66
0.54,0.68,-0.54
0.61,0.68,-0.47
0.67,0.68,-0.38
0.71,0.68,-0.29
0.73,0.68,-0.19
0.74,0.68,-0.09
0.73,0.66,-0.0
0.71,0.66,0.09
0.67,0.66,0.18
0.62,0.66,0.26
0.56,0.66,0.32
0.49,0.66,0.38
0.42,0.66,0.42
0.35,0.66,0.46
0.27,0.66,0.48
0.2,0.66,0.49
0.13,0.66,0.49
0.06,0.66,0.48
-0.0,0.66,0.47
-0.12,0.66,0.88
-0.25,0.66,0.91
-0.36,0.66,0.86
-0.42,0.66,0.73
-0.48,0.66,0.63
-0.6,0.66,0.6
-0.7,0.66,0.53
-0.76,0.66,0.44
-0.79,0.66,0.32
-0.78,0.66,0.21
-0.92,0.66,0.12
-0.93,0.66,-0.0
-0.93,0.66,-0.12
-0.88,0.66,-0.24
-0.75,0.66,-0.31
-0.75,0.66,-0.44
-0.71,0.66,-0.55
-0.63,0.66,-0.63
-0.52,0.66,-0.68
-0.41,0.66,-0.72
-0.3,0.66,-0.72
-0.18,0.66,-0.67
-0.08,0.66,-0.66
0.0,0.66,-0.67
0.09,0.66,-0.68
0.21,0.66,-0.78
0.33,0.66,-0.8
0.44,0.66,-0.75
0.52,0.66,-0.67
0.54,0.66,-0.53
0.61,0.66,-0.46
0.66,0.66,-0.38
0.71,0.66,-0.29
0.73,0.66,-0.19
0.74,0.66,-0.09
0.73,0.64,-0.0
0.7,0.64,0.09
0.66,0.64,0.18
0.62,0.64,0.26
0.56,0.64,0.32
0.49,0.64,0.38
0.42,0.64,0.42
0.35,0.64,0.45
0.27,0.64,0.47
0.2,0.64,0.48
0.13,0.64,0.48
0.06,0.64,0.48
-0.0,0.64,0.46
-0.12,0.64,0.89
-0.25,0.64,0.92
-0.36,0.64,0.87
-0.43,0.64,0.74
-0.49,0.64,0.64
-0.61,0.64,0.61
-0.71,0.64,0.54
-0.77,0.64,0.44
-0.8,0.64,0.33
-0.81,0.64,0.22
-0.93,0.64,0.12
-0.94,0.64,-0.0
-0.94,0.64,-0.13
-0.9,0.64,-0.24
-0.77,0.64,-0.32
-0.77,0.64,-0.45
-0.72,0.64,-0.56
-0.64,0.64,-0.64
-0.53,0.64,-0.69
-0.42,0.64,-0.73
-0.3,0.64,-0.74
-0.18,0.64,-0.69
-0.08,0.64,-0.65
0.0,0.64,-0.67
0.09,0.64,-0.67
0.21,0.64,-0.77
0.33,0.64,-0.79
0.44,0.64,-0.75
0.52,0.64,-0.67
0.55,0.64,-0.54
0.6,0.64,-0.46
0.66,0.64,-0.38
0.7,0.64,-0.29
0.73,0.64,-0.19
0.73,0.64,-0.09
0.72,0.62,0.0
0.7,0.62,0.09
0.66,0.62,0.18
0.61,0.62,0.25
0.55,0.62,0.32
0.49,0.62,0.37
0.41,0.62,0.42
0.34,0.62,0.45
0.27,0.62,0.47
0.2,0.62,0.48
0.13,0.62,0.48
0.06,0.62,0.47
-0.0,0.62,0.46
-0.12,0.62,0.89
-0.25,0.62,0.92
-0.36,0.62,0.87
-0.43,0.62,0.74
-0.5,0.62,0.65
-0.62,0.62,0.62
-0.72,0.62,0.55
-0.78,0.62,0.45
-0.81,0.62,0.33
-0.83,0.62,0.22
-0.94,0.62,0.12
-0.95,0.62,-0.0
-0.95,0.62,-0.13
-0.91,0.62,-0.25
-0.78,0.62,-0.33
-0.78,0.62,-0.45
-0.73,0.62,-0.56
-0.65,0.62,-0.65
-0.54,0.62,-0.7
-0.43,0.62,-0.75
-0.31,0.62,-0.75
-0.19,0.62,-0.71
-0.08,0.62,-0.64
0.0,0.62,-0.66
0.09,0.62,-0.67
0.21,0.62,-0.76
0.33,0.62,-0.79
0.44,0.62,-0.75
0.52,0.62,-0.67
0.56,0.62,-0.55
0.6,0.62,-0.46
0.65,0.62,-0.37
0.7,0.62,-0.28
0.72,0.62,-0.19
0.73,0.62,-0.09
0.71,0.6,-0.0
0.69,0.6,0.09
0.65,0.6,0.17
0.6,0.6,0.25
0.55,0.6,0.32
0.48,0.6,0.37
0.41,0.6,0.41
0.34,0.6,0.44
0.27,0.6,0.46
0.19,0.6,0.47
0.13,0.6,0.47
0.06,0.6,0.46
-0.0,0.6,0.45
-0.12,0.6,0.9
-0.25,0.6,0.92
-0.36,0.6,0.87
-0.43,0.6,0.74
-0.51,0.6,0.66
-0.63,0.6,0.62
-0.72,0.6,0.55
-0.79,0.6,0.45
-0.83,0.6,0.34
-0.86,0.6,0.23
-0.96,0.6,0.12
-0.97,0.6,-0.0
-0.97,0.6,-0.13
-0.93,0.6,-0.25
-0.81,0.6,-0.34
-0.8,0.6,-0.46
-0.74,0.6,-0.57
-0.66,0.6,-0.67
-0.55,0.6,-0.72
-0.44,0.6,-0.77
-0.32,0.6,-0.77
-0.19,0.6,-0.72
-0.08,0.6,-0.63
0.0,0.6,-0.65
0.09,0.6,-0.66
0.2,0.6,-0.72
0.32,0.6,-0.76
0.43,0.6,-0.73
0.51,0.6,-0.66
0.55,0.6,-0.55
0.57,0.6,-0.44
0.62,0.6,-0.36
0.66,0.6,-0.27
0.68,0.6,-0.18
0.69,0.6,-0.09
0.67,0.58,-0.0
0.65,0.58,0.09
0.61,0.58,0.16
0.56,0.58,0.23
0.51,0.58,0.29
0.45,0.58,0.35
0.39,0.58,0.39
0.32,0.58,0.42
0.25,0.58,0.44
0.2,0.58,0.48
0.13,0.58,0.48
0.06,0.58,0.47
-0.0,0.58,0.83
-0.12,0.58,0.92
-0.25,0.58,0.91
-0.35,0.58,0.83
-0.4,0.58,0.69
-0.53,0.58,0.69
-0.64,0.58,0.64
-0.73,0.58,0.56
-0.79,0.58,0.46
-0.82,0.58,0.34
-0.87,0.58,0.23
-0.95,0.58,0.12
-0.96,0.58,-0.0
-0.96,0.58,-0.13
-0.9,0.58,-0.24
-0.81,0.58,-0.34
-0.8,0.58,-0.46
-0.75,0.58,-0.58
-0.66,0.58,-0.67
-0.55,0.58,-0.72
-0.44,0.58,-0.77
-0.32,0.58,-0.78
-0.2,0.58,-0.75
-0.08,0.58,-0.66
0.0,0.58,-0.64
0.09,0.58,-0.65
0.2,0.58,-0.72
0.32,0.58,-0.77
0.44,0.58,-0.75
0.52,0.58,-0.68
0.57,0.58,-0.56
0.59,0.58,-0.45
0.64,0.58,-0.37
0.68,0.58,-0.28
0.71,0.58,-0.19
0.71,0.58,-0.09
0.7,0.56,0.0
0.67,0.56,0.09
0.64,0.56,0.17
0.59,0.56,0.24
0.53,0.56,0.31
0.47,0.56,0.36
0.4,0.56,0.4
0.33,0.56,0.43
0.26,0.56,0.45
0.19,0.56,0.45
0.12,0.56,0.45
0.06,0.56,0.45
-0.0,0.56,0.43
-0.12,0.56,0.9
-0.25,0.56,0.92
-0.36,0.56,0.86
-0.42,0.56,0.72
-0.52,0.56,0.68
-0.64,0.56,0.64
-0.74,0.56,0.56
-0.8,0.56,0.46
-0.84,0.56,0.34
-0.86,0.56,0.23
-0.96,0.56,0.12
-0.97,0.56,-0.0
-0.97,0.56,-0.13
-0.93,0.56,-0.25
-0.82,0.56,-0.34
-0.81,0.56,-0.47
-0.75,0.56,-0.58
-0.67,0.56,-0.67
-0.56,0.56,-0.73
-0.45,0.56,-0.78
-0.32,0.56,-0.79
-0.2,0.56,-0.76
-0.09,0.56,-0.68
0.0,0.56,-0.63
0.09,0.56,-0.64
0.19,0.56,-0.7
0.32,0.56,-0.76
0.44,0.56,-0.75
0.53,0.56,-0.68
0.57,0.56,-0.56
0.58,0.56,-0.44
0.64,0.56,-0.36
0.67,0.56,-0.28
0.7,0.56,-0.18
0.7,0.56,-0.09
0.69,0.54,0.0
0.66,0.54,0.09
0.63,0.54,0.17
0.58,0.54,0.24
0.52,0.54,0.3
0.46,0.54,0.35
0.39,0.54,0.39
0.32,0.54,0.42
0.25,0.54,0.44
0.18,0.54,0.45
0.12,0.54,0.44
0.06,0.54,0.44
-0.0,0.54,0.42
-0.12,0.54,0.91
-0.25,0.54,0.93
-0.36,0.54,0.86
-0.42,0.54,0.72
-0.53,0.54,0.68
-0.64,0.54,0.64
-0.74,0.54,0.57
-0.81,0.54,0.47
-0.84,0.54,0.35
-0.86,0.54,0.23
-0.96,0.54,0.12
-0.97,0.54,-0.0
-0.97,0.54,-0.13
-0.93,0.54,-0.25
-0.82,0.54,-0.34
-0.81,0.54,-0.47
-0.76,0.54,-0.59
-0.67,0.54,-0.68
-0.56,0.54,-0.74
-0.45,0.54,-0.79
-0.33,0.54,-0.8
-0.2,0.54,-0.77
-0.09,0.54,-0.69
0.0,0.54,-0.62
0.09,0.54,-0.63
0.18,0.54,-0.67
0.32,0.54,-0.76
0.43,0.54,-0.75
0.53,0.54,-0.68
0.57,0.54,-0.56
0.57,0.54,-0.44
0.63,0.54,-0.36
0.67,0.54,-0.27
0.69,0.54,-0.18
0.7,0.54,-0.09
0.68,0.52,-0.0
0.65,0.52,0.09
0.62,0.52,0.17
0.57,0.52,0.24
0.51,0.52,0.3
0.45,0.52,0.35
0.38,0.52,0.38
0.32,0.52,0.41
0.25,0.52,0.43
0.18,0.52,0.44
0.12,0.52,0.43
0.06,0.52,0.43
-0.0,0.52,0.41
-0.12,0.52,0.92
-0.25,0.52,0.93
-0.36,0.52,0.86
-0.41,0.52,0.71
-0.53,0.52,0.69
-0.65,0.52,0.64
-0.74,0.52,0.57
-0.81,0.52,0.47
-0.85,0.52,0.35
-0.86,0.52,0.23
-0.96,0.52,0.12
-0.97,0.52,-0.0
-0.97,0.52,-0.13
-0.93,0.52,-0.25
-0.83,0.52,-0.35
-0.82,0.52,-0.47
-0.76,0.52,-0.59
-0.68,0.52,-0.68
-0.56,0.52,-0.74
-0.45,0.52,-0.79
-0.33,0.52,-0.81
-0.21,0.52,-0.78
-0.09,0.52,-0.7
0.0,0.52,-0.6
0.08,0.52,-0.62
0.17,0.52,-0.62
0.31,0.52,-0.75
0.43,0.52,-0.74
0.52,0.52,-0.68
0.56,0.52,-0.56
0.57,0.52,-0.43
0.62,0.52,-0.35
0.66,0.52,-0.27
0.68,0.52,-0.18
0.69,0.52,-0.09
0.67,0.5,-0.0
0.64,0.5,0.08
0.61,0.5,0.16
0.56,0.5,0.23
0.5,0.5,0.29
0.44,0.5,0.34
0.38,0.5,0.38
0.31,0.5,0.4
0.24,0.5,0.42
0.18,0.5,0.42
0.11,0.5,0.42
0.05,0.5,0.41
-0.0,0.5,0.75
-0.12,0.5,0.92
-0.25,0.5,0.93
-0.36,0.5,0.86
-0.41,0.5,0.71
-0.53,0.5,0.69
-0.65,0.5,0.65
-0.75,0.5,0.57
-0.82,0.5,0.47
-0.85,0.5,0.35
-0.85,0.5,0.23
-0.95,0.5,0.12
-0.97,0.5,-0.0
-0.97,0.5,-0.13
-0.93,0.5,-0.25
-0.83,0.5,-0.35
-0.82,0.5,-0.48
-0.77,0.5,-0.59
-0.68,0.5,-0.69
-0.57,0.5,-0.75
-0.46,0.5,-0.8
-0.33,0.5,-0.81
-0.21,0.5,-0.78
-0.09,0.5,-0.71
0.0,0.5,-0.59
0.08,0.5,-0.61
0.17,0.5,-0.61
0.31,0.5,-0.74
0.43,0.5,-0.74
0.52,0.5,-0.67
0.56,0.5,-0.55
0.56,0.5,-0.42
0.61,0.5,-0.35
0.65,0.5,-0.26
0.67,0.5,-0.18
0.67,0.5,-0.09
0.65,0.48,-0.0
0.63,0.48,0.08
0.59,0.48,0.16
0.55,0.48,0.23
0.49,0.48,0.28
0.43,0.48,0.33
0.37,0.48,0.37
0.3,0.48,0.39
0.23,0.48,0.41
0.17,0.48,0.41
0.11,0.48,0.41
0.05,0.48,0.4
-0.0,0.48,0.78
-0.12,0.48,0.92
-0.25,0.48,0.93
-0.36,0.48,0.86
-0.42,0.48,0.72
-0.54,0.48,0.69
-0.65,0.48,0.65
-0.75,0.48,0.57
-0.82,0.48,0.47
-0.85,0.48,0.35
-0.85,0.48,0.23
-0.95,0.48,0.12
-0.96,0.48,-0.0
-0.97,0.48,-0.13
-0.93,0.48,-0.25
-0.84,0.48,-0.35
-0.83,0.48,-0.48
-0.77,0.48,-0.6
-0.68,0.48,-0.69
-0.57,0.48,-0.75
-0.46,0.48,-0.8
-0.34,0.48,-0.82
-0.21,0.48,-0.79
-0.09,0.48,-0.72
0.0,0.48,-0.6
0.08,0.48,-0.6
0.16,0.48,-0.6
0.31,0.48,-0.73
0.43,0.48,-0.73
0.52,0.48,-0.67
0.55,0.48,-0.55
0.57,0.48,-0.43
0.6,0.48,-0.34
0.63,0.48,-0.26
0.66,0.48,-0.17
0.66,0.48,-0.08
0.64,0.46,0.0
0.62,0.46,0.08
0.58,0.46,0.16
0.53,0.46,0.22
0.48,0.46,0.28
0.42,0.46,0.32
0.36,0.46,0.36
0.29,0.46,0.38
0.23,0.46,0.39
0.16,0.46,0.4
0.11,0.46,0.4
0.05,0.46,0.39
-0.0,0.46,0.8
-0.12,0.46,0.93
-0.25,0.46,0.93
-0.36,0.46,0.86
-0.42,0.46,0.73
-0.54,0.46,0.7
-0.65,0.46,0.65
-0.75,0.46,0.57
-0.83,0.46,0.48
-0.88,0.46,0.36
-0.86,0.46,0.23
-0.94,0.46,0.12
-0.96,0.46,-0.0
-0.96,0.46,-0.13
-0.92,0.46,-0.25
-0.84,0.46,-0.35
-0.83,0.46,-0.48
-0.77,0.46,-0.6
-0.69,0.46,-0.69
-0.57,0.46,-0.75
-0.46,0.46,-0.81
-0.34,0.46,-0.82
-0.21,0.46,-0.8
-0.09,0.46,-0.72
0.0,0.46,-0.63
0.08,0.46,-0.58
0.16,0.46,-0.59
0.3,0.46,-0.72
0.42,0.46,-0.72
0.51,0.46,-0.66
0.57,0.46,-0.57
0.6,0.46,-0.46
0.59,0.46,-0.34
0.62,0.46,-0.25
0.64,0.46,-0.17
0.65,0.46,-0.08
0.63,0.44,0.0
0.6,0.44,0.08
0.57,0.44,0.15
0.52,0.44,0.22
0.47,0.44,0.27
0.41,0.44,0.31
0.35,0.44,0.35
0.28,0.44,0.37
0.22,0.44,0.38
0.16,0.44,0.38
0.1,0.44,0.38
0.05,0.44,0.37
-0.0,0.44,0.81
-0.12,0.44,0.93
-0.25,0.44,0.93
-0.36,0.44,0.86
-0.42,0.44,0.73
-0.54,0.44,0.71
-0.65,0.44,0.65
-0.76,0.44,0.58
-0.85,0.44,0.49
-0.91,0.44,0.38
-0.9,0.44,0.24
-0.93,0.44,0.12
-0.95,0.44,-0.0
-0.95,0.44,-0.13
-0.91,0.44,-0.25
-0.84,0.44,-0.35
-0.83,0.44,-0.48
-0.78,0.44,-0.6
-0.69,0.44,-0.69
-0.58,0.44,-0.75
-0.46,0.44,-0.81
-0.34,0.44,-0.82
-0.21,0.44,-0.8
-0.09,0.44,-0.73
0.0,0.44,-0.65
0.08,0.44,-0.57
0.16,0.44,-0.57
0.29,0.44,-0.7
0.42,0.44,-0.71
0.5,0.44,-0.65
0.58,0.44,-0.58
0.62,0.44,-0.47
0.57,0.44,-0.33
0.61,0.44,-0.25
0.63,0.44,-0.17
0.63,0.44,-0.08
0.61,0.42,-0.0
0.59,0.42,0.08
0.55,0.42,0.15
0.51,0.42,0.21
0.45,0.42,0.26
0.39,0.42,0.3
0.33,0.42,0.33
0.27,0.42,0.35
0.21,0.42,0.37
0.15,0.42,0.37
0.1,0.42,0.37
0.05,0.42,0.36
-0.0,0.42,0.81
-0.12,0.42,0.93
-0.25,0.42,0.93
-0.36,0.42,0.85
-0.43,0.42,0.74
-0.55,0.42,0.71
-0.66,0.42,0.66
-0.78,0.42,0.59
-0.87,0.42,0.5
-0.94,0.42,0.39
-0.94,0.42,0.25
-0.91,0.42,0.12
-0.93,0.42,-0.0
-0.94,0.42,-0.13
-0.9,0.42,-0.24
-0.84,0.42,-0.35
-0.83,0.42,-0.48
-0.78,0.42,-0.6
-0.69,0.42,-0.69
-0.58,0.42,-0.76
-0.46,0.42,-0.81
-0.34,0.42,-0.83
-0.21,0.42,-0.8
-0.1,0.42,-0.74
0.0,0.42,-0.67
0.07,0.42,-0.55
0.15,0.42,-0.56
0.28,0.42,-0.68
0.41,0.42,-0.7
0.5,0.42,-0.64
0.59,0.42,-0.59
0.63,0.42,-0.48
0.56,0.42,-0.32
0.59,0.42,-0.24
0.61,0.42,-0.16
0.62,0.42,-0.08
0.59,0.4,0.0
0.57,0.4,0.07
0.53,0.4,0.14
0.49,0.4,0.2
0.44,0.4,0.25
0.38,0.4,0.29
0.32,0.4,0.32
0.26,0.4,0.34
0.2,0.4,0.35
0.15,0.4,0.35
0.09,0.4,0.35
0.04,0.4,0.34
-0.0,0.4,0.8
-0.12,0.4,0.93
-0.25,0.4,0.93
-0.35,0.4,0.85
-0.43,0.4,0.75
-0.55,0.4,0.71
-0.67,0.4,0.67
-0.79,0.4,0.6
-0.89,0.4,0.51
-0.97,0.4,0.4
-0.97,0.4,0.26
-0.9,0.4,0.12
-0.92,0.4,-0.0
-0.93,0.4,-0.12
-0.88,0.4,-0.24
-0.85,0.4,-0.35
-0.83,0.4,-0.48
-0.78,0.4,-0.6
-0.69,0.4,-0.69
-0.58,0.4,-0.76
-0.46,0.4,-0.81
-0.34,0.4,-0.83
-0.21,0.4,-0.8
-0.1,0.4,-0.76
0.0,0.4,-0.69
0.08,0.4,-0.58
0.15,0.4,-0.54
0.26,0.4,-0.61
0.4,0.4,-0.68
0.51,0.4,-0.65
0.6,0.4,-0.59
0.64,0.4,-0.49
0.55,0.4,-0.31
0.58,0.4,-0.24
0.6,0.4,-0.16
0.6,0.4,-0.08
0.57,0.38,0.0
0.55,0.38,0.07
0.51,0.38,0.14
0.47,0.38,0.19
0.42,0.38,0.24
0.36,0.38,0.28
0.31,0.38,0.31
0.25,0.38,0.32
0.19,0.38,0.33
0.14,0.38,0.33
0.09,0.38,0.33
0.04,0.38,0.32
-0.0,0.38,0.79
-0.12,0.38,0.92
-0.25,0.38,0.93
-0.35,0.38,0.85
-0.44,0.38,0.75
-0.55,0.38,0.72
-0.68,0.38,0.68
-0.8,0.38,0.61
-0.91,0.38,0.52
-0.99,0.38,0.41
-1.0,0.38,0.26
-0.9,0.38,0.12
-0.9,0.38,-0.0
-0.91,0.38,-0.12
-0.86,0.38,-0.23
-0.84,0.38,-0.35
-0.83,0.38,-0.48
-0.78,0.38,-0.6
-0.69,0.38,-0.69
-0.58,0.38,-0.76
-0.46,0.38,-0.81
-0.34,0.38,-0.83
-0.21,0.38,-0.8
-0.1,0.38,-0.77
0.0,0.38,-0.7
0.08,0.38,-0.59
0.14,0.38,-0.52
0.22,0.38,-0.52
0.38,0.38,-0.65
0.51,0.38,-0.66
0.6,0.38,-0.6
0.65,0.38,-0.49
0.58,0.38,-0.33
0.56,0.38,-0.23
0.58,0.38,-0.15
0.58,0.38,-0.07
0.55,0.36,0.0
0.53,0.36,0.07
0.49,0.36,0.13
0.45,0.36,0.19
0.4,0.36,0.23
0.35,0.36,0.27
0.29,0.36,0.29
0.23,0.36,0.31
0.18,0.36,0.31
0.13,0.36,0.31
0.08,0.36,0.31
0.04,0.36,0.3
-0.0,0.36,0.58
-0.12,0.36,0.92
-0.25,0.36,0.92
-0.35,0.36,0.84
-0.44,0.36,0.76
-0.56,0.36,0.73
-0.68,0.36,0.68
-0.81,0.36,0.62
-0.93,0.36,0.53
-1.01,0.36,0.42
-1.02,0.36,0.27
-0.94,0.36,0.12
-0.86,0.36,-0.0
-0.88,0.36,-0.12
-0.87,0.36,-0.23
-0.85,0.36,-0.36
-0.83,0.36,-0.48
-0.77,0.36,-0.6
-0.69,0.36,-0.69
-0.58,0.36,-0.76
-0.46,0.36,-0.81
-0.34,0.36,-0.83
-0.21,0.36,-0.81
-0.1,0.36,-0.78
0.0,0.36,-0.71
0.08,0.36,-0.61
0.14,0.36,-0.5
0.21,0.36,-0.5
0.38,0.36,-0.66
0.51,0.36,-0.66
0.61,0.36,-0.6
0.65,0.36,-0.49
0.6,0.36,-0.34
0.54,0.36,-0.22
0.56,0.36,-0.15
0.56,0.36,-0.07
0.53,0.34,-0.0
0.5,0.34,0.07
0.47,0.34,0.13
0.43,0.34,0.18
0.38,0.34,0.22
0.33,0.34,0.25
0.27,0.34,0.27
0.22,0.34,0.28
0.17,0.34,0.29
0.12,0.34,0.29
0.08,0.34,0.28
0.05,0.34,0.4
-0.0,0.34,0.59
-0.12,0.34,0.91
-0.25,0.34,0.91
-0.35,0.34,0.83
-0.44,0.34,0.76
-0.56,0.34,0.73
-0.69,0.34,0.69
-0.82,0.34,0.63
-0.95,0.34,0.54
-1.03,0.34,0.42
-1.04,0.34,0.28
-0.97,0.34,0.13
-0.8,0.34,-0.0
-0.86,0.34,-0.12
-0.88,0.34,-0.24
-0.86,0.34,-0.36
-0.82,0.34,-0.48
-0.77,0.34,-0.6
-0.68,0.34,-0.69
-0.57,0.34,-0.75
-0.46,0.34,-0.81
-0.34,0.34,-0.82
-0.21,0.34,-0.81
-0.1,0.34,-0.78
0.0,0.34,-0.72
0.08,0.34,-0.62
0.13,0.34,-0.48
0.2,0.34,-0.48
0.39,0.34,-0.66
0.52,0.34,-0.67
0.61,0.34,-0.6
0.65,0.34,-0.5
0.62,0.34,-0.35
0.52,0.34,-0.21
0.54,0.34,-0.14
0.54,0.34,-0.07
0.5,0.32,-0.0
0.48,0.32,0.06
0.44,0.32,0.12
0.4,0.32,0.17
0.35,0.32,0.2
0.3,0.32,0.23
0.25,0.32,0.25
0.2,0.32,0.26
0.15,0.32,0.26
0.11,0.32,0.26
0.07,0.32,0.25
0.06,0.32,0.44
-0.0,0.32,0.61
-0.12,0.32,0.89
-0.24,0.32,0.9
-0.34,0.32,0.82
-0.44,0.32,0.77
-0.56,0.32,0.73
-0.7,0.32,0.7
-0.83,0.32,0.64
-0.96,0.32,0.55
-1.04,0.32,0.43
-1.05,0.32,0.28
-0.99,0.32,0.13
-0.81,0.32,-0.0
-0.87,0.32,-0.12
-0.89,0.32,-0.24
-0.87,0.32,-0.36
-0.82,0.32,-0.48
-0.77,0.32,-0.59
-0.68,0.32,-0.68
-0.57,0.32,-0.75
-0.46,0.32,-0.8
-0.34,0.32,-0.82
-0.22,0.32,-0.82
-0.1,0.32,-0.79
0.0,0.32,-0.73
0.08,0.32,-0.63
0.13,0.32,-0.49
0.19,0.32,-0.45
0.39,0.32,-0.66
0.52,0.32,-0.67
0.61,0.32,-0.6
0.66,0.32,-0.5
0.63,0.32,-0.36
0.5,0.32,-0.2
0.51,0.32,-0.13
0.51,0.32,-0.07
0.47,0.3,0.0
0.45,0.3,0.06
0.41,0.3,0.11
0.37,0.3,0.15
0.33,0.3,0.19
0.28,0.3,0.21
0.23,0.3,0.23
0.18,0.3,0.24
0.14,0.3,0.24
0.1,0.3,0.23
0.06,0.3,0.22
0.06,0.3,0.46
-0.0,0.3,0.62
-0.12,0.3,0.88
-0.24,0.3,0.89
-0.33,0.3,0.8
-0.45,0.3,0.77
-0.57,0.3,0.74
-0.7,0.3,0.7
-0.84,0.3,0.64
-0.97,0.3,0.56
-1.05,0.3,0.43
-1.07,0.3,0.28
-1.01,0.3,0.13
-0.82,0.3,-0.0
-0.89,0.3,-0.12
-0.9,0.3,-0.24
-0.88,0.3,-0.37
-0.82,0.3,-0.48
-0.76,0.3,-0.59
-0.68,0.3,-0.68
-0.57,0.3,-0.75
-0.46,0.3,-0.8
-0.34,0.3,-0.82
-0.22,0.3,-0.82
-0.1,0.3,-0.8
0.0,0.3,-0.73
0.09,0.3,-0.63
0.14,0.3,-0.5
0.18,0.3,-0.42
0.39,0.3,-0.66
0.51,0.3,-0.67
0.61,0.3,-0.6
0.66,0.3,-0.5
0.64,0.3,-0.36
0.47,0.3,-0.19
0.48,0.3,-0.13
0.48,0.3,-0.06
0.44,0.28,0.0
0.41,0.28,0.05
0.38,0.28,0.1
0.34,0.28,0.14
0.29,0.28,0.17
0.25,0.28,0.19
0.2,0.28,0.2
0.16,0.28,0.2
0.12,0.28,0.2
0.08,0.28,0.19
0.05,0.28,0.18
0.06,0.28,0.47
-0.0,0.28,0.62
-0.11,0.28,0.85
-0.23,0.28,0.87
-0.33,0.28,0.79
-0.45,0.28,0.78
-0.57,0.28,0.74
-0.71,0.28,0.71
-0.85,0.28,0.65
-0.98,0.28,0.57
-1.06,0.28,0.44
-1.08,0.28,0.29
-1.03,0.28,0.13
-0.86,0.28,-0.0
-0.9,0.28,-0.12
-0.91,0.28,-0.25
-0.89,0.28,-0.37
-0.83,0.28,-0.48
-0.76,0.28,-0.59
-0.67,0.28,-0.68
-0.57,0.28,-0.74
-0.46,0.28,-0.8
-0.34,0.28,-0.82
-0.22,0.28,-0.83
-0.1,0.28,-0.8
0.0,0.28,-0.74
0.09,0.28,-0.64
0.14,0.28,-0.51
0.16,0.28,-0.39
0.38,0.28,-0.66
0.51,0.28,-0.66
0.61,0.28,-0.61
0.66,0.28,-0.5
0.65,0.28,-0.37
0.44,0.28,-0.18
0.45,0.28,-0.12
0.45,0.28,-0.06
0.4,0.26,-0.0
0.37,0.26,0.05
0.34,0.26,0.09
0.3,0.26,0.12
0.25,0.26,0.15
0.21,0.26,0.16
0.17,0.26,0.17
0.13,0.26,0.16
0.09,0.26,0.16
0.06,0.26,0.15
0.04,0.26,0.14
0.06,0.26,0.48
-0.0,0.26,0.63
-0.11,0.26,0.81
-0.23,0.26,0.84
-0.33,0.26,0.8
-0.45,0.26,0.78
-0.57,0.26,0.74
-0.71,0.26,0.71
-0.86,0.26,0.66
-0.99,0.26,0.57
-1.07,0.26,0.44
-1.09,0.26,0.29
-1.04,0.26,0.13
-0.89,0.26,-0.0
-0.91,0.26,-0.12
-0.92,0.26,-0.25
-0.89,0.26,-0.37
-0.83,0.26,-0.49
-0.76,0.26,-0.59
-0.67,0.26,-0.67
-0.56,0.26,-0.74
-0.45,0.26,-0.79
-0.34,0.26,-0.82
-0.22,0.26,-0.83
-0.1,0.26,-0.8
0.0,0.26,-0.74
0.09,0.26,-0.64
0.14,0.26,-0.51
0.15,0.26,-0.35
0.38,0.26,-0.65
0.51,0.26,-0.66
0.61,0.26,-0.61
0.67,0.26,-0.51
0.65,0.26,-0.37
0.41,0.26,-0.17
0.42,0.26,-0.11
0.41,0.26,-0.05
0.35,0.24,-0.0
0.32,0.24,0.04
0.28,0.24,0.08
0.24,0.24,0.1
0.2,0.24,0.11
0.16,0.24,0.12
0.12,0.24,0.12
0.08,0.24,0.11
0.05,0.24,0.09
0.03,0.24,0.08
0.02,0.24,0.07
0.06,0.24,0.49
-0.0,0.24,0.63
-0.1,0.24,0.73
-0.22,0.24,0.8
-0.33,0.24,0.8
-0.45,0.24,0.78
-0.57,0.24,0.74
-0.72,0.24,0.71
-0.87,0.24,0.67
-1.0,0.24,0.58
-1.08,0.24,0.45
-1.1,0.24,0.29
-1.05,0.24,0.14
-0.9,0.24,-0.0
-0.91,0.24,-0.12
-0.93,0.24,-0.25
-0.9,0.24,-0.37
-0.84,0.24,-0.49
-0.76,0.24,-0.59
-0.67,0.24,-0.67
-0.56,0.24,-0.74
-0.45,0.24,-0.79
-0.34,0.24,-0.82
-0.22,0.24,-0.83
-0.1,0.24,-0.8
0.0,0.24,-0.73
0.09,0.24,-0.63
0.13,0.24,-0.49
0.09,0.24,-0.22
0.37,0.24,-0.64
0.5,0.24,-0.65
0.6,0.24,-0.59
0.66,0.24,-0.5
0.65,0.24,-0.37
0.26,0.24,-0.11
0.26,0.24,-0.07
0.24,0.24,-0.03
-0.1,0.22,-0.0
-0.09,0.22,-0.01
-0.08,0.22,-0.02
-0.07,0.22,-0.03
-0.06,0.22,-0.04
-0.06,0.22,-0.04
-0.05,0.22,-0.05
-0.04,0.22,-0.06
-0.04,0.22,-0.07
-0.03,0.22,-0.08
-0.02,0.22,-0.09
0.07,0.22,0.51
-0.0,0.22,0.65
-0.1,0.22,0.74
-0.21,0.22,0.79
-0.33,0.22,0.8
-0.45,0.22,0.78
-0.57,0.22,0.75
-0.72,0.22,0.72
-0.88,0.22,0.67
-1.01,0.22,0.58
-1.09,0.22,0.45
-1.11,0.22,0.3
-1.06,0.22,0.14
-0.93,0.22,-0.0
-0.92,0.22,-0.12
-0.94,0.22,-0.25
-0.91,0.22,-0.38
-0.84,0.22,-0.49
-0.76,0.22,-0.59
-0.66,0.22,-0.67
-0.56,0.22,-0.73
-0.45,0.22,-0.79
-0.34,0.22,-0.82
-0.22,0.22,-0.83
-0.1,0.22,-0.8
0.0,0.22,-0.74
0.09,0.22,-0.65
0.14,0.22,-0.52
0.13,0.22,-0.32
0.37,0.22,-0.63
0.51,0.22,-0.66
0.61,0.22,-0.61
0.67,0.22,-0.51
0.67,0.22,-0.38
0.3,0.22,-0.12
0.3,0.22,-0.08
0.29,0.22,-0.04
-0.08,0.2,-0.0
-0.07,0.2,-0.01
-0.07,0.2,-0.02
-0.06,0.2,-0.03
-0.05,0.2,-0.03
-0.05,0.2,-0.04
-0.04,0.2,-0.04
-0.04,0.2,-0.05
-0.03,0.2,-0.06
-0.03,0.2,-0.07
-0.02,0.2,-0.08
0.06,0.2,0.49
-0.0,0.2,0.63
-0.1,0.2,0.73
-0.21,0.2,0.78
-0.33,0.2,0.8
-0.45,0.2,0.78
-0.57,0.2,0.74
-0.72,0.2,0.72
-0.88,0.2,0.68
-1.02,0.2,0.58
-1.1,0.2,0.45
-1.12,0.2,0.3
-1.07,0.2,0.14
-0.94,0.2,-0.0
-0.93,0.2,-0.12
-0.94,0.2,-0.25
-0.91,0.2,-0.38
-0.85,0.2,-0.49
-0.76,0.2,-0.59
-0.66,0.2,-0.67
-0.55,0.2,-0.73
-0.45,0.2,-0.78
-0.34,0.2,-0.82
-0.22,0.2,-0.83
-0.1,0.2,-0.8
0.0,0.2,-0.74
0.09,0.2,-0.65
0.14,0.2,-0.52
0.13,0.2,-0.31
0.36,0.2,-0.63
0.51,0.2,-0.66
0.61,0.2,-0.61
0.67,0.2,-0.51
0.68,0.2,-0.39
-0.13,0.2,0.05
-0.13,0.2,0.03
-0.1,0.2,0.01
-0.08,0.18,-0.0
-0.07,0.18,-0.01
-0.06,0.18,-0.02
-0.06,0.18,-0.02
-0.05,0.18,-0.03
-0.05,0.18,-0.03
-0.04,0.18,-0.04
-0.04,0.18,-0.05
-0.03,0.18,-0.05
-0.03,0.18,-0.06
-0.02,0.18,-0.07
0.06,0.18,0.49
-0.0,0.18,0.63
-0.1,0.18,0.73
-0.21,0.18,0.78
-0.33,0.18,0.8
-0.45,0.18,0.78
-0.57,0.18,0.74
-0.73,0.18,0.72
-0.89,0.18,0.68
-1.02,0.18,0.59
-1.1,0.18,0.45
-1.12,0.18,0.3
-1.08,0.18,0.14
-0.95,0.18,-0.0
-0.93,0.18,-0.13
-0.94,0.18,-0.26
-0.91,0.18,-0.38
-0.85,0.18,-0.49
-0.76,0.18,-0.59
-0.66,0.18,-0.66
-0.55,0.18,-0.72
-0.45,0.18,-0.78
-0.34,0.18,-0.82
-0.22,0.18,-0.83
-0.1,0.18,-0.8
0.0,0.18,-0.74
0.09,0.18,-0.64
0.14,0.18,-0.51
0.12,0.18,-0.3
0.36,0.18,-0.61
0.51,0.18,-0.65
0.61,0.18,-0.61
0.68,0.18,-0.51
0.68,0.18,-0.39
-0.13,0.18,0.05
-0.11,0.18,0.03
-0.09,0.18,0.01
-0.07,0.16,-0.0
-0.06,0.16,-0.01
-0.06,0.16,-0.01
-0.05,0.16,-0.02
-0.05,0.16,-0.03
-0.04,0.16,-0.03
-0.04,0.16,-0.04
-0.03,0.16,-0.04
-0.03,0.16,-0.05
-0.02,0.16,-0.06
-0.02,0.16,-0.07
0.06,0.16,0.48
-0.0,0.16,0.63
-0.1,0.16,0.73
-0.21,0.16,0.78
-0.33,0.16,0.8
-0.45,0.16,0.78
-0.57,0.16,0.74
-0.73,0.16,0.72
-0.89,0.16,0.68
-1.03,0.16,0.59
-1.11,0.16,0.46
-1.13,0.16,0.3
-1.08,0.16,0.14
-0.96,0.16,-0.0
-0.94,0.16,-0.13
-0.95,0.16,-0.26
-0.92,0.16,-0.38
-0.85,0.16,-0.49
-0.76,0.16,-0.58
-0.66,0.16,-0.66
-0.55,0.16,-0.72
-0.45,0.16,-0.78
-0.34,0.16,-0.82
-0.22,0.16,-0.83
-0.1,0.16,-0.8
0.0,0.16,-0.74
0.09,0.16,-0.64
0.14,0.16,-0.51
-0.05,0.16,0.12
0.35,0.16,-0.6
0.5,0.16,-0.65
0.61,0.16,-0.61
0.68,0.16,-0.52
0.69,0.16,-0.39
-0.13,0.16,0.05
-0.1,0.16,0.03
-0.08,0.16,0.01
-0.06,0.14,-0.0
-0.06,0.14,-0.01
-0.05,0.14,-0.01
-0.05,0.14,-0.02
-0.04,0.14,-0.02
-0.04,0.14,-0.03
-0.03,0.14,-0.03
-0.03,0.14,-0.04
-0.03,0.14,-0.05
-0.02,0.14,-0.05
-0.02,0.14,-0.06
0.06,0.14,0.47
-0.0,0.14,0.62
-0.1,0.14,0.72
-0.21,0.14,0.78
-0.33,0.14,0.8
-0.45,0.14,0.78
-0.57,0.14,0.74
-0.73,0.14,0.73
-0.9,0.14,0.69
-1.03,0.14,0.59
-1.11,0.14,0.46
-1.13,0.14,0.3
-1.09,0.14,0.14
-0.96,0.14,-0.0
-0.94,0.14,-0.13
-0.95,0.14,-0.26
-0.92,0.14,-0.38
-0.85,0.14,-0.49
-0.76,0.14,-0.58
-0.65,0.14,-0.66
-0.54,0.14,-0.71
-0.44,0.14,-0.77
-0.33,0.14,-0.81
-0.22,0.14,-0.82
-0.1,0.14,-0.8
0.0,0.14,-0.73
0.09,0.14,-0.63
0.14,0.14,-0.5
-0.05,0.14,0.12
0.34,0.14,-0.58
0.5,0.14,-0.65
0.61,0.14,-0.61
0.68,0.14,-0.52
0.69,0.14,-0.39
-0.13,0.14,0.05
-0.09,0.14,0.02
-0.07,0.14,0.01
-0.06,0.12,-0.0
-0.05,0.12,-0.01
-0.05,0.12,-0.01
-0.04,0.12,-0.02
-0.04,0.12,-0.02
-0.04,0.12,-0.03
-0.03,0.12,-0.03
-0.03,0.12,-0.04
-0.02,0.12,-0.04
-0.02,0.12,-0.05
-0.02,0.12,-0.06
0.06,0.12,0.46
-0.0,0.12,0.62
-0.1,0.12,0.72
-0.21,0.12,0.77
-0.33,0.12,0.79
-0.45,0.12,0.77
-0.57,0.12,0.74
-0.73,0.12,0.73
-0.9,0.12,0.69
-1.03,0.12,0.59
-1.11,0.12,0.46
-1.13,0.12,0.3
-1.09,0.12,0.14
-0.97,0.12,-0.0
-0.94,0.12,-0.13
-0.95,0.12,-0.26
-0.92,0.12,-0.38
-0.85,0.12,-0.5
-0.75,0.12,-0.58
-0.65,0.12,-0.65
-0.54,0.12,-0.7
-0.44,0.12,-0.77
-0.33,0.12,-0.81
-0.22,0.12,-0.82
-0.1,0.12,-0.79
0.0,0.12,-0.73
0.08,0.12,-0.63
0.13,0.12,-0.49
-0.05,0.12,0.12
-0.06,0.12,0.11
0.5,0.12,-0.64
0.61,0.12,-0.61
0.68,0.12,-0.52
0.69,0.12,-0.39
-0.12,0.12,0.05
-0.08,0.12,0.02
-0.07,0.12,0.01
-0.06,0.1,-0.0
-0.05,0.1,-0.01
-0.05,0.1,-0.01
-0.04,0.1,-0.02
-0.04,0.1,-0.02
-0.03,0.1,-0.03
-0.03,0.1,-0.03
-0.03,0.1,-0.04
-0.02,0.1,-0.04
-0.02,0.1,-0.05
-0.01,0.1,-0.05
0.06,0.1,0.44
-0.0,0.1,0.61
-0.09,0.1,0.71
-0.21,0.1,0.77
-0.33,0.1,0.79
-0.44,0.1,0.77
-0.57,0.1,0.75
-0.73,0.1,0.73
-0.9,0.1,0.69
-1.03,0.1,0.59
-1.11,0.1,0.46
-1.14,0.1,0.3
-1.09,0.1,0.14
-0.97,0.1,-0.0
-0.94,0.1,-0.13
-0.95,0.1,-0.26
-0.92,0.1,-0.38
-0.85,0.1,-0.5
-0.76,0.1,-0.58
-0.64,0.1,-0.65
-0.53,0.1,-0.7
-0.44,0.1,-0.76
-0.33,0.1,-0.81
-0.21,0.1,-0.81
-0.1,0.1,-0.78
0.0,0.1,-0.72
0.08,0.1,-0.62
0.13,0.1,-0.47
-0.05,0.1,0.13
-0.07,0.1,0.12
0.5,0.1,-0.64
0.61,0.1,-0.6
0.68,0.1,-0.52
0.69,0.1,-0.39
-0.11,0.1,0.04
-0.08,0.1,0.02
-0.07,0.1,0.01
-0.06,0.08,-0.0
-0.05,0.08,-0.01
-0.05,0.08,-0.01
-0.04,0.08,-0.02
-0.04,0.08,-0.02
-0.03,0.08,-0.03
-0.03,0.08,-0.03
-0.03,0.08,-0.04
-0.02,0.08,-0.04
-0.02,0.08,-0.05
-0.01,0.08,-0.05
0.05,0.08,0.41
-0.0,0.08,0.6
-0.09,0.08,0.7
-0.2,0.08,0.76
-0.32,0.08,0.78
-0.44,0.08,0.76
-0.58,0.08,0.75
-0.73,0.08,0.73
-0.9,0.08,0.69
-1.03,0.08,0.59
-1.11,0.08,0.46
-1.14,0.08,0.3
-1.09,0.08,0.14
-0.97,0.08,-0.0
-0.94,0.08,-0.13
-0.95,0.08,-0.26
-0.92,0.08,-0.38
-0.85,0.08,-0.5
-0.76,0.08,-0.58
-0.64,0.08,-0.64
-0.53,0.08,-0.69
-0.43,0.08,-0.76
-0.33,0.08,-0.8
-0.21,0.08,-0.8
-0.1,0.08,-0.78
0.0,0.08,-0.71
0.08,0.08,-0.61
0.12,0.08,-0.46
-0.06,0.08,0.13
-0.07,0.08,0.12
0.49,0.08,-0.64
0.61,0.08,-0.6
0.68,0.08,-0.51
0.68,0.08,-0.39
-0.11,0.08,0.04
-0.08,0.08,0.02
-0.07,0.08,0.01
-0.06,0.06,0.0
-0.05,0.06,-0.01
-0.05,0.06,-0.01
-0.04,0.06,-0.02
-0.04,0.06,-0.02
-0.03,0.06,-0.03
-0.03,0.06,-0.03
-0.03,0.06,-0.04
-0.02,0.06,-0.04
-0.02,0.06,-0.05
-0.01,0.06,-0.05
-0.01,0.06,-0.06
-0.0,0.06,0.58
-0.09,0.06,0.69
-0.2,0.06,0.75
-0.32,0.06,0.77
-0.44,0.06,0.76
-0.57,0.06,0.75
-0.73,0.06,0.73
-0.9,0.06,0.69
-1.03,0.06,0.59
-1.11,0.06,0.46
-1.14,0.06,0.3
-1.09,0.06,0.14
-0.97,0.06,-0.0
-0.94,0.06,-0.13
-0.95,0.06,-0.26
-0.92,0.06,-0.38
-0.85,0.06,-0.5
-0.76,0.06,-0.58
-0.63,0.06,-0.64
-0.52,0.06,-0.68
-0.43,0.06,-0.75
-0.32,0.06,-0.79
-0.21,0.06,-0.8
-0.1,0.06,-0.77
0.0,0.06,-0.7
0.08,0.06,-0.59
0.12,0.06,-0.43
-0.06,0.06,0.14
-0.07,0.06,0.13
0.49,0.06,-0.63
0.6,0.06,-0.6
0.67,0.06,-0.51
0.67,0.06,-0.39
-0.11,0.06,0.04
-0.08,0.06,0.02
-0.07,0.06,0.01
-0.06,0.04,-0.0
-0.05,0.04,-0.01
-0.05,0.04,-0.01
-0.04,0.04,-0.02
-0.04,0.04,-0.02
-0.04,0.04,-0.03
-0.03,0.04,-0.03
-0.03,0.04,-0.04
-0.02,0.04,-0.04
-0.02,0.04,-0.05
-0.01,0.04,-0.06
-0.01,0.04,-0.07
-0.0,0.04,0.56
-0.09,0.04,0.68
-0.2,0.04,0.74
-0.32,0.04,0.76
-0.44,0.04,0.75
-0.57,0.04,0.75
-0.73,0.04,0.73
-0.9,0.04,0.69
-1.03,0.04,0.59
-1.11,0.04,0.46
-1.13,0.04,0.3
-1.09,0.04,0.14
-0.97,0.04,-0.0
-0.93,0.04,-0.13
-0.94,0.04,-0.26
-0.92,0.04,-0.38
-0.85,0.04,-0.5
-0.75,0.04,-0.58
-0.63,0.04,-0.63
-0.51,0.04,-0.67
-0.43,0.04,-0.74
-0.32,0.04,-0.78
-0.21,0.04,-0.79
-0.1,0.04,-0.75
0.0,0.04,-0.68
0.08,0.04,-0.57
0.1,0.04,-0.38
-0.06,0.04,0.15
-0.08,0.04,0.14
0.48,0.04,-0.62
0.6,0.04,-0.59
0.66,0.04,-0.5
0.66,0.04,-0.38
-0.11,0.04,0.05
-0.08,0.04,0.02
-0.07,0.04,0.01
-0.06,0.02,-0.0
-0.06,0.02,-0.01
-0.05,0.02,-0.01
-0.05,0.02,-0.02
-0.04,0.02,-0.02
-0.04,0.02,-0.03
-0.03,0.02,-0.03
-0.03,0.02,-0.04
-0.03,0.02,-0.04
-0.02,0.02,-0.05
-0.02,0.02,-0.06
-0.01,0.02,-0.07
-0.0,0.02,0.54
-0.09,0.02,0.66
-0.2,0.02,0.73
-0.31,0.02,0.75
-0.43,0.02,0.75
-0.57,0.02,0.74
-0.73,0.02,0.73
-0.9,0.02,0.68
-1.03,0.02,0.59
-1.11,0.02,0.46
-1.13,0.02,0.3
-1.09,0.02,0.14
-0.96,0.02,-0.0
-0.93,0.02,-0.12
-0.94,0.02,-0.25
-0.92,0.02,-0.38
-0.85,0.02,-0.49
-0.75,0.02,-0.58
-0.63,0.02,-0.63
-0.51,0.02,-0.66
-0.42,0.02,-0.73
-0.32,0.02,-0.77
-0.2,0.02,-0.78
-0.09,0.02,-0.74
0.0,0.02,-0.67
0.07,0.02,-0.55
-0.05,0.02,0.18
-0.07,0.02,0.16
-0.08,0.02,0.14
0.47,0.02,-0.61
0.59,0.02,-0.58
0.65,0.02,-0.5
0.65,0.02,-0.37
-0.12,0.02,0.05
