-4.96,2.1,-0.65
-4.83,2.1,-1.3
-4.62,2.1,-1.91
-4.33,2.1,-2.5
-3.97,2.1,-3.05
-3.53,2.1,-3.54
-3.04,2.1,-3.97
-2.5,2.1,-4.33
-1.91,2.1,-4.62
-1.29,2.1,-4.83
-0.65,2.1,-4.96
0.01,2.1,-5.0
0.66,2.1,-4.96
1.3,2.1,-4.83
1.92,2.1,-4.62
2.51,2.1,-4.33
3.05,2.1,-3.96
3.54,2.1,-3.53
3.97,2.1,-3.04
4.34,2.1,-2.49
4.62,2.1,-1.9
4.83,2.1,-1.28
4.96,2.1,-0.64
5.0,2.1,0.01
4.96,2.1,0.67
4.83,2.1,1.31
4.61,2.1,1.93
4.32,2.1,2.51
3.96,2.1,3.06
3.52,2.1,3.55
3.03,2.1,3.98
2.49,2.1,4.34
1.9,2.1,4.63
1.28,2.1,4.83
0.64,2.1,4.96
-0.02,2.1,5.0
-0.67,2.1,4.95
-1.31,2.1,4.82
-1.93,2.1,4.61
-2.52,2.1,4.32
-3.06,2.1,3.95
-3.55,2.1,3.52
-3.98,2.1,3.03
-4.34,2.1,2.48
-4.63,2.1,1.89
-4.84,2.1,1.27
-4.96,2.1,0.63
-5.0,2.08,0.0
-4.96,2.08,-0.65
-4.83,2.08,-1.3
-4.62,2.08,-1.91
-4.33,2.08,-2.5
-3.97,2.08,-3.05
-3.53,2.08,-3.54
-3.04,2.08,-3.97
-2.5,2.08,-4.33
-1.91,2.08,-4.62
-1.29,2.08,-4.83
-0.65,2.08,-4.96
0.01,2.08,-5.0
0.66,2.08,-4.96
1.3,2.08,-4.83
1.92,2.08,-4.62
2.51,2.08,-4.33
3.05,2.08,-3.96
3.54,2.08,-3.53
3.97,2.08,-3.04
4.34,2.08,-2.49
4.62,2.08,-1.9
4.83,2.08,-1.28
4.96,2.08,-0.64
5.0,2.08,0.01
4.96,2.08,0.67
4.83,2.08,1.31
4.61,2.08,1.93
4.32,2.08,2.51
3.96,2.08,3.06
3.52,2.08,3.55
3.03,2.08,3.98
2.49,2.08,4.34
1.9,2.08,4.63
1.28,2.08,4.83
0.64,2.08,4.96
-0.02,2.08,5.0
-0.67,2.08,4.95
-1.31,2.08,4.82
-1.93,2.08,4.61
-2.52,2.08,4.32
-3.06,2.08,3.95
-3.55,2.08,3.52
-3.98,2.08,3.03
-4.34,2.08,2.48
-4.63,2.08,1.89
-4.84,2.08,1.27
-4.96,2.08,0.63
-5.0,2.06,0.0
-4.96,2.06,-0.65
-4.83,2.06,-1.3
-4.62,2.06,-1.91
-4.33,2.06,-2.5
-3.97,2.06,-3.05
-3.53,2.06,-3.54
-3.04,2.06,-3.97
-2.5,2.06,-4.33
-1.91,2.06,-4.62
-1.29,2.06,-4.83
-0.65,2.06,-4.96
0.01,2.06,-5.0
0.66,2.06,-4.96
1.3,2.06,-4.83
1.92,2.06,-4.62
2.51,2.06,-4.33
3.05,2.06,-3.96
3.54,2.06,-3.53
3.97,2.06,-3.04
4.34,2.06,-2.49
4.62,2.06,-1.9
4.83,2.06,-1.28
4.96,2.06,-0.64
5.0,2.06,0.01
4.96,2.06,0.67
4.83,2.06,1.31
4.61,2.06,1.93
4.32,2.06,2.51
3.96,2.06,3.06
3.52,2.06,3.55
3.03,2.06,3.98
2.49,2.06,4.34
1.9,2.06,4.63
1.28,2.06,4.83
0.64,2.06,4.96
-0.02,2.06,5.0
-0.67,2.06,4.95
-1.31,2.06,4.82
-1.93,2.06,4.61
-2.52,2.06,4.32
-3.06,2.06,3.95
-3.55,2.06,3.52
-3.98,2.06,3.03
-4.34,2.06,2.48
-4.63,2.06,1.89
-4.84,2.06,1.27
-4.96,2.06,0.63
-5.0,2.04,0.0
-4.96,2.04,-0.65
-4.83,2.04,-1.3
-4.62,2.04,-1.91
-4.33,2.04,-2.5
-3.97,2.04,-3.05
-3.53,2.04,-3.54
-3.04,2.04,-3.97
-2.5,2.04,-4.33
-1.91,2.04,-4.62
-1.29,2.04,-4.83
-0.65,2.04,-4.96
0.01,2.04,-5.0
0.66,2.04,-4.96
1.3,2.04,-4.83
1.92,2.04,-4.62
2.51,2.04,-4.33
3.05,2.04,-3.96
3.54,2.04,-3.53
3.97,2.04,-3.04
4.34,2.04,-2.49
4.62,2.04,-1.9
4.83,2.04,-1.28
4.96,2.04,-0.64
5.0,2.04,0.01
4.96,2.04,0.67
4.83,2.04,1.31
4.61,2.04,1.93
4.32,2.04,2.51
3.96,2.04,3.06
3.52,2.04,3.55
3.03,2.04,3.98
2.49,2.04,4.34
1.9,2.04,4.63
1.28,2.04,4.83
0.64,2.04,4.96
-0.02,2.04,5.0
-0.67,2.04,4.95
-1.31,2.04,4.82
-1.93,2.04,4.61
-2.52,2.04,4.32
-3.06,2.04,3.95
-3.55,2.04,3.52
-3.98,2.04,3.03
-4.34,2.04,2.48
-4.63,2.04,1.89
-4.84,2.04,1.27
-4.96,2.04,0.63
-5.0,2.02,0.0
-4.96,2.02,-0.65
-4.83,2.02,-1.3
-4.62,2.02,-1.91
-4.33,2.02,-2.5
-3.97,2.02,-3.05
-3.53,2.02,-3.54
-3.04,2.02,-3.97
-2.5,2.02,-4.33
-1.91,2.02,-4.62
-1.29,2.02,-4.83
-0.65,2.02,-4.96
0.01,2.02,-5.0
0.66,2.02,-4.96
1.3,2.02,-4.83
1.92,2.02,-4.62
2.51,2.02,-4.33
3.05,2.02,-3.96
3.54,2.02,-3.53
3.97,2.02,-3.04
4.34,2.02,-2.49
4.62,2.02,-1.9
4.83,2.02,-1.28
4.96,2.02,-0.64
5.0,2.02,0.01
4.96,2.02,0.67
4.83,2.02,1.31
4.61,2.02,1.93
4.32,2.02,2.51
3.96,2.02,3.06
3.52,2.02,3.55
3.03,2.02,3.98
2.49,2.02,4.34
1.9,2.02,4.63
1.28,2.02,4.83
0.64,2.02,4.96
-0.02,2.02,5.0
-0.67,2.02,4.95
-1.31,2.02,4.82
-1.93,2.02,4.61
-2.52,2.02,4.32
-3.06,2.02,3.95
-3.55,2.02,3.52
-3.98,2.02,3.03
-4.34,2.02,2.48
-4.63,2.02,1.89
-4.84,2.02,1.27
-4.96,2.02,0.63
-5.0,2.0,0.0
-4.96,2.0,-0.65
-4.83,2.0,-1.3
-4.62,2.0,-1.91
-4.33,2.0,-2.5
-3.97,2.0,-3.05
-3.53,2.0,-3.54
-3.04,2.0,-3.97
-2.5,2.0,-4.33
-1.91,2.0,-4.62
-1.29,2.0,-4.83
-0.65,2.0,-4.96
0.01,2.0,-5.0
0.66,2.0,-4.96
1.3,2.0,-4.83
1.92,2.0,-4.62
2.51,2.0,-4.33
3.05,2.0,-3.96
3.54,2.0,-3.53
3.97,2.0,-3.04
4.34,2.0,-2.49
4.62,2.0,-1.9
4.83,2.0,-1.28
4.96,2.0,-0.64
5.0,2.0,0.01
4.96,2.0,0.67
4.83,2.0,1.31
4.61,2.0,1.93
4.32,2.0,2.51
3.96,2.0,3.06
3.52,2.0,3.55
3.03,2.0,3.98
2.49,2.0,4.34
1.9,2.0,4.63
1.28,2.0,4.83
0.64,2.0,4.96
-0.02,2.0,5.0
-0.67,2.0,4.95
-1.31,2.0,4.82
-1.93,2.0,4.61
-2.52,2.0,4.32
-3.06,2.0,3.95
-3.55,2.0,3.52
-3.98,2.0,3.03
-4.34,2.0,2.48
-4.63,2.0,1.89
-4.84,2.0,1.27
-4.96,2.0,0.63
-5.0,1.97,0.0
-4.96,1.97,-0.65
-4.83,1.97,-1.3
-4.62,1.97,-1.91
-4.33,1.97,-2.5
-3.97,1.97,-3.05
-3.53,1.97,-3.54
-3.04,1.97,-3.97
-2.5,1.97,-4.33
-1.91,1.97,-4.62
-1.29,1.97,-4.83
-0.65,1.97,-4.96
0.01,1.97,-5.0
0.66,1.97,-4.96
1.3,1.97,-4.83
1.92,1.97,-4.62
2.51,1.97,-4.33
3.05,1.97,-3.96
3.54,1.97,-3.53
3.97,1.97,-3.04
4.34,1.97,-2.49
4.62,1.97,-1.9
4.83,1.97,-1.28
4.96,1.97,-0.64
5.0,1.97,0.01
4.96,1.97,0.67
4.83,1.97,1.31
4.61,1.97,1.93
4.32,1.97,2.51
3.96,1.97,3.06
3.52,1.97,3.55
3.03,1.97,3.98
2.49,1.97,4.34
1.9,1.97,4.63
1.28,1.97,4.83
0.64,1.97,4.96
-0.02,1.97,5.0
-0.67,1.97,4.95
-1.31,1.97,4.82
-1.93,1.97,4.61
-2.52,1.97,4.32
-3.06,1.97,3.95
-3.55,1.97,3.52
-3.98,1.97,3.03
-4.34,1.97,2.48
-4.63,1.97,1.89
-4.84,1.97,1.27
-4.96,1.97,0.63
-5.0,1.95,0.0
-4.96,1.95,-0.65
-4.83,1.95,-1.3
-4.62,1.95,-1.91
-4.33,1.95,-2.5
-3.97,1.95,-3.05
-3.53,1.95,-3.54
-3.04,1.95,-3.97
-2.5,1.95,-4.33
-1.91,1.95,-4.62
-1.29,1.95,-4.83
-0.65,1.95,-4.96
0.01,1.95,-5.0
0.66,1.95,-4.96
1.3,1.95,-4.83
1.92,1.95,-4.62
2.51,1.95,-4.33
3.05,1.95,-3.96
3.54,1.95,-3.53
3.97,1.95,-3.04
4.34,1.95,-2.49
4.62,1.95,-1.9
4.83,1.95,-1.28
4.96,1.95,-0.64
5.0,1.95,0.01
4.96,1.95,0.67
4.83,1.95,1.31
4.61,1.95,1.93
4.32,1.95,2.51
3.96,1.95,3.06
3.52,1.95,3.55
3.03,1.95,3.98
2.49,1.95,4.34
1.9,1.95,4.63
1.28,1.95,4.83
0.64,1.95,4.96
-0.02,1.95,5.0
-0.67,1.95,4.95
-1.31,1.95,4.82
-1.93,1.95,4.61
-2.52,1.95,4.32
-3.06,1.95,3.95
-3.55,1.95,3.52
-3.98,1.95,3.03
-4.34,1.95,2.48
-4.63,1.95,1.89
-4.84,1.95,1.27
-4.96,1.95,0.63
-5.0,1.93,0.0
-4.96,1.93,-0.65
-4.83,1.93,-1.3
-4.62,1.93,-1.91
-4.33,1.93,-2.5
-3.97,1.93,-3.05
-3.53,1.93,-3.54
-3.04,1.93,-3.97
-2.5,1.93,-4.33
-1.91,1.93,-4.62
-1.29,1.93,-4.83
-0.65,1.93,-4.96
0.01,1.93,-5.0
0.66,1.93,-4.96
1.3,1.93,-4.83
1.92,1.93,-4.62
2.51,1.93,-4.33
3.05,1.93,-3.96
3.54,1.93,-3.53
3.97,1.93,-3.04
4.34,1.93,-2.49
4.62,1.93,-1.9
4.83,1.93,-1.28
4.96,1.93,-0.64
5.0,1.93,0.01
4.96,1.93,0.67
4.83,1.93,1.31
4.61,1.93,1.93
4.32,1.93,2.51
3.96,1.93,3.06
3.52,1.93,3.55
3.03,1.93,3.98
2.49,1.93,4.34
1.9,1.93,4.63
1.28,1.93,4.83
0.64,1.93,4.96
-0.02,1.93,5.0
-0.67,1.93,4.95
-1.31,1.93,4.82
-1.93,1.93,4.61
-2.52,1.93,4.32
-3.06,1.93,3.95
-3.55,1.93,3.52
-3.98,1.93,3.03
-4.34,1.93,2.48
-4.63,1.93,1.89
-4.84,1.93,1.27
-4.96,1.93,0.63
-5.0,1.91,0.0
-4.96,1.91,-0.65
-4.83,1.91,-1.3
-4.62,1.91,-1.91
-4.33,1.91,-2.5
-3.97,1.91,-3.05
-3.53,1.91,-3.54
-3.04,1.91,-3.97
-2.5,1.91,-4.33
-1.91,1.91,-4.62
-1.29,1.91,-4.83
-0.65,1.91,-4.96
0.01,1.91,-5.0
0.66,1.91,-4.96
1.3,1.91,-4.83
1.92,1.91,-4.62
2.51,1.91,-4.33
3.05,1.91,-3.96
3.54,1.91,-3.53
3.97,1.91,-3.04
4.34,1.91,-2.49
4.62,1.91,-1.9
4.83,1.91,-1.28
4.96,1.91,-0.64
5.0,1.91,0.01
4.96,1.91,0.67
4.83,1.91,1.31
4.61,1.91,1.93
4.32,1.91,2.51
3.96,1.91,3.06
3.52,1.91,3.55
3.03,1.91,3.98
2.49,1.91,4.34
1.9,1.91,4.63
1.28,1.91,4.83
0.64,1.91,4.96
-0.02,1.91,5.0
-0.67,1.91,4.95
-1.31,1.91,4.82
-1.93,1.91,4.61
-2.52,1.91,4.32
-3.06,1.91,3.95
-3.55,1.91,3.52
-3.98,1.91,3.03
-4.34,1.91,2.48
-4.63,1.91,1.89
-4.84,1.91,1.27
-4.96,1.91,0.63
-5.0,1.89,0.0
-4.96,1.89,-0.65
-4.83,1.89,-1.3
-4.62,1.89,-1.91
-4.33,1.89,-2.5
-3.97,1.89,-3.05
-3.53,1.89,-3.54
-3.04,1.89,-3.97
-2.5,1.89,-4.33
-1.91,1.89,-4.62
-1.29,1.89,-4.83
-0.65,1.89,-4.96
0.01,1.89,-5.0
0.66,1.89,-4.96
1.3,1.89,-4.83
1.92,1.89,-4.62
2.51,1.89,-4.33
3.05,1.89,-3.96
3.54,1.89,-3.53
3.97,1.89,-3.04
4.34,1.89,-2.49
4.62,1.89,-1.9
4.83,1.89,-1.28
4.96,1.89,-0.64
5.0,1.89,0.01
4.96,1.89,0.67
4.83,1.89,1.31
4.61,1.89,1.93
4.32,1.89,2.51
3.96,1.89,3.06
3.52,1.89,3.55
3.03,1.89,3.98
2.49,1.89,4.34
1.9,1.89,4.63
1.28,1.89,4.83
0.64,1.89,4.96
-0.02,1.89,5.0
-0.67,1.89,4.95
-1.31,1.89,4.82
-1.93,1.89,4.61
-2.52,1.89,4.32
-3.06,1.89,3.95
-3.55,1.89,3.52
-3.98,1.89,3.03
-4.34,1.89,2.48
-4.63,1.89,1.89
-4.84,1.89,1.27
-4.96,1.89,0.63
-5.0,1.87,0.0
-4.96,1.87,-0.65
-4.83,1.87,-1.3
-4.62,1.87,-1.91
-4.33,1.87,-2.5
-0.1,1.87,-0.08
-0.06,1.87,-0.06
-0.05,1.87,-0.06
-0.04,1.87,-0.07
-0.03,1.87,-0.07
-0.02,1.87,-0.07
-0.01,1.87,-0.08
0.0,1.87,-0.08
0.01,1.87,-0.09
0.03,1.87,-0.13
0.03,1.87,-0.08
0.05,1.87,-0.09
3.05,1.87,-3.96
3.54,1.87,-3.53
3.97,1.87,-3.04
4.34,1.87,-2.49
4.62,1.87,-1.9
4.83,1.87,-1.28
4.96,1.87,-0.64
5.0,1.87,0.01
4.96,1.87,0.67
4.83,1.87,1.31
4.61,1.87,1.93
4.32,1.87,2.51
3.96,1.87,3.06
3.52,1.87,3.55
-0.11,1.87,-0.15
-0.12,1.87,-0.21
-0.11,1.87,-0.28
-0.08,1.87,-0.31
-0.04,1.87,-0.32
0.0,1.87,-0.31
0.04,1.87,-0.28
0.06,1.87,-0.24
-1.93,1.87,4.61
-2.52,1.87,4.32
-3.06,1.87,3.95
-3.55,1.87,3.52
-3.98,1.87,3.03
-4.34,1.87,2.48
-4.63,1.87,1.89
-4.84,1.87,1.27
-4.96,1.87,0.63
-5.0,1.85,0.0
-4.96,1.85,-0.65
-4.83,1.85,-1.3
-0.1,1.85,-0.04
-0.09,1.85,-0.05
-0.07,1.85,-0.06
-0.06,1.85,-0.06
-0.05,1.85,-0.07
-0.05,1.85,-0.08
-0.04,1.85,-0.09
-0.03,1.85,-0.11
-0.02,1.85,-0.14
0.01,1.85,-5.0
0.66,1.85,-4.96
1.3,1.85,-4.83
1.92,1.85,-4.62
2.51,1.85,-4.33
3.05,1.85,-3.96
3.54,1.85,-3.53
3.97,1.85,-3.04
4.34,1.85,-2.49
4.62,1.85,-1.9
4.83,1.85,-1.28
-0.18,1.85,0.02
-0.26,1.85,-0.0
-0.3,1.85,-0.04
-0.32,1.85,-0.09
-0.32,1.85,-0.13
-0.3,1.85,-0.18
-0.27,1.85,-0.21
-0.23,1.85,-0.23
-0.18,1.85,-0.24
-0.13,1.85,-0.23
-0.09,1.85,-0.21
1.28,1.85,4.83
0.64,1.85,4.96
-0.02,1.85,5.0
-0.67,1.85,4.95
-1.31,1.85,4.82
-1.93,1.85,4.61
-2.52,1.85,4.32
-3.06,1.85,3.95
-3.55,1.85,3.52
-3.98,1.85,3.03
-4.34,1.85,2.48
-4.63,1.85,1.89
-4.84,1.85,1.27
-0.08,1.85,0.01
-0.05,1.83,0.0
-0.04,1.83,-0.01
-0.03,1.83,-0.01
-0.03,1.83,-0.01
-0.03,1.83,-0.02
-0.02,1.83,-0.02
-0.02,1.83,-0.02
-0.02,1.83,-0.02
-0.02,1.83,-0.03
-0.02,1.83,-0.04
-0.01,1.83,-0.05
-0.01,1.83,-0.06
0.0,1.83,-0.07
0.01,1.83,-0.09
1.3,1.83,-4.83
1.92,1.83,-4.62
2.51,1.83,-4.33
3.05,1.83,-3.96
3.54,1.83,-3.53
3.97,1.83,-3.04
4.34,1.83,-2.49
4.62,1.83,-1.9
4.83,1.83,-1.28
4.96,1.83,-0.64
5.0,1.83,0.01
-0.17,1.83,-0.02
-0.23,1.83,-0.06
-0.25,1.83,-0.1
-0.26,1.83,-0.15
-0.26,1.83,-0.2
-0.24,1.83,-0.24
-0.21,1.83,-0.28
-0.17,1.83,-0.3
-0.13,1.83,-0.31
-0.08,1.83,-0.31
-0.04,1.83,-0.29
0.0,1.83,-0.25
0.03,1.83,-0.19
-1.31,1.83,4.82
-1.93,1.83,4.61
-2.52,1.83,4.32
-3.06,1.83,3.95
-3.55,1.83,3.52
-3.98,1.83,3.03
-4.34,1.83,2.48
-4.63,1.83,1.89
-4.84,1.83,1.27
-4.96,1.83,0.63
-5.0,1.81,0.0
-0.07,1.81,-0.01
-0.06,1.81,-0.02
-0.05,1.81,-0.02
-0.04,1.81,-0.02
-0.03,1.81,-0.03
-0.03,1.81,-0.03
-0.03,1.81,-0.03
-0.02,1.81,-0.04
-0.02,1.81,-0.04
-0.01,1.81,-0.04
-0.01,1.81,-0.05
0.0,1.81,-0.06
0.01,1.81,-0.07
0.02,1.81,-0.09
1.92,1.81,-4.62
2.51,1.81,-4.33
3.05,1.81,-3.96
3.54,1.81,-3.53
3.97,1.81,-3.04
4.34,1.81,-2.49
4.62,1.81,-1.9
4.83,1.81,-1.28
4.96,1.81,-0.64
5.0,1.81,0.01
-0.2,1.81,-0.03
-0.25,1.81,-0.07
-0.27,1.81,-0.11
-0.28,1.81,-0.16
-0.27,1.81,-0.21
-0.25,1.81,-0.26
-0.22,1.81,-0.29
-0.18,1.81,-0.32
-0.13,1.81,-0.33
-0.09,1.81,-0.33
-0.04,1.81,-0.31
0.0,1.81,-0.28
0.03,1.81,-0.23
0.04,1.81,-0.16
-1.93,1.81,4.61
-2.52,1.81,4.32
-3.06,1.81,3.95
-3.55,1.81,3.52
-3.98,1.81,3.03
-4.34,1.81,2.48
-4.63,1.81,1.89
-4.84,1.81,1.27
-4.96,1.81,0.63
-0.06,1.79,-0.0
-0.05,1.79,-0.01
-0.04,1.79,-0.01
-0.03,1.79,-0.01
-0.03,1.79,-0.02
-0.02,1.79,-0.02
-0.02,1.79,-0.02
-0.02,1.79,-0.02
-0.01,1.79,-0.03
-0.01,1.79,-0.03
-0.01,1.79,-0.03
-0.0,1.79,-0.03
0.0,1.79,-0.04
0.01,1.79,-0.04
0.01,1.79,-0.05
0.03,1.79,-0.07
2.51,1.79,-4.33
3.05,1.79,-3.96
3.54,1.79,-3.53
3.97,1.79,-3.04
4.34,1.79,-2.49
4.62,1.79,-1.9
4.83,1.79,-1.28
4.96,1.79,-0.64
-0.18,1.79,-0.0
-0.23,1.79,-0.03
-0.27,1.79,-0.07
-0.29,1.79,-0.12
-0.29,1.79,-0.17
-0.29,1.79,-0.22
-0.26,1.79,-0.27
-0.23,1.79,-0.3
-0.19,1.79,-0.33
-0.14,1.79,-0.34
-0.09,1.79,-0.34
-0.04,1.79,-0.32
0.0,1.79,-0.3
0.03,1.79,-0.25
0.05,1.79,-0.2
0.05,1.79,-0.12
-2.52,1.79,4.32
-3.06,1.79,3.95
-3.55,1.79,3.52
-3.98,1.79,3.03
-4.34,1.79,2.48
-4.63,1.79,1.89
-4.84,1.79,1.27
-4.96,1.79,0.63
-0.04,1.76,-0.0
-0.03,1.76,-0.0
-0.02,1.76,-0.01
-0.02,1.76,-0.01
-0.02,1.76,-0.01
-0.02,1.76,-0.01
-0.01,1.76,-0.01
-0.01,1.76,-0.02
-0.01,1.76,-0.02
-0.01,1.76,-0.02
-0.01,1.76,-0.02
-0.0,1.76,-0.02
0.0,1.76,-0.02
0.0,1.76,-0.03
0.01,1.76,-0.03
0.02,1.76,-0.04
2.51,1.76,-4.33
3.05,1.76,-3.96
3.54,1.76,-3.53
3.97,1.76,-3.04
4.34,1.76,-2.49
4.62,1.76,-1.9
4.83,1.76,-1.28
-0.14,1.76,0.02
-0.2,1.76,-0.0
-0.25,1.76,-0.03
-0.28,1.76,-0.08
-0.3,1.76,-0.13
-0.3,1.76,-0.18
-0.29,1.76,-0.23
-0.27,1.76,-0.27
-0.24,1.76,-0.31
-0.19,1.76,-0.34
-0.14,1.76,-0.35
-0.09,1.76,-0.35
-0.04,1.76,-0.34
0.0,1.76,-0.31
0.04,1.76,-0.27
0.06,1.76,-0.22
0.07,1.76,-0.16
-2.52,1.76,4.32
-3.06,1.76,3.95
-3.55,1.76,3.52
-3.98,1.76,3.03
-4.34,1.76,2.48
-4.63,1.76,1.89
-4.84,1.76,1.27
-0.05,1.76,0.01
-0.02,1.74,-0.0
-0.02,1.74,-0.0
-0.02,1.74,-0.0
-0.01,1.74,-0.01
-0.01,1.74,-0.01
-0.01,1.74,-0.01
-0.01,1.74,-0.01
-0.01,1.74,-0.01
-0.01,1.74,-0.01
-0.0,1.74,-0.01
-0.0,1.74,-0.01
-0.0,1.74,-0.01
0.0,1.74,-0.01
0.0,1.74,-0.02
0.01,1.74,-0.02
0.01,1.74,-0.02
0.02,1.74,-0.03
3.05,1.74,-3.96
3.54,1.74,-3.53
3.97,1.74,-3.04
4.34,1.74,-2.49
4.62,1.74,-1.9
-0.09,1.74,0.02
-0.16,1.74,0.02
-0.22,1.74,-0.0
-0.26,1.74,-0.03
-0.29,1.74,-0.08
-0.31,1.74,-0.13
-0.31,1.74,-0.18
-0.3,1.74,-0.23
-0.28,1.74,-0.28
-0.24,1.74,-0.32
-0.2,1.74,-0.34
-0.15,1.74,-0.36
-0.09,1.74,-0.36
-0.04,1.74,-0.34
0.0,1.74,-0.32
0.04,1.74,-0.28
0.06,1.74,-0.23
0.07,1.74,-0.18
0.07,1.74,-0.11
-3.06,1.74,3.95
-3.55,1.74,3.52
-3.98,1.74,3.03
-4.34,1.74,2.48
-4.63,1.74,1.89
-0.05,1.74,0.01
-0.03,1.74,0.0
-0.01,1.72,-0.0
-0.01,1.72,-0.0
-0.01,1.72,-0.0
-0.01,1.72,-0.0
-0.01,1.72,-0.0
-0.01,1.72,-0.0
-0.01,1.72,-0.01
-0.0,1.72,-0.01
-0.0,1.72,-0.01
-0.0,1.72,-0.01
-0.0,1.72,-0.01
-0.0,1.72,-0.01
0.0,1.72,-0.01
0.0,1.72,-0.01
0.0,1.72,-0.01
0.01,1.72,-0.01
0.01,1.72,-0.02
0.02,1.72,-0.03
3.54,1.72,-3.53
3.97,1.72,-3.04
4.34,1.72,-2.49
4.62,1.72,-1.9
-0.12,1.72,0.03
-0.17,1.72,0.02
-0.23,1.72,-0.0
-0.27,1.72,-0.04
-0.3,1.72,-0.08
-0.31,1.72,-0.13
-0.32,1.72,-0.18
-0.31,1.72,-0.24
-0.28,1.72,-0.28
-0.24,1.72,-0.32
-0.2,1.72,-0.35
-0.15,1.72,-0.36
-0.1,1.72,-0.36
-0.04,1.72,-0.35
0.0,1.72,-0.32
0.04,1.72,-0.29
0.07,1.72,-0.24
0.08,1.72,-0.19
0.07,1.72,-0.13
0.05,1.72,-0.07
-3.55,1.72,3.52
-3.98,1.72,3.03
-4.34,1.72,2.48
-4.63,1.72,1.89
-0.02,1.72,0.01
-0.02,1.72,0.0
-0.01,1.7,-0.0
-0.01,1.7,-0.0
-0.01,1.7,-0.0
-0.01,1.7,-0.0
-0.0,1.7,-0.0
-0.0,1.7,-0.0
-0.0,1.7,-0.0
-0.0,1.7,-0.0
-0.0,1.7,-0.0
-0.0,1.7,-0.0
-0.0,1.7,-0.01
-0.0,1.7,-0.01
0.0,1.7,-0.01
0.0,1.7,-0.01
0.0,1.7,-0.01
0.0,1.7,-0.01
0.01,1.7,-0.01
0.01,1.7,-0.02
3.54,1.7,-3.53
3.97,1.7,-3.04
4.34,1.7,-2.49
-0.05,1.7,0.02
-0.12,1.7,0.03
-0.18,1.7,0.02
-0.23,1.7,-0.0
-0.27,1.7,-0.04
-0.31,1.7,-0.08
-0.32,1.7,-0.13
-0.32,1.7,-0.19
-0.31,1.7,-0.24
-0.28,1.7,-0.29
-0.25,1.7,-0.32
-0.2,1.7,-0.35
-0.15,1.7,-0.36
-0.1,1.7,-0.37
-0.05,1.7,-0.35
0.0,1.7,-0.33
0.04,1.7,-0.29
0.07,1.7,-0.24
0.08,1.7,-0.19
0.08,1.7,-0.13
0.06,1.7,-0.08
-3.55,1.7,3.52
-3.98,1.7,3.03
-4.34,1.7,2.48
-0.03,1.7,0.01
-0.02,1.7,0.0
-0.01,1.7,0.0
-0.01,1.68,-0.0
-0.01,1.68,-0.0
-0.01,1.68,-0.0
-0.01,1.68,-0.0
-0.0,1.68,-0.0
-0.0,1.68,-0.0
-0.0,1.68,-0.0
-0.0,1.68,-0.0
-0.0,1.68,-0.0
-0.0,1.68,-0.0
-0.0,1.68,-0.01
-0.0,1.68,-0.01
0.0,1.68,-0.01
0.0,1.68,-0.01
0.0,1.68,-0.01
0.0,1.68,-0.01
0.01,1.68,-0.01
0.01,1.68,-0.02
3.54,1.68,-3.53
3.97,1.68,-3.04
4.34,1.68,-2.49
-0.05,1.68,0.02
-0.13,1.68,0.03
-0.19,1.68,0.02
-0.24,1.68,-0.0
-0.28,1.68,-0.04
-0.31,1.68,-0.08
-0.33,1.68,-0.14
-0.33,1.68,-0.19
-0.31,1.68,-0.24
-0.29,1.68,-0.29
-0.25,1.68,-0.33
-0.2,1.68,-0.35
-0.15,1.68,-0.36
-0.1,1.68,-0.37
-0.05,1.68,-0.35
0.0,1.68,-0.33
0.04,1.68,-0.29
0.07,1.68,-0.24
0.08,1.68,-0.19
0.08,1.68,-0.13
0.06,1.68,-0.08
-3.55,1.68,3.52
-3.98,1.68,3.03
-4.34,1.68,2.48
-0.03,1.68,0.01
-0.02,1.68,0.0
-0.01,1.68,0.0
-0.01,1.66,0.0
-0.01,1.66,-0.0
-0.01,1.66,-0.0
-0.01,1.66,-0.0
-0.01,1.66,-0.0
-0.01,1.66,-0.0
-0.01,1.66,-0.01
-0.0,1.66,-0.01
-0.0,1.66,-0.01
-0.0,1.66,-0.01
-0.0,1.66,-0.01
-0.0,1.66,-0.01
0.0,1.66,-0.01
0.0,1.66,-0.01
0.0,1.66,-0.01
0.01,1.66,-0.01
0.01,1.66,-0.02
0.02,1.66,-0.03
3.54,1.66,-3.53
3.97,1.66,-3.04
4.34,1.66,-2.49
4.62,1.66,-1.9
-0.13,1.66,0.03
-0.19,1.66,0.02
-0.25,1.66,-0.0
-0.29,1.66,-0.04
-0.32,1.66,-0.09
-0.34,1.66,-0.14
-0.34,1.66,-0.19
-0.32,1.66,-0.25
-0.29,1.66,-0.29
-0.25,1.66,-0.33
-0.2,1.66,-0.35
-0.15,1.66,-0.37
-0.1,1.66,-0.36
-0.04,1.66,-0.35
0.0,1.66,-0.32
0.04,1.66,-0.29
0.07,1.66,-0.24
0.08,1.66,-0.19
0.08,1.66,-0.13
0.05,1.66,-0.07
-3.55,1.66,3.52
-3.98,1.66,3.03
-4.34,1.66,2.48
-4.63,1.66,1.89
-0.02,1.66,0.01
-0.02,1.66,0.0
-0.02,1.64,0.0
-0.02,1.64,-0.0
-0.01,1.64,-0.0
-0.01,1.64,-0.0
-0.01,1.64,-0.01
-0.01,1.64,-0.01
-0.01,1.64,-0.01
-0.01,1.64,-0.01
-0.01,1.64,-0.01
-0.0,1.64,-0.01
-0.0,1.64,-0.01
-0.0,1.64,-0.01
0.0,1.64,-0.01
0.0,1.64,-0.02
0.0,1.64,-0.02
0.01,1.64,-0.02
0.02,1.64,-0.03
3.05,1.64,-3.96
3.54,1.64,-3.53
3.97,1.64,-3.04
4.34,1.64,-2.49
4.62,1.64,-1.9
-0.13,1.64,0.03
-0.2,1.64,0.03
-0.25,1.64,-0.0
-0.3,1.64,-0.04
-0.33,1.64,-0.09
-0.34,1.64,-0.14
-0.34,1.64,-0.2
-0.32,1.64,-0.25
-0.29,1.64,-0.3
-0.25,1.64,-0.33
-0.2,1.64,-0.35
-0.15,1.64,-0.37
-0.1,1.64,-0.36
-0.04,1.64,-0.35
0.0,1.64,-0.32
0.04,1.64,-0.28
0.06,1.64,-0.23
0.07,1.64,-0.18
0.07,1.64,-0.12
-3.06,1.64,3.95
-3.55,1.64,3.52
-3.98,1.64,3.03
-4.34,1.64,2.48
-4.63,1.64,1.89
-0.03,1.64,0.01
-0.02,1.64,0.0
-0.02,1.62,0.0
-0.02,1.62,-0.0
-0.02,1.62,-0.0
-0.02,1.62,-0.01
-0.01,1.62,-0.01
-0.01,1.62,-0.01
-0.01,1.62,-0.01
-0.01,1.62,-0.01
-0.01,1.62,-0.01
-0.01,1.62,-0.01
-0.0,1.62,-0.01
-0.0,1.62,-0.02
0.0,1.62,-0.02
0.0,1.62,-0.02
0.01,1.62,-0.02
0.01,1.62,-0.03
0.03,1.62,-0.05
3.05,1.62,-3.96
3.54,1.62,-3.53
3.97,1.62,-3.04
4.34,1.62,-2.49
4.62,1.62,-1.9
-0.13,1.62,0.03
-0.2,1.62,0.03
-0.26,1.62,-0.0
-0.3,1.62,-0.04
-0.33,1.62,-0.09
-0.35,1.62,-0.14
-0.34,1.62,-0.2
-0.33,1.62,-0.25
-0.3,1.62,-0.3
-0.25,1.62,-0.33
-0.2,1.62,-0.36
-0.15,1.62,-0.37
-0.1,1.62,-0.36
-0.04,1.62,-0.34
0.0,1.62,-0.31
0.04,1.62,-0.27
0.06,1.62,-0.22
0.07,1.62,-0.16
0.05,1.62,-0.09
-3.06,1.62,3.95
-3.55,1.62,3.52
-3.98,1.62,3.03
-4.34,1.62,2.48
-4.63,1.62,1.89
-0.05,1.62,0.01
-0.03,1.62,0.0
-0.03,1.6,0.0
-0.03,1.6,-0.0
-0.02,1.6,-0.01
-0.02,1.6,-0.01
-0.02,1.6,-0.01
-0.01,1.6,-0.01
-0.01,1.6,-0.01
-0.01,1.6,-0.01
-0.01,1.6,-0.02
-0.01,1.6,-0.02
-0.01,1.6,-0.02
-0.0,1.6,-0.02
0.0,1.6,-0.02
0.0,1.6,-0.03
0.01,1.6,-0.03
0.02,1.6,-0.04
2.51,1.6,-4.33
3.05,1.6,-3.96
3.54,1.6,-3.53
3.97,1.6,-3.04
4.34,1.6,-2.49
4.62,1.6,-1.9
-0.13,1.6,0.03
-0.21,1.6,0.03
-0.26,1.6,-0.0
-0.31,1.6,-0.04
-0.33,1.6,-0.09
-0.35,1.6,-0.14
-0.34,1.6,-0.2
-0.33,1.6,-0.25
-0.3,1.6,-0.3
-0.25,1.6,-0.33
-0.2,1.6,-0.36
-0.15,1.6,-0.36
-0.09,1.6,-0.36
-0.04,1.6,-0.34
0.0,1.6,-0.31
0.04,1.6,-0.26
0.06,1.6,-0.21
0.06,1.6,-0.14
-2.52,1.6,4.32
-3.06,1.6,3.95
-3.55,1.6,3.52
-3.98,1.6,3.03
-4.34,1.6,2.48
-4.63,1.6,1.89
-0.06,1.6,0.02
-0.04,1.6,0.0
-0.04,1.58,0.0
-0.03,1.58,-0.0
-0.03,1.58,-0.01
-0.02,1.58,-0.01
-0.02,1.58,-0.01
-0.02,1.58,-0.01
-0.02,1.58,-0.02
-0.01,1.58,-0.02
-0.01,1.58,-0.02
-0.01,1.58,-0.02
-0.01,1.58,-0.02
-0.0,1.58,-0.03
0.0,1.58,-0.03
0.0,1.58,-0.03
0.01,1.58,-0.04
0.03,1.58,-0.07
2.51,1.58,-4.33
3.05,1.58,-3.96
3.54,1.58,-3.53
3.97,1.58,-3.04
4.34,1.58,-2.49
4.62,1.58,-1.9
-0.12,1.58,0.03
-0.2,1.58,0.03
-0.26,1.58,-0.0
-0.3,1.58,-0.04
-0.33,1.58,-0.09
-0.35,1.58,-0.14
-0.34,1.58,-0.2
-0.33,1.58,-0.25
-0.3,1.58,-0.3
-0.25,1.58,-0.33
-0.2,1.58,-0.36
-0.15,1.58,-0.36
-0.09,1.58,-0.36
-0.04,1.58,-0.33
0.0,1.58,-0.3
0.03,1.58,-0.25
0.05,1.58,-0.19
0.05,1.58,-0.12
-2.52,1.58,4.32
-3.06,1.58,3.95
-3.55,1.58,3.52
-3.98,1.58,3.03
-4.34,1.58,2.48
-4.63,1.58,1.89
-0.07,1.58,0.02
-0.05,1.58,0.01
-0.04,1.55,-0.0
-0.04,1.55,-0.0
-0.03,1.55,-0.01
-0.03,1.55,-0.01
-0.02,1.55,-0.01
-0.02,1.55,-0.02
-0.02,1.55,-0.02
-0.02,1.55,-0.02
-0.01,1.55,-0.02
-0.01,1.55,-0.03
-0.01,1.55,-0.03
-0.0,1.55,-0.03
0.0,1.55,-0.04
0.01,1.55,-0.04
0.02,1.55,-0.06
0.02,1.55,-0.05
2.51,1.55,-4.33
3.05,1.55,-3.96
3.54,1.55,-3.53
3.97,1.55,-3.04
4.34,1.55,-2.49
4.62,1.55,-1.9
-0.13,1.55,0.03
-0.2,1.55,0.03
-0.25,1.55,-0.0
-0.28,1.55,-0.04
-0.31,1.55,-0.08
-0.32,1.55,-0.13
-0.32,1.55,-0.18
-0.3,1.55,-0.23
-0.27,1.55,-0.28
-0.24,1.55,-0.31
-0.19,1.55,-0.33
-0.14,1.55,-0.33
-0.09,1.55,-0.34
-0.04,1.55,-0.33
0.0,1.55,-0.32
0.04,1.55,-0.29
0.07,1.55,-0.25
0.09,1.55,-0.21
0.1,1.55,-0.17
0.1,1.55,-0.13
0.14,1.55,-0.13
0.13,1.55,-0.1
0.12,1.55,-0.07
0.11,1.55,-0.04
0.09,1.55,-0.02
0.08,1.55,-0.01
0.05,1.53,-0.0
0.04,1.53,0.01
0.04,1.53,0.01
0.04,1.53,0.01
0.03,1.53,0.02
0.03,1.53,0.02
0.02,1.53,0.02
0.02,1.53,0.03
0.02,1.53,0.03
0.01,1.53,0.03
0.01,1.53,0.04
0.01,1.53,0.04
-0.0,1.53,0.02
-0.0,1.53,0.02
-0.01,1.53,0.02
-0.01,1.53,0.03
-0.03,1.53,0.05
-0.08,1.53,0.1
-0.14,1.53,0.14
-0.2,1.53,0.15
-0.25,1.53,0.14
-0.3,1.53,0.12
-0.34,1.53,0.09
-0.37,1.53,0.05
-0.38,1.53,-0.0
-0.37,1.53,-0.05
-0.35,1.53,-0.1
-0.32,1.53,-0.13
-0.3,1.53,-0.18
-0.29,1.53,-0.22
-0.29,1.53,-0.29
-0.24,1.53,-0.32
-0.19,1.53,-0.33
-0.13,1.53,-0.33
-0.08,1.53,-0.31
-0.04,1.53,-0.29
0.0,1.53,-0.29
0.04,1.53,-0.27
0.07,1.53,-0.25
0.11,1.53,-0.26
0.13,1.53,-0.23
0.14,1.53,-0.19
0.15,1.53,-0.15
0.14,1.53,-0.11
0.13,1.53,-0.07
0.1,1.53,-0.04
0.07,1.53,-0.02
0.05,1.53,-0.01
0.13,1.51,0.0
0.11,1.51,0.01
0.09,1.51,0.02
0.08,1.51,0.03
0.06,1.51,0.04
0.05,1.51,0.04
0.04,1.51,0.04
0.03,1.51,0.04
0.03,1.51,0.04
0.02,1.51,0.04
0.01,1.51,0.04
0.01,1.51,0.04
-0.0,1.51,0.05
-0.01,1.51,0.05
-0.01,1.51,0.05
-0.02,1.51,0.05
-0.03,1.51,0.05
-0.04,1.51,0.06
-0.07,1.51,0.07
-0.12,1.51,0.09
-0.21,1.51,0.12
-0.27,1.51,0.11
-0.31,1.51,0.08
-0.34,1.51,0.04
-0.36,1.51,-0.0
-0.36,1.51,-0.05
-0.34,1.51,-0.09
-0.33,1.51,-0.14
-0.33,1.51,-0.19
-0.31,1.51,-0.24
-0.27,1.51,-0.27
-0.23,1.51,-0.3
-0.18,1.51,-0.32
-0.13,1.51,-0.32
-0.08,1.51,-0.32
-0.04,1.51,-0.33
0.0,1.51,-0.33
0.04,1.51,-0.32
0.08,1.51,-0.3
0.11,1.51,-0.27
0.14,1.51,-0.24
0.15,1.51,-0.19
0.15,1.51,-0.15
0.15,1.51,-0.11
0.13,1.51,-0.07
0.09,1.51,-0.04
0.06,1.51,-0.02
0.05,1.51,-0.01
0.09,1.49,0.0
0.08,1.49,0.01
0.07,1.49,0.02
0.06,1.49,0.02
0.05,1.49,0.03
0.05,1.49,0.04
0.04,1.49,0.04
0.03,1.49,0.04
0.03,1.49,0.05
0.02,1.49,0.05
0.02,1.49,0.06
0.01,1.49,0.06
-0.0,1.49,0.07
-0.01,1.49,0.08
-0.02,1.49,0.09
-0.04,1.49,0.1
-0.07,1.49,0.12
-0.12,1.49,0.16
-0.18,1.49,0.18
-0.24,1.49,0.18
-0.29,1.49,0.17
-0.34,1.49,0.14
-0.37,1.49,0.1
-0.4,1.49,0.05
-0.41,1.49,-0.0
-0.4,1.49,-0.05
-0.39,1.49,-0.1
-0.35,1.49,-0.15
-0.32,1.49,-0.18
-0.3,1.49,-0.23
-0.28,1.49,-0.28
-0.24,1.49,-0.31
-0.19,1.49,-0.33
-0.14,1.49,-0.34
-0.09,1.49,-0.33
-0.04,1.49,-0.35
0.0,1.49,-0.35
0.05,1.49,-0.34
0.09,1.49,-0.32
0.12,1.49,-0.29
0.15,1.49,-0.26
0.17,1.49,-0.22
0.18,1.49,-0.17
0.17,1.49,-0.13
0.17,1.49,-0.09
0.15,1.49,-0.06
0.13,1.49,-0.03
0.11,1.49,-0.01
0.13,1.47,-0.0
0.11,1.47,0.01
0.1,1.47,0.03
0.09,1.47,0.04
0.08,1.47,0.04
0.07,1.47,0.05
0.06,1.47,0.06
0.05,1.47,0.06
0.04,1.47,0.07
0.03,1.47,0.08
0.02,1.47,0.08
0.01,1.47,0.09
-0.0,1.47,0.1
-0.01,1.47,0.11
-0.03,1.47,0.13
-0.06,1.47,0.15
-0.1,1.47,0.18
-0.15,1.47,0.2
-0.21,1.47,0.21
-0.26,1.47,0.2
-0.32,1.47,0.18
-0.36,1.47,0.15
-0.4,1.47,0.11
-0.42,1.47,0.05
-0.43,1.47,-0.0
-0.43,1.47,-0.06
-0.41,1.47,-0.11
-0.38,1.47,-0.16
-0.34,1.47,-0.2
-0.29,1.47,-0.23
-0.27,1.47,-0.27
-0.23,1.47,-0.3
-0.18,1.47,-0.32
-0.14,1.47,-0.33
-0.09,1.47,-0.36
-0.05,1.47,-0.37
0.0,1.47,-0.37
0.05,1.47,-0.36
0.09,1.47,-0.35
0.13,1.47,-0.32
0.16,1.47,-0.28
0.19,1.47,-0.24
0.2,1.47,-0.2
0.2,1.47,-0.15
0.2,1.47,-0.11
0.19,1.47,-0.08
0.17,1.47,-0.04
0.15,1.47,-0.02
0.16,1.45,-0.0
0.14,1.45,0.02
0.12,1.45,0.03
0.11,1.45,0.04
0.1,1.45,0.05
0.08,1.45,0.06
0.07,1.45,0.07
0.06,1.45,0.08
0.05,1.45,0.09
0.04,1.45,0.1
0.03,1.45,0.11
0.02,1.45,0.12
-0.0,1.45,0.13
-0.02,1.45,0.14
-0.04,1.45,0.16
-0.08,1.45,0.18
-0.12,1.45,0.21
-0.17,1.45,0.22
-0.23,1.45,0.23
-0.28,1.45,0.22
-0.34,1.45,0.19
-0.38,1.45,0.16
-0.42,1.45,0.11
-0.46,1.45,0.06
-0.45,1.45,-0.0
-0.45,1.45,-0.06
-0.43,1.45,-0.12
-0.4,1.45,-0.17
-0.36,1.45,-0.21
-0.31,1.45,-0.24
-0.27,1.45,-0.27
-0.23,1.45,-0.3
-0.19,1.45,-0.33
-0.15,1.45,-0.35
-0.1,1.45,-0.38
-0.05,1.45,-0.39
0.0,1.45,-0.39
0.05,1.45,-0.39
0.1,1.45,-0.37
0.14,1.45,-0.34
0.18,1.45,-0.3
0.2,1.45,-0.26
0.22,1.45,-0.21
0.22,1.45,-0.17
0.22,1.45,-0.13
0.21,1.45,-0.09
0.2,1.45,-0.05
0.18,1.45,-0.02
0.19,1.43,-0.0
0.17,1.43,0.02
0.15,1.43,0.04
0.13,1.43,0.05
0.11,1.43,0.06
0.1,1.43,0.08
0.08,1.43,0.08
0.07,1.43,0.09
0.06,1.43,0.1
0.05,1.43,0.11
0.03,1.43,0.12
0.02,1.43,0.13
-0.0,1.43,0.15
-0.02,1.43,0.16
-0.05,1.43,0.18
-0.09,1.43,0.21
-0.13,1.43,0.23
-0.19,1.43,0.24
-0.24,1.43,0.24
-0.3,1.43,0.23
-0.35,1.43,0.2
-0.4,1.43,0.16
-0.5,1.43,0.13
-0.48,1.43,0.06
-0.47,1.43,-0.0
-0.47,1.43,-0.06
-0.45,1.43,-0.12
-0.41,1.43,-0.17
-0.37,1.43,-0.22
-0.32,1.43,-0.25
-0.28,1.43,-0.28
-0.24,1.43,-0.31
-0.2,1.43,-0.34
-0.15,1.43,-0.37
-0.1,1.43,-0.4
-0.05,1.43,-0.41
0.0,1.43,-0.41
0.05,1.43,-0.4
0.1,1.43,-0.38
0.15,1.43,-0.35
0.19,1.43,-0.32
0.21,1.43,-0.28
0.23,1.43,-0.23
0.24,1.43,-0.18
0.24,1.43,-0.14
0.23,1.43,-0.1
0.22,1.43,-0.06
0.2,1.43,-0.03
0.2,1.41,-0.0
0.18,1.41,0.02
0.16,1.41,0.04
0.14,1.41,0.06
0.13,1.41,0.07
0.11,1.41,0.08
0.1,1.41,0.1
0.08,1.41,0.11
0.07,1.41,0.12
0.05,1.41,0.13
0.04,1.41,0.14
0.02,1.41,0.15
-0.0,1.41,0.17
-0.02,1.41,0.18
-0.06,1.41,0.21
-0.1,1.41,0.23
-0.14,1.41,0.25
-0.2,1.41,0.26
-0.26,1.41,0.26
-0.31,1.41,0.24
-0.37,1.41,0.21
-0.47,1.41,0.19
-0.51,1.41,0.14
-0.49,1.41,0.06
-0.49,1.41,-0.0
-0.48,1.41,-0.06
-0.46,1.41,-0.12
-0.43,1.41,-0.18
-0.38,1.41,-0.22
-0.34,1.41,-0.26
-0.29,1.41,-0.29
-0.25,1.41,-0.32
-0.2,1.41,-0.35
-0.16,1.41,-0.38
-0.11,1.41,-0.41
-0.05,1.41,-0.42
0.0,1.41,-0.43
0.06,1.41,-0.42
0.11,1.41,-0.4
0.15,1.41,-0.37
0.19,1.41,-0.33
0.22,1.41,-0.29
0.24,1.41,-0.24
0.25,1.41,-0.19
0.26,1.41,-0.15
0.25,1.41,-0.1
0.24,1.41,-0.06
0.22,1.41,-0.03
0.22,1.39,-0.0
0.2,1.39,0.03
0.18,1.39,0.05
0.16,1.39,0.07
0.14,1.39,0.08
0.12,1.39,0.09
0.1,1.39,0.1
0.09,1.39,0.12
0.07,1.39,0.13
0.06,1.39,0.14
0.04,1.39,0.15
0.02,1.39,0.17
-0.0,1.39,0.18
-0.03,1.39,0.2
-0.06,1.39,0.23
-0.1,1.39,0.25
-0.15,1.39,0.26
-0.21,1.39,0.27
-0.27,1.39,0.27
-0.32,1.39,0.25
-0.45,1.39,0.26
-0.49,1.39,0.2
-0.51,1.39,0.14
-0.5,1.39,0.06
-0.5,1.39,-0.0
-0.49,1.39,-0.07
-0.47,1.39,-0.13
-0.44,1.39,-0.18
-0.4,1.39,-0.23
-0.35,1.39,-0.27
-0.3,1.39,-0.3
-0.25,1.39,-0.33
-0.21,1.39,-0.36
-0.16,1.39,-0.4
-0.11,1.39,-0.42
-0.06,1.39,-0.44
0.0,1.39,-0.44
0.06,1.39,-0.43
0.11,1.39,-0.41
0.16,1.39,-0.38
0.2,1.39,-0.34
0.23,1.39,-0.3
0.25,1.39,-0.25
0.27,1.39,-0.2
0.27,1.39,-0.15
0.26,1.39,-0.11
0.25,1.39,-0.07
0.24,1.39,-0.03
0.23,1.37,-0.0
0.21,1.37,0.03
0.19,1.37,0.05
0.17,1.37,0.07
0.15,1.37,0.09
0.13,1.37,0.1
0.11,1.37,0.11
0.09,1.37,0.12
0.08,1.37,0.14
0.06,1.37,0.15
0.04,1.37,0.16
0.02,1.37,0.18
-0.0,1.37,0.19
-0.03,1.37,0.21
-0.06,1.37,0.24
-0.11,1.37,0.26
-0.16,1.37,0.28
-0.22,1.37,0.28
-0.28,1.37,0.27
-0.33,1.37,0.26
-0.46,1.37,0.27
-0.49,1.37,0.2
-0.51,1.37,0.13
-0.5,1.37,0.06
-0.51,1.37,-0.0
-0.5,1.37,-0.07
-0.48,1.37,-0.13
-0.45,1.37,-0.19
-0.41,1.37,-0.24
-0.35,1.37,-0.27
-0.31,1.37,-0.31
-0.26,1.37,-0.34
-0.21,1.37,-0.37
-0.17,1.37,-0.41
-0.11,1.37,-0.43
-0.06,1.37,-0.45
0.0,1.37,-0.45
0.06,1.37,-0.44
0.11,1.37,-0.42
0.16,1.37,-0.39
0.21,1.37,-0.35
0.24,1.37,-0.31
0.26,1.37,-0.26
0.27,1.37,-0.21
0.28,1.37,-0.16
0.28,1.37,-0.11
0.27,1.37,-0.07
0.25,1.37,-0.03
0.24,1.34,0.0
0.22,1.34,0.03
0.2,1.34,0.05
0.18,1.34,0.07
0.16,1.34,0.09
0.14,1.34,0.1
0.12,1.34,0.12
0.1,1.34,0.13
0.08,1.34,0.14
0.06,1.34,0.16
0.05,1.34,0.17
0.02,1.34,0.19
-0.0,1.34,0.2
-0.03,1.34,0.23
-0.07,1.34,0.25
-0.11,1.34,0.27
-0.17,1.34,0.29
-0.22,1.34,0.29
-0.28,1.34,0.28
-0.34,1.34,0.26
-0.47,1.34,0.27
-0.49,1.34,0.2
-0.49,1.34,0.13
-0.51,1.34,0.07
-0.52,1.34,-0.0
-0.51,1.34,-0.07
-0.49,1.34,-0.13
-0.46,1.34,-0.19
-0.41,1.34,-0.24
-0.36,1.34,-0.28
-0.31,1.34,-0.31
-0.26,1.34,-0.35
-0.22,1.34,-0.38
-0.17,1.34,-0.41
-0.12,1.34,-0.44
-0.06,1.34,-0.46
0.0,1.34,-0.46
0.06,1.34,-0.45
0.12,1.34,-0.43
0.17,1.34,-0.4
0.21,1.34,-0.36
0.24,1.34,-0.32
0.27,1.34,-0.27
0.28,1.34,-0.21
0.29,1.34,-0.16
0.28,1.34,-0.12
0.27,1.34,-0.07
0.26,1.34,-0.03
0.25,1.32,-0.0
0.23,1.32,0.03
0.21,1.32,0.06
0.18,1.32,0.08
0.16,1.32,0.09
0.14,1.32,0.11
0.12,1.32,0.12
0.1,1.32,0.14
0.09,1.32,0.15
0.07,1.32,0.16
0.05,1.32,0.18
0.03,1.32,0.19
-0.0,1.32,0.21
-0.03,1.32,0.24
-0.07,1.32,0.26
-0.12,1.32,0.28
-0.17,1.32,0.29
-0.23,1.32,0.3
-0.38,1.32,0.37
-0.41,1.32,0.31
-0.46,1.32,0.27
-0.47,1.32,0.19
-0.49,1.32,0.13
-0.51,1.32,0.07
-0.52,1.32,-0.0
-0.52,1.32,-0.07
-0.5,1.32,-0.13
-0.46,1.32,-0.19
-0.42,1.32,-0.24
-0.37,1.32,-0.28
-0.32,1.32,-0.32
-0.27,1.32,-0.35
-0.22,1.32,-0.39
-0.17,1.32,-0.42
-0.12,1.32,-0.45
-0.06,1.32,-0.46
0.0,1.32,-0.47
0.06,1.32,-0.46
0.12,1.32,-0.44
0.17,1.32,-0.41
0.21,1.32,-0.37
0.25,1.32,-0.32
0.27,1.32,-0.27
0.29,1.32,-0.22
0.29,1.32,-0.17
0.29,1.32,-0.12
0.28,1.32,-0.07
0.27,1.32,-0.03
0.26,1.3,-0.0
0.24,1.3,0.03
0.21,1.3,0.06
0.19,1.3,0.08
0.17,1.3,0.1
0.15,1.3,0.11
0.13,1.3,0.13
0.11,1.3,0.14
0.09,1.3,0.15
0.07,1.3,0.17
0.05,1.3,0.18
0.03,1.3,0.2
-0.0,1.3,0.22
-0.03,1.3,0.24
-0.07,1.3,0.27
-0.12,1.3,0.29
-0.17,1.3,0.3
-0.23,1.3,0.3
-0.39,1.3,0.39
-0.42,1.3,0.32
-0.45,1.3,0.26
-0.46,1.3,0.19
-0.49,1.3,0.13
-0.52,1.3,0.07
-0.53,1.3,-0.0
-0.52,1.3,-0.07
-0.5,1.3,-0.14
-0.47,1.3,-0.2
-0.42,1.3,-0.25
-0.37,1.3,-0.29
-0.32,1.3,-0.32
-0.27,1.3,-0.36
-0.22,1.3,-0.39
-0.17,1.3,-0.43
-0.12,1.3,-0.45
-0.06,1.3,-0.47
0.0,1.3,-0.47
0.06,1.3,-0.46
0.12,1.3,-0.44
0.17,1.3,-0.41
0.22,1.3,-0.37
0.25,1.3,-0.33
0.28,1.3,-0.28
0.29,1.3,-0.22
0.3,1.3,-0.17
0.3,1.3,-0.12
0.29,1.3,-0.08
0.27,1.3,-0.03
0.3,1.28,0.0
0.29,1.28,0.04
0.22,1.28,0.06
0.2,1.28,0.08
0.18,1.28,0.1
0.16,1.28,0.12
0.14,1.28,0.14
0.11,1.28,0.15
0.09,1.28,0.16
0.07,1.28,0.17
0.05,1.28,0.19
0.03,1.28,0.2
-0.0,1.28,0.22
-0.03,1.28,0.25
-0.07,1.28,0.27
-0.12,1.28,0.29
-0.18,1.28,0.3
-0.23,1.28,0.3
-0.4,1.28,0.4
-0.42,1.28,0.32
-0.41,1.28,0.24
-0.46,1.28,0.19
-0.5,1.28,0.13
-0.52,1.28,0.07
-0.53,1.28,-0.0
-0.53,1.28,-0.07
-0.51,1.28,-0.14
-0.47,1.28,-0.2
-0.43,1.28,-0.25
-0.37,1.28,-0.29
-0.32,1.28,-0.32
-0.27,1.28,-0.36
-0.23,1.28,-0.39
-0.18,1.28,-0.43
-0.12,1.28,-0.46
-0.06,1.28,-0.47
0.0,1.28,-0.48
0.06,1.28,-0.47
0.12,1.28,-0.45
0.17,1.28,-0.41
0.22,1.28,-0.38
0.25,1.28,-0.33
0.28,1.28,-0.28
0.3,1.28,-0.23
0.3,1.28,-0.17
0.3,1.28,-0.12
0.29,1.28,-0.08
0.3,1.28,-0.04
0.32,1.26,-0.0
0.32,1.26,0.04
0.23,1.26,0.06
0.22,1.26,0.09
0.2,1.26,0.11
0.17,1.26,0.13
0.15,1.26,0.15
0.12,1.26,0.16
0.1,1.26,0.17
0.07,1.26,0.17
0.05,1.26,0.19
0.03,1.26,0.21
-0.0,1.26,0.23
-0.03,1.26,0.25
-0.07,1.26,0.27
-0.12,1.26,0.29
-0.18,1.26,0.3
-0.33,1.26,0.43
-0.4,1.26,0.4
-0.36,1.26,0.27
-0.41,1.26,0.24
-0.46,1.26,0.19
-0.5,1.26,0.13
-0.52,1.26,0.07
-0.53,1.26,-0.0
-0.53,1.26,-0.07
-0.51,1.26,-0.14
-0.47,1.26,-0.2
-0.43,1.26,-0.25
-0.38,1.26,-0.29
-0.32,1.26,-0.33
-0.28,1.26,-0.36
-0.23,1.26,-0.4
-0.18,1.26,-0.43
-0.12,1.26,-0.46
-0.06,1.26,-0.47
0.0,1.26,-0.48
0.06,1.26,-0.47
0.12,1.26,-0.45
0.17,1.26,-0.42
0.22,1.26,-0.38
0.26,1.26,-0.33
0.28,1.26,-0.28
0.3,1.26,-0.23
0.31,1.26,-0.17
0.3,1.26,-0.12
0.3,1.26,-0.08
0.3,1.26,-0.04
0.33,1.24,0.0
0.32,1.24,0.04
0.36,1.24,0.1
0.33,1.24,0.14
0.21,1.24,0.12
0.18,1.24,0.14
0.16,1.24,0.16
0.13,1.24,0.17
0.1,1.24,0.18
0.08,1.24,0.19
0.05,1.24,0.19
0.03,1.24,0.21
-0.0,1.24,0.23
-0.03,1.24,0.25
-0.07,1.24,0.28
-0.13,1.24,0.3
-0.18,1.24,0.31
-0.35,1.24,0.45
-0.4,1.24,0.4
-0.35,1.24,0.27
-0.41,1.24,0.23
-0.45,1.24,0.19
-0.49,1.24,0.13
-0.51,1.24,0.07
-0.51,1.24,-0.0
-0.5,1.24,-0.07
-0.48,1.24,-0.13
-0.45,1.24,-0.19
-0.41,1.24,-0.24
-0.36,1.24,-0.28
-0.31,1.24,-0.31
-0.26,1.24,-0.35
-0.22,1.24,-0.38
-0.17,1.24,-0.41
-0.12,1.24,-0.44
-0.06,1.24,-0.47
0.0,1.24,-0.48
0.06,1.24,-0.48
0.13,1.24,-0.47
0.19,1.24,-0.44
0.24,1.24,-0.41
0.28,1.24,-0.36
0.32,1.24,-0.32
0.34,1.24,-0.26
0.36,1.24,-0.2
0.36,1.24,-0.15
0.35,1.24,-0.09
0.35,1.24,-0.04
0.37,1.22,0.0
0.33,1.22,0.04
0.28,1.22,0.07
0.25,1.22,0.1
0.23,1.22,0.13
0.2,1.22,0.15
0.17,1.22,0.17
0.14,1.22,0.18
0.11,1.22,0.19
0.08,1.22,0.2
0.06,1.22,0.21
0.03,1.22,0.22
-0.0,1.22,0.22
-0.03,1.22,0.25
-0.07,1.22,0.27
-0.12,1.22,0.29
-0.18,1.22,0.3
-0.24,1.22,0.31
-0.38,1.22,0.38
-0.36,1.22,0.27
-0.42,1.22,0.24
-0.48,1.22,0.2
-0.52,1.22,0.14
-0.54,1.22,0.07
-0.55,1.22,-0.0
-0.55,1.22,-0.07
-0.52,1.22,-0.14
-0.49,1.22,-0.2
-0.44,1.22,-0.25
-0.38,1.22,-0.3
-0.33,1.22,-0.34
-0.28,1.22,-0.37
-0.23,1.22,-0.4
-0.18,1.22,-0.43
-0.12,1.22,-0.46
-0.06,1.22,-0.47
0.0,1.22,-0.47
0.06,1.22,-0.46
0.12,1.22,-0.44
0.17,1.22,-0.41
0.22,1.22,-0.38
0.26,1.22,-0.33
0.28,1.22,-0.28
0.3,1.22,-0.23
0.31,1.22,-0.18
0.31,1.22,-0.13
0.31,1.22,-0.08
0.3,1.22,-0.04
0.31,1.2,0.0
0.31,1.2,0.04
0.35,1.2,0.09
0.35,1.2,0.15
0.21,1.2,0.12
0.19,1.2,0.15
0.16,1.2,0.16
0.13,1.2,0.18
0.11,1.2,0.19
0.08,1.2,0.19
0.05,1.2,0.2
0.03,1.2,0.21
-0.0,1.2,0.22
-0.03,1.2,0.23
-0.07,1.2,0.25
-0.11,1.2,0.27
-0.17,1.2,0.28
-0.34,1.2,0.44
-0.4,1.2,0.4
-0.35,1.2,0.27
-0.41,1.2,0.23
-0.46,1.2,0.19
-0.49,1.2,0.13
-0.52,1.2,0.07
-0.53,1.2,-0.0
-0.53,1.2,-0.07
-0.5,1.2,-0.14
-0.47,1.2,-0.2
-0.43,1.2,-0.25
-0.37,1.2,-0.29
-0.32,1.2,-0.33
-0.28,1.2,-0.36
-0.23,1.2,-0.4
-0.18,1.2,-0.43
-0.12,1.2,-0.46
-0.06,1.2,-0.47
0.0,1.2,-0.48
0.06,1.2,-0.47
0.12,1.2,-0.45
0.18,1.2,-0.42
0.22,1.2,-0.38
0.26,1.2,-0.33
0.28,1.2,-0.28
0.3,1.2,-0.23
0.31,1.2,-0.17
0.3,1.2,-0.12
0.3,1.2,-0.08
0.29,1.2,-0.04
0.29,1.18,0.0
0.28,1.18,0.04
0.41,1.18,0.11
0.4,1.18,0.17
0.23,1.18,0.13
0.2,1.18,0.15
0.17,1.18,0.17
0.14,1.18,0.19
0.11,1.18,0.2
0.09,1.18,0.21
0.06,1.18,0.21
0.03,1.18,0.22
-0.0,1.18,0.23
-0.03,1.18,0.24
-0.07,1.18,0.27
-0.12,1.18,0.29
-0.17,1.18,0.3
-0.23,1.18,0.3
-0.29,1.18,0.29
-0.35,1.18,0.27
-0.41,1.18,0.23
-0.46,1.18,0.19
-0.49,1.18,0.13
-0.52,1.18,0.07
-0.53,1.18,-0.0
-0.52,1.18,-0.07
-0.5,1.18,-0.14
-0.47,1.18,-0.2
-0.42,1.18,-0.25
-0.37,1.18,-0.29
-0.32,1.18,-0.32
-0.27,1.18,-0.36
-0.23,1.18,-0.39
-0.18,1.18,-0.43
-0.12,1.18,-0.45
-0.06,1.18,-0.47
0.0,1.18,-0.47
0.06,1.18,-0.46
0.12,1.18,-0.44
0.17,1.18,-0.41
0.22,1.18,-0.37
0.25,1.18,-0.33
0.28,1.18,-0.28
0.3,1.18,-0.22
0.3,1.18,-0.17
0.3,1.18,-0.12
0.29,1.18,-0.08
0.3,1.18,-0.04
0.3,1.16,-0.0
0.29,1.16,0.04
0.4,1.16,0.11
0.4,1.16,0.17
0.23,1.16,0.13
0.2,1.16,0.16
0.18,1.16,0.18
0.15,1.16,0.19
0.12,1.16,0.2
0.09,1.16,0.21
0.06,1.16,0.22
0.03,1.16,0.23
-0.0,1.16,0.23
-0.03,1.16,0.24
-0.07,1.16,0.26
-0.12,1.16,0.28
-0.17,1.16,0.29
-0.23,1.16,0.3
-0.29,1.16,0.29
-0.35,1.16,0.27
-0.4,1.16,0.23
-0.45,1.16,0.19
-0.49,1.16,0.13
-0.51,1.16,0.07
-0.52,1.16,-0.0
-0.52,1.16,-0.07
-0.5,1.16,-0.13
-0.46,1.16,-0.19
-0.42,1.16,-0.24
-0.37,1.16,-0.28
-0.32,1.16,-0.32
-0.27,1.16,-0.35
-0.22,1.16,-0.39
-0.17,1.16,-0.42
-0.12,1.16,-0.45
-0.06,1.16,-0.47
0.0,1.16,-0.47
0.06,1.16,-0.46
0.12,1.16,-0.44
0.17,1.16,-0.41
0.22,1.16,-0.37
0.25,1.16,-0.32
0.28,1.16,-0.27
0.29,1.16,-0.22
0.3,1.16,-0.17
0.3,1.16,-0.12
0.3,1.16,-0.08
0.3,1.16,-0.04
0.3,1.13,-0.0
0.29,1.13,0.04
0.27,1.13,0.07
0.37,1.13,0.16
0.23,1.13,0.13
0.21,1.13,0.16
0.18,1.13,0.18
0.15,1.13,0.19
0.12,1.13,0.2
0.09,1.13,0.21
0.06,1.13,0.22
0.03,1.13,0.23
-0.0,1.13,0.24
-0.03,1.13,0.24
-0.07,1.13,0.25
-0.11,1.13,0.27
-0.17,1.13,0.29
-0.22,1.13,0.29
-0.28,1.13,0.28
-0.34,1.13,0.26
-0.4,1.13,0.23
-0.45,1.13,0.18
-0.48,1.13,0.13
-0.51,1.13,0.07
-0.52,1.13,-0.0
-0.51,1.13,-0.07
-0.49,1.13,-0.13
-0.46,1.13,-0.19
-0.41,1.13,-0.24
-0.36,1.13,-0.28
-0.31,1.13,-0.32
-0.27,1.13,-0.35
-0.22,1.13,-0.38
-0.17,1.13,-0.42
-0.12,1.13,-0.44
-0.06,1.13,-0.46
0.0,1.13,-0.46
0.06,1.13,-0.45
0.12,1.13,-0.43
0.17,1.13,-0.4
0.21,1.13,-0.36
0.25,1.13,-0.32
0.27,1.13,-0.27
0.29,1.13,-0.22
0.29,1.13,-0.17
0.29,1.13,-0.12
0.3,1.13,-0.08
0.3,1.13,-0.04
0.3,1.11,-0.0
0.29,1.11,0.04
0.27,1.11,0.07
0.26,1.11,0.11
0.23,1.11,0.13
0.21,1.11,0.16
0.18,1.11,0.18
0.15,1.11,0.19
0.12,1.11,0.2
0.09,1.11,0.21
0.06,1.11,0.22
0.03,1.11,0.23
-0.0,1.11,0.24
-0.03,1.11,0.25
-0.07,1.11,0.26
-0.11,1.11,0.26
-0.16,1.11,0.28
-0.22,1.11,0.28
-0.28,1.11,0.28
-0.34,1.11,0.26
-0.39,1.11,0.22
-0.44,1.11,0.18
-0.48,1.11,0.13
-0.5,1.11,0.06
-0.51,1.11,-0.0
-0.5,1.11,-0.07
-0.48,1.11,-0.13
-0.45,1.11,-0.19
-0.41,1.11,-0.24
-0.36,1.11,-0.27
-0.31,1.11,-0.31
-0.26,1.11,-0.34
-0.22,1.11,-0.38
-0.17,1.11,-0.41
-0.12,1.11,-0.44
-0.06,1.11,-0.45
0.0,1.11,-0.46
0.06,1.11,-0.45
0.12,1.11,-0.43
0.17,1.11,-0.4
0.21,1.11,-0.36
0.24,1.11,-0.31
0.27,1.11,-0.26
0.28,1.11,-0.21
0.28,1.11,-0.16
0.29,1.11,-0.12
0.3,1.11,-0.08
0.3,1.11,-0.04
0.32,1.09,-0.0
0.31,1.09,0.04
0.29,1.09,0.08
0.26,1.09,0.11
0.23,1.09,0.13
0.21,1.09,0.16
0.18,1.09,0.18
0.15,1.09,0.19
0.12,1.09,0.2
0.09,1.09,0.21
0.06,1.09,0.22
0.03,1.09,0.23
-0.0,1.09,0.24
-0.03,1.09,0.24
-0.07,1.09,0.25
-0.11,1.09,0.26
-0.15,1.09,0.27
-0.21,1.09,0.27
-0.27,1.09,0.27
-0.33,1.09,0.25
-0.38,1.09,0.22
-0.43,1.09,0.18
-0.47,1.09,0.12
-0.49,1.09,0.06
-0.5,1.09,-0.0
-0.49,1.09,-0.07
-0.48,1.09,-0.13
-0.44,1.09,-0.18
-0.4,1.09,-0.23
-0.35,1.09,-0.27
-0.3,1.09,-0.3
-0.26,1.09,-0.34
-0.21,1.09,-0.37
-0.17,1.09,-0.4
-0.11,1.09,-0.43
-0.06,1.09,-0.44
0.0,1.09,-0.45
0.06,1.09,-0.44
0.11,1.09,-0.42
0.16,1.09,-0.39
0.2,1.09,-0.35
0.24,1.09,-0.3
0.26,1.09,-0.26
0.27,1.09,-0.21
0.28,1.09,-0.16
0.29,1.09,-0.12
0.31,1.09,-0.08
0.32,1.09,-0.04
0.34,1.07,-0.0
0.33,1.07,0.04
0.31,1.07,0.08
0.28,1.07,0.12
0.25,1.07,0.14
0.21,1.07,0.16
0.17,1.07,0.18
0.15,1.07,0.19
0.12,1.07,0.2
0.09,1.07,0.21
0.06,1.07,0.22
0.03,1.07,0.22
-0.0,1.07,0.23
-0.03,1.07,0.24
-0.07,1.07,0.25
-0.11,1.07,0.26
-0.15,1.07,0.26
-0.2,1.07,0.26
-0.26,1.07,0.26
-0.32,1.07,0.24
-0.37,1.07,0.21
-0.42,1.07,0.17
-0.45,1.07,0.12
-0.48,1.07,0.06
-0.49,1.07,-0.0
-0.48,1.07,-0.06
-0.46,1.07,-0.13
-0.43,1.07,-0.18
-0.39,1.07,-0.22
-0.34,1.07,-0.26
-0.29,1.07,-0.29
-0.25,1.07,-0.33
-0.21,1.07,-0.36
-0.16,1.07,-0.39
-0.11,1.07,-0.42
-0.06,1.07,-0.43
0.0,1.07,-0.43
0.06,1.07,-0.43
0.11,1.07,-0.41
0.16,1.07,-0.38
0.2,1.07,-0.34
0.23,1.07,-0.29
0.25,1.07,-0.25
0.26,1.07,-0.2
0.28,1.07,-0.16
0.31,1.07,-0.13
0.33,1.07,-0.09
0.34,1.07,-0.04
0.36,1.05,-0.0
0.35,1.05,0.05
0.33,1.05,0.09
0.3,1.05,0.12
0.26,1.05,0.15
0.22,1.05,0.17
0.18,1.05,0.18
0.14,1.05,0.19
0.11,1.05,0.2
0.08,1.05,0.2
0.06,1.05,0.21
0.03,1.05,0.22
-0.0,1.05,0.23
-0.03,1.05,0.24
-0.07,1.05,0.25
-0.11,1.05,0.25
-0.15,1.05,0.25
-0.19,1.05,0.25
-0.25,1.05,0.25
-0.3,1.05,0.23
-0.36,1.05,0.2
-0.4,1.05,0.17
-0.44,1.05,0.12
-0.46,1.05,0.06
-0.47,1.05,-0.0
-0.47,1.05,-0.06
-0.45,1.05,-0.12
-0.42,1.05,-0.17
-0.37,1.05,-0.22
-0.33,1.05,-0.25
-0.28,1.05,-0.28
-0.24,1.05,-0.32
-0.2,1.05,-0.35
-0.16,1.05,-0.38
-0.11,1.05,-0.4
-0.05,1.05,-0.42
0.0,1.05,-0.42
0.06,1.05,-0.41
0.11,1.05,-0.39
0.15,1.05,-0.36
0.19,1.05,-0.33
0.22,1.05,-0.28
0.24,1.05,-0.24
0.25,1.05,-0.19
0.29,1.05,-0.17
0.32,1.05,-0.13
0.34,1.05,-0.09
0.36,1.05,-0.05
0.37,1.03,-0.0
0.36,1.03,0.05
0.34,1.03,0.09
0.31,1.03,0.13
0.28,1.03,0.16
0.23,1.03,0.18
0.19,1.03,0.19
0.15,1.03,0.19
0.11,1.03,0.19
0.08,1.03,0.2
0.05,1.03,0.21
0.03,1.03,0.21
-0.0,1.03,0.22
-0.03,1.03,0.23
-0.06,1.03,0.24
-0.1,1.03,0.25
-0.14,1.03,0.25
-0.19,1.03,0.25
-0.24,1.03,0.24
-0.29,1.03,0.22
-0.34,1.03,0.2
-0.39,1.03,0.16
-0.42,1.03,0.11
-0.45,1.03,0.06
-0.46,1.03,-0.0
-0.45,1.03,-0.06
-0.43,1.03,-0.12
-0.4,1.03,-0.17
-0.36,1.03,-0.21
-0.31,1.03,-0.24
-0.27,1.03,-0.27
-0.23,1.03,-0.3
-0.19,1.03,-0.33
-0.15,1.03,-0.36
-0.1,1.03,-0.39
-0.05,1.03,-0.4
0.0,1.03,-0.41
0.05,1.03,-0.4
0.1,1.03,-0.38
0.15,1.03,-0.35
0.18,1.03,-0.31
0.21,1.03,-0.27
0.23,1.03,-0.22
0.26,1.03,-0.2
0.3,1.03,-0.17
0.33,1.03,-0.14
0.36,1.03,-0.09
0.37,1.03,-0.05
0.38,1.01,0.0
0.37,1.01,0.05
0.35,1.01,0.09
0.32,1.01,0.13
0.29,1.01,0.17
0.24,1.01,0.19
0.2,1.01,0.2
0.16,1.01,0.2
0.11,1.01,0.2
0.08,1.01,0.19
0.05,1.01,0.2
0.03,1.01,0.2
-0.0,1.01,0.21
-0.03,1.01,0.22
-0.06,1.01,0.23
-0.1,1.01,0.24
-0.15,1.01,0.26
-0.2,1.01,0.26
-0.26,1.01,0.25
-0.3,1.01,0.23
-0.35,1.01,0.2
-0.38,1.01,0.16
-0.4,1.01,0.11
-0.43,1.01,0.06
-0.44,1.01,-0.0
-0.43,1.01,-0.06
-0.41,1.01,-0.11
-0.38,1.01,-0.16
-0.34,1.01,-0.2
-0.3,1.01,-0.23
-0.26,1.01,-0.26
-0.22,1.01,-0.29
-0.18,1.01,-0.32
-0.14,1.01,-0.35
-0.1,1.01,-0.37
-0.05,1.01,-0.38
0.0,1.01,-0.39
0.05,1.01,-0.38
0.1,1.01,-0.36
0.14,1.01,-0.33
0.17,1.01,-0.29
0.2,1.01,-0.25
0.23,1.01,-0.23
0.27,1.01,-0.21
0.31,1.01,-0.18
0.34,1.01,-0.14
0.37,1.01,-0.1
0.38,1.01,-0.05
0.39,0.99,-0.0
0.39,0.99,0.05
0.37,0.99,0.1
0.33,0.99,0.14
0.3,0.99,0.17
0.25,0.99,0.19
0.21,0.99,0.21
0.16,0.99,0.21
0.12,0.99,0.21
0.08,0.99,0.2
0.05,0.99,0.19
0.03,0.99,0.19
-0.0,0.99,0.2
-0.03,0.99,0.21
-0.06,0.99,0.22
-0.1,0.99,0.25
-0.16,0.99,0.27
-0.21,0.99,0.27
-0.26,0.99,0.26
-0.31,0.99,0.24
-0.36,0.99,0.21
-0.39,0.99,0.16
-0.41,0.99,0.11
-0.42,0.99,0.05
-0.41,0.99,-0.0
-0.41,0.99,-0.05
-0.39,0.99,-0.11
-0.36,0.99,-0.15
-0.32,0.99,-0.18
-0.28,0.99,-0.21
-0.24,0.99,-0.24
-0.21,0.99,-0.27
-0.17,0.99,-0.3
-0.13,0.99,-0.32
-0.09,0.99,-0.35
-0.05,0.99,-0.36
0.0,0.99,-0.36
0.05,0.99,-0.35
0.09,0.99,-0.34
0.13,0.99,-0.31
0.16,0.99,-0.27
0.19,0.99,-0.24
0.24,0.99,-0.23
0.28,0.99,-0.21
0.32,0.99,-0.18
0.35,0.99,-0.14
0.38,0.99,-0.1
0.39,0.99,-0.05
0.4,0.97,-0.0
0.4,0.97,0.05
0.38,0.97,0.1
0.35,0.97,0.14
0.31,0.97,0.18
0.26,0.97,0.2
0.21,0.97,0.21
0.17,0.97,0.22
0.13,0.97,0.22
0.08,0.97,0.2
0.05,0.97,0.19
0.02,0.97,0.19
-0.0,0.97,0.19
-0.03,0.97,0.21
-0.07,0.97,0.25
-0.11,0.97,0.27
-0.16,0.97,0.28
-0.22,0.97,0.28
-0.27,0.97,0.27
-0.32,0.97,0.25
-0.36,0.97,0.21
-0.39,0.97,0.16
-0.41,0.97,0.11
-0.41,0.97,0.05
-0.41,0.97,-0.0
-0.38,0.97,-0.05
-0.35,0.97,-0.1
-0.32,0.97,-0.14
-0.29,0.97,-0.17
-0.23,0.97,-0.18
-0.2,0.97,-0.2
-0.17,0.97,-0.22
-0.14,0.97,-0.25
-0.11,0.97,-0.27
-0.08,0.97,-0.29
-0.04,0.97,-0.31
0.0,0.97,-0.32
0.04,0.97,-0.32
0.09,0.97,-0.32
0.13,0.97,-0.3
0.16,0.97,-0.27
0.19,0.97,-0.24
0.24,0.97,-0.24
0.29,0.97,-0.22
0.33,0.97,-0.19
0.37,0.97,-0.15
0.4,0.97,-0.1
0.42,0.97,-0.05
0.44,0.95,-0.0
0.43,0.95,0.06
0.42,0.95,0.11
0.38,0.95,0.16
0.34,0.95,0.2
0.29,0.95,0.22
0.23,0.95,0.23
0.18,0.95,0.23
0.13,0.95,0.22
0.09,0.95,0.21
0.05,0.95,0.2
0.02,0.95,0.18
-0.0,0.95,0.18
-0.03,0.95,0.21
-0.07,0.95,0.25
-0.11,0.95,0.27
-0.16,0.95,0.28
-0.23,0.95,0.29
-0.28,0.95,0.28
-0.34,0.95,0.26
-0.38,0.95,0.22
-0.42,0.95,0.17
-0.44,0.95,0.12
-0.45,0.95,0.06
-0.44,0.95,-0.0
-0.42,0.95,-0.06
-0.38,0.95,-0.1
-0.33,0.95,-0.14
-0.28,0.95,-0.16
-0.23,0.95,-0.18
-0.2,0.95,-0.2
-0.16,0.95,-0.22
-0.13,0.95,-0.23
-0.1,0.95,-0.25
-0.07,0.95,-0.26
-0.03,0.95,-0.23
0.0,0.95,-0.23
0.03,0.95,-0.24
0.07,0.95,-0.25
0.11,0.95,-0.26
0.16,0.95,-0.27
0.2,0.95,-0.26
0.25,0.95,-0.25
0.29,0.95,-0.22
0.33,0.95,-0.19
0.37,0.95,-0.15
0.39,0.95,-0.1
0.41,0.95,-0.05
0.42,0.92,0.0
0.41,0.92,0.05
0.39,0.92,0.1
0.35,0.92,0.15
0.31,0.92,0.18
0.26,0.92,0.2
0.21,0.92,0.21
0.16,0.92,0.21
0.12,0.92,0.21
0.08,0.92,0.2
0.05,0.92,0.18
0.02,0.92,0.17
-0.0,0.92,0.17
-0.03,0.92,0.21
-0.07,0.92,0.24
-0.11,0.92,0.27
-0.16,0.92,0.28
-0.22,0.92,0.28
-0.27,0.92,0.27
-0.33,0.92,0.25
-0.37,0.92,0.21
-0.41,0.92,0.17
-0.43,0.92,0.11
-0.44,0.92,0.06
-0.43,0.92,-0.0
-0.41,0.92,-0.05
-0.37,0.92,-0.1
-0.34,0.92,-0.14
-0.29,0.92,-0.17
-0.24,0.92,-0.18
-0.18,0.92,-0.19
-0.14,0.92,-0.18
-0.1,0.92,-0.18
-0.08,0.92,-0.19
-0.05,0.92,-0.2
-0.03,0.92,-0.22
0.0,0.92,-0.22
0.03,0.92,-0.22
0.07,0.92,-0.24
0.11,0.92,-0.25
0.15,0.92,-0.26
0.2,0.92,-0.26
0.25,0.92,-0.24
0.29,0.92,-0.22
0.33,0.92,-0.19
0.37,0.92,-0.15
0.4,0.92,-0.11
0.42,0.92,-0.05
0.43,0.9,-0.0
0.43,0.9,0.06
0.41,0.9,0.11
0.38,0.9,0.16
0.34,0.9,0.19
0.28,0.9,0.22
0.23,0.9,0.23
0.18,0.9,0.23
0.13,0.9,0.22
0.09,0.9,0.21
0.05,0.9,0.2
0.02,0.9,0.18
-0.0,0.9,0.19
-0.03,0.9,0.22
-0.07,0.9,0.26
-0.12,0.9,0.28
-0.17,0.9,0.29
-0.23,0.9,0.3
-0.28,0.9,0.28
-0.34,0.9,0.26
-0.38,0.9,0.22
-0.42,0.9,0.17
-0.44,0.9,0.12
-0.44,0.9,0.06
-0.43,0.9,-0.0
-0.41,0.9,-0.06
-0.38,0.9,-0.1
-0.34,0.9,-0.14
-0.29,0.9,-0.17
-0.23,0.9,-0.18
-0.18,0.9,-0.18
-0.13,0.9,-0.17
-0.09,0.9,-0.16
-0.06,0.9,-0.16
-0.04,0.9,-0.16
-0.02,0.9,-0.17
0.0,0.9,-0.2
0.03,0.9,-0.22
0.06,0.9,-0.24
0.1,0.9,-0.25
0.15,0.9,-0.26
0.2,0.9,-0.25
0.24,0.9,-0.24
0.29,0.9,-0.22
0.33,0.9,-0.19
0.37,0.9,-0.15
0.41,0.9,-0.11
0.43,0.9,-0.05
0.45,0.88,0.0
0.44,0.88,0.06
0.43,0.88,0.11
0.39,0.88,0.16
0.35,0.88,0.2
0.29,0.88,0.22
0.24,0.88,0.24
0.18,0.88,0.24
0.13,0.88,0.23
0.09,0.88,0.21
0.05,0.88,0.2
0.02,0.88,0.18
-0.0,0.88,0.19
-0.03,0.88,0.23
-0.07,0.88,0.26
-0.12,0.88,0.28
-0.17,0.88,0.3
-0.23,0.88,0.3
-0.29,0.88,0.29
-0.34,0.88,0.26
-0.39,0.88,0.22
-0.42,0.88,0.17
-0.44,0.88,0.12
-0.45,0.88,0.06
-0.44,0.88,-0.0
-0.42,0.88,-0.06
-0.38,0.88,-0.1
-0.34,0.88,-0.14
-0.29,0.88,-0.17
-0.24,0.88,-0.18
-0.18,0.88,-0.18
-0.13,0.88,-0.18
-0.09,0.88,-0.16
-0.06,0.88,-0.14
-0.04,0.88,-0.15
-0.02,0.88,-0.17
0.0,0.88,-0.19
0.03,0.88,-0.22
0.06,0.88,-0.23
0.1,0.88,-0.25
0.15,0.88,-0.25
0.2,0.88,-0.25
0.24,0.88,-0.24
0.29,0.88,-0.22
0.34,0.88,-0.19
0.38,0.88,-0.15
0.41,0.88,-0.11
0.44,0.88,-0.06
0.46,0.86,-0.0
0.46,0.86,0.06
0.44,0.86,0.12
0.4,0.86,0.17
0.36,0.86,0.21
0.3,0.86,0.23
0.24,0.86,0.24
0.18,0.86,0.24
0.13,0.86,0.23
0.09,0.86,0.21
0.05,0.86,0.19
0.02,0.86,0.17
-0.0,0.86,0.19
-0.03,0.86,0.22
-0.07,0.86,0.26
-0.12,0.86,0.28
-0.17,0.86,0.3
-0.23,0.86,0.3
-0.29,0.86,0.29
-0.35,0.86,0.27
-0.4,0.86,0.23
-0.43,0.86,0.18
-0.45,0.86,0.12
-0.46,0.86,0.06
-0.44,0.86,-0.0
-0.42,0.86,-0.06
-0.38,0.86,-0.1
-0.34,0.86,-0.14
-0.29,0.86,-0.17
-0.23,0.86,-0.18
-0.18,0.86,-0.18
-0.13,0.86,-0.17
-0.09,0.86,-0.16
-0.06,0.86,-0.13
-0.04,0.86,-0.14
-0.02,0.86,-0.16
0.0,0.86,-0.19
0.03,0.86,-0.21
0.06,0.86,-0.23
0.1,0.86,-0.24
0.15,0.86,-0.25
0.19,0.86,-0.25
0.24,0.86,-0.24
0.29,0.86,-0.22
0.34,0.86,-0.19
0.38,0.86,-0.16
0.42,0.86,-0.11
0.45,0.86,-0.06
0.47,0.84,0.0
0.47,0.84,0.06
0.45,0.84,0.12
0.41,0.84,0.17
0.37,0.84,0.21
0.31,0.84,0.24
0.25,0.84,0.25
0.19,0.84,0.24
0.13,0.84,0.23
0.09,0.84,0.21
0.05,0.84,0.19
0.02,0.84,0.17
-0.0,0.84,0.18
-0.03,0.84,0.22
-0.07,0.84,0.26
-0.12,0.84,0.29
-0.18,0.84,0.3
-0.24,0.84,0.31
-0.3,0.84,0.3
-0.35,0.84,0.27
-0.4,0.84,0.23
-0.44,0.84,0.18
-0.46,0.84,0.12
-0.46,0.84,0.06
-0.45,0.84,-0.0
-0.42,0.84,-0.06
-0.38,0.84,-0.1
-0.34,0.84,-0.14
-0.29,0.84,-0.17
-0.23,0.84,-0.18
-0.18,0.84,-0.18
-0.13,0.84,-0.17
-0.09,0.84,-0.15
-0.05,0.84,-0.13
-0.04,0.84,-0.13
-0.02,0.84,-0.16
0.0,0.84,-0.18
0.03,0.84,-0.2
0.06,0.84,-0.22
0.1,0.84,-0.24
0.14,0.84,-0.25
0.19,0.84,-0.25
0.24,0.84,-0.24
0.29,0.84,-0.22
0.34,0.84,-0.19
0.39,0.84,-0.16
0.43,0.84,-0.11
0.45,0.84,-0.06
0.48,0.82,-0.0
0.48,0.82,0.06
0.46,0.82,0.12
0.43,0.82,0.18
0.38,0.82,0.22
0.32,0.82,0.24
0.25,0.82,0.25
0.19,0.82,0.25
0.13,0.82,0.23
0.09,0.82,0.21
0.05,0.82,0.19
0.02,0.82,0.16
-0.0,0.82,0.18
-0.03,0.82,0.22
-0.07,0.82,0.26
-0.12,0.82,0.29
-0.18,0.82,0.31
-0.24,0.82,0.31
-0.3,0.82,0.3
-0.36,0.82,0.27
-0.41,0.82,0.23
-0.44,0.82,0.18
-0.46,0.82,0.12
-0.47,0.82,0.06
-0.45,0.82,-0.0
-0.43,0.82,-0.06
-0.39,0.82,-0.1
-0.34,0.82,-0.14
-0.28,0.82,-0.16
-0.23,0.82,-0.18
-0.17,0.82,-0.17
-0.12,0.82,-0.16
-0.08,0.82,-0.14
-0.05,0.82,-0.12
-0.03,0.82,-0.12
-0.02,0.82,-0.15
0.0,0.82,-0.17
0.03,0.82,-0.19
0.06,0.82,-0.21
0.1,0.82,-0.23
0.14,0.82,-0.24
0.19,0.82,-0.24
0.24,0.82,-0.24
0.29,0.82,-0.22
0.34,0.82,-0.2
0.39,0.82,-0.16
0.43,0.82,-0.11
0.46,0.82,-0.06
0.49,0.8,-0.0
0.49,0.8,0.06
0.47,0.8,0.13
0.44,0.8,0.18
0.39,0.8,0.22
0.32,0.8,0.25
0.26,0.8,0.26
0.19,0.8,0.25
0.14,0.8,0.23
0.09,0.8,0.21
0.05,0.8,0.18
0.02,0.8,0.15
-0.0,0.8,0.17
-0.03,0.8,0.21
-0.07,0.8,0.25
-0.12,0.8,0.29
-0.18,0.8,0.31
-0.24,0.8,0.32
-0.31,0.8,0.31
-0.36,0.8,0.28
-0.41,0.8,0.24
-0.45,0.8,0.19
-0.47,0.8,0.12
-0.47,0.8,0.06
-0.46,0.8,-0.0
-0.43,0.8,-0.06
-0.39,0.8,-0.1
-0.34,0.8,-0.14
-0.28,0.8,-0.16
-0.22,0.8,-0.17
-0.17,0.8,-0.17
-0.12,0.8,-0.15
-0.07,0.8,-0.13
-0.04,0.8,-0.1
-0.03,0.8,-0.11
-0.02,0.8,-0.13
0.0,0.8,-0.15
0.02,0.8,-0.18
0.05,0.8,-0.2
0.09,0.8,-0.22
0.13,0.8,-0.23
0.18,0.8,-0.24
0.24,0.8,-0.23
0.29,0.8,-0.22
0.34,0.8,-0.2
0.39,0.8,-0.16
0.44,0.8,-0.12
0.47,0.8,-0.06
0.5,0.78,-0.0
0.5,0.78,0.07
0.49,0.78,0.13
0.45,0.78,0.19
0.4,0.78,0.23
0.33,0.78,0.25
0.26,0.78,0.26
0.2,0.78,0.26
0.14,0.78,0.24
0.09,0.78,0.21
0.05,0.78,0.18
0.02,0.78,0.15
-0.0,0.78,0.16
-0.03,0.78,0.21
-0.07,0.78,0.25
-0.12,0.78,0.29
-0.18,0.78,0.31
-0.25,0.78,0.32
-0.31,0.78,0.31
-0.37,0.78,0.28
-0.42,0.78,0.24
-0.46,0.78,0.19
-0.48,0.78,0.13
-0.48,0.78,0.06
-0.46,0.78,-0.0
-0.43,0.78,-0.06
-0.39,0.78,-0.11
-0.34,0.78,-0.14
-0.28,0.78,-0.16
-0.22,0.78,-0.17
-0.16,0.78,-0.16
-0.11,0.78,-0.14
-0.07,0.78,-0.12
-0.04,0.78,-0.09
-0.02,0.78,-0.09
-0.01,0.78,-0.11
0.0,0.78,-0.13
0.02,0.78,-0.16
0.05,0.78,-0.18
0.09,0.78,-0.21
0.13,0.78,-0.22
0.18,0.78,-0.23
0.23,0.78,-0.23
0.29,0.78,-0.22
0.34,0.78,-0.2
0.4,0.78,-0.16
0.44,0.78,-0.12
0.48,0.78,-0.06
0.51,0.76,-0.0
0.51,0.76,0.07
0.49,0.76,0.13
0.46,0.76,0.19
0.4,0.76,0.23
0.34,0.76,0.26
0.27,0.76,0.27
0.2,0.76,0.26
0.14,0.76,0.24
0.08,0.76,0.2
0.04,0.76,0.17
0.02,0.76,0.13
-0.0,0.76,0.15
-0.03,0.76,0.2
-0.07,0.76,0.25
-0.12,0.76,0.29
-0.18,0.76,0.31
-0.25,0.76,0.32
-0.31,0.76,0.31
-0.38,0.76,0.29
-0.43,0.76,0.24
-0.46,0.76,0.19
-0.48,0.76,0.13
-0.48,0.76,0.06
-0.47,0.76,-0.0
-0.43,0.76,-0.06
-0.39,0.76,-0.11
-0.33,0.76,-0.14
-0.27,0.76,-0.16
-0.21,0.76,-0.16
-0.15,0.76,-0.15
-0.1,0.76,-0.13
-0.06,0.76,-0.1
-0.03,0.76,-0.06
-0.02,0.76,-0.07
-0.01,0.76,-0.09
0.0,0.76,-0.11
0.02,0.76,-0.14
0.05,0.76,-0.17
0.08,0.76,-0.19
0.12,0.76,-0.21
0.17,0.76,-0.22
0.23,0.76,-0.23
0.29,0.76,-0.22
0.34,0.76,-0.2
0.4,0.76,-0.16
0.45,0.76,-0.12
0.49,0.76,-0.06
0.52,0.74,0.0
0.52,0.74,0.07
0.5,0.74,0.13
0.46,0.74,0.19
0.41,0.74,0.24
0.35,0.74,0.27
0.27,0.74,0.27
0.2,0.74,0.26
0.14,0.74,0.23
0.08,0.74,0.2
0.04,0.74,0.16
0.02,0.74,0.12
-0.0,0.74,0.13
-0.03,0.74,0.2
-0.07,0.74,0.25
-0.12,0.74,0.29
-0.18,0.74,0.32
-0.25,0.74,0.33
-0.32,0.74,0.32
-0.38,0.74,0.29
-0.43,0.74,0.25
-0.47,0.74,0.19
-0.49,0.74,0.13
-0.49,0.74,0.06
-0.47,0.74,-0.0
-0.44,0.74,-0.06
-0.39,0.74,-0.11
-0.33,0.74,-0.14
-0.27,0.74,-0.16
-0.21,0.74,-0.16
-0.15,0.74,-0.15
-0.09,0.74,-0.12
-0.04,0.74,-0.07
-0.01,0.74,-0.03
-0.01,0.74,-0.04
-0.01,0.74,-0.06
0.0,0.74,-0.08
0.02,0.74,-0.11
0.04,0.74,-0.14
0.07,0.74,-0.17
0.12,0.74,-0.2
0.17,0.74,-0.21
0.22,0.74,-0.22
0.28,0.74,-0.22
0.34,0.74,-0.2
0.4,0.74,-0.16
0.45,0.74,-0.12
0.49,0.74,-0.06
0.52,0.71,0.0
0.53,0.71,0.07
0.52,0.71,0.14
0.48,0.71,0.2
0.42,0.71,0.24
0.35,0.71,0.27
0.28,0.71,0.28
0.2,0.71,0.26
0.13,0.71,0.23
0.08,0.71,0.19
0.04,0.71,0.14
0.01,0.71,0.09
-0.0,0.71,0.11
-0.02,0.71,0.19
-0.07,0.71,0.25
-0.12,0.71,0.29
-0.19,0.71,0.32
-0.25,0.71,0.33
-0.32,0.71,0.32
-0.39,0.71,0.3
-0.44,0.71,0.25
-0.48,0.71,0.2
-0.49,0.71,0.13
-0.49,0.71,0.06
-0.48,0.71,-0.0
-0.44,0.71,-0.06
-0.39,0.71,-0.11
-0.33,0.71,-0.14
-0.27,0.71,-0.16
-0.2,0.71,-0.15
-0.14,0.71,-0.14
-0.07,0.71,-0.09
-0.0,0.71,-0.01
-0.0,0.71,-0.01
-0.0,0.71,-0.02
-0.0,0.71,-0.02
0.0,0.71,-0.04
0.01,0.71,-0.08
0.03,0.71,-0.12
0.06,0.71,-0.15
0.11,0.71,-0.18
0.16,0.71,-0.2
0.22,0.71,-0.21
0.28,0.71,-0.21
0.34,0.71,-0.2
0.4,0.71,-0.17
0.46,0.71,-0.12
0.5,0.71,-0.06
0.55,0.69,-0.0
0.56,0.69,0.07
0.54,0.69,0.15
0.51,0.69,0.21
0.45,0.69,0.26
0.37,0.69,0.28
0.29,0.69,0.29
0.21,0.69,0.27
0.14,0.69,0.24
0.07,0.69,0.16
-1.29,0.69,-4.83
-0.65,0.69,-4.96
-0.0,0.69,0.13
-0.03,0.69,0.2
-0.07,0.69,0.26
-0.13,0.69,0.3
-0.19,0.69,0.33
-0.25,0.69,0.33
-0.32,0.69,0.32
-0.38,0.69,0.29
-0.44,0.69,0.25
-0.47,0.69,0.19
-0.49,0.69,0.13
-0.49,0.69,0.06
-0.47,0.69,-0.0
-0.44,0.69,-0.06
-0.4,0.69,-0.11
-0.34,0.69,-0.14
-0.28,0.69,-0.16
-0.21,0.69,-0.16
-0.15,0.69,-0.15
-0.09,0.69,-0.12
-0.04,0.69,-0.06
1.9,0.69,4.63
1.28,0.69,4.83
0.64,0.69,4.96
-0.0,0.69,0.04
-0.0,0.69,0.02
-0.0,0.69,0.02
-0.0,0.69,0.01
-0.01,0.69,0.01
0.11,0.69,-0.14
0.18,0.69,-0.18
0.25,0.69,-0.19
0.33,0.69,-0.19
0.4,0.69,-0.16
0.46,0.69,-0.12
0.5,0.69,-0.06
0.55,0.67,-0.0
0.56,0.67,0.07
0.55,0.67,0.15
0.51,0.67,0.21
0.45,0.67,0.26
0.35,0.67,0.27
0.28,0.67,0.28
0.2,0.67,0.27
0.14,0.67,0.24
0.08,0.67,0.2
0.04,0.67,0.14
0.01,0.67,0.09
-0.0,0.67,0.04
-0.0,0.67,0.02
-0.06,0.67,0.22
-0.12,0.67,0.29
-0.19,0.67,0.33
-0.26,0.67,0.34
-0.34,0.67,0.34
-0.4,0.67,0.31
-0.46,0.67,0.26
-0.49,0.67,0.2
-0.51,0.67,0.14
-0.51,0.67,0.07
-0.49,0.67,-0.0
-0.45,0.67,-0.06
-0.4,0.67,-0.11
-0.33,0.67,-0.14
-0.26,0.67,-0.15
-0.19,0.67,-0.14
-0.1,0.67,-0.1
0.0,0.67,0.01
0.01,0.67,0.02
0.01,0.67,0.02
1.28,0.67,4.83
0.64,0.67,4.96
-0.02,0.67,5.0
-0.01,0.67,0.08
-0.01,0.67,0.05
0.06,0.67,-0.14
0.1,0.67,-0.18
0.15,0.67,-0.2
0.22,0.67,-0.22
0.28,0.67,-0.22
0.35,0.67,-0.2
0.42,0.67,-0.17
0.47,0.67,-0.12
0.52,0.67,-0.07
0.55,0.65,-0.0
0.56,0.65,0.07
0.54,0.65,0.15
0.5,0.65,0.21
0.44,0.65,0.25
0.36,0.65,0.28
0.27,0.65,0.27
0.2,0.65,0.26
0.12,0.65,0.21
-1.91,0.65,-4.62
-1.29,0.65,-4.83
-0.65,0.65,-4.96
0.01,0.65,-5.0
0.66,0.65,-4.96
-0.06,0.65,0.23
-0.12,0.65,0.29
-0.19,0.65,0.32
-0.26,0.65,0.34
-0.33,0.65,0.33
-0.4,0.65,0.3
-0.45,0.65,0.26
-0.49,0.65,0.2
-0.51,0.65,0.14
-0.51,0.65,0.07
-0.49,0.65,-0.0
-0.45,0.65,-0.06
-0.39,0.65,-0.11
-0.33,0.65,-0.14
-0.26,0.65,-0.15
-0.17,0.65,-0.13
0.03,0.65,0.03
0.03,0.65,0.04
0.03,0.65,0.05
1.9,0.65,4.63
1.28,0.65,4.83
0.64,0.65,4.96
-0.02,0.65,5.0
-0.67,0.65,4.95
-0.02,0.65,0.06
-0.02,0.65,0.05
-0.02,0.65,0.04
0.12,0.65,-0.16
0.19,0.65,-0.19
0.26,0.65,-0.2
0.34,0.65,-0.19
0.41,0.65,-0.17
0.47,0.65,-0.12
0.53,0.65,-0.07
0.56,0.63,0.0
0.57,0.63,0.08
0.55,0.63,0.15
0.52,0.63,0.21
0.46,0.63,0.26
0.38,0.63,0.29
0.29,0.63,0.29
0.2,0.63,0.26
0.12,0.63,0.21
-1.91,0.63,-4.62
-1.29,0.63,-4.83
-0.65,0.63,-4.96
0.01,0.63,-5.0
0.66,0.63,-4.96
-0.06,0.63,0.22
-0.12,0.63,0.29
-0.19,0.63,0.33
-0.26,0.63,0.34
-0.34,0.63,0.34
-0.4,0.63,0.31
-0.46,0.63,0.26
-0.5,0.63,0.2
-0.52,0.63,0.14
-0.51,0.63,0.07
-0.49,0.63,-0.0
-0.45,0.63,-0.06
-0.39,0.63,-0.11
-0.32,0.63,-0.13
-0.24,0.63,-0.14
-0.15,0.63,-0.12
0.04,0.63,0.04
0.04,0.63,0.05
0.05,0.63,0.08
1.9,0.63,4.63
1.28,0.63,4.83
0.64,0.63,4.96
-0.02,0.63,5.0
-0.67,0.63,4.95
-0.02,0.63,0.08
-0.02,0.63,0.06
-0.03,0.63,0.04
-0.03,0.63,0.04
0.18,0.63,-0.18
0.25,0.63,-0.19
0.33,0.63,-0.19
0.4,0.63,-0.16
0.48,0.63,-0.13
0.53,0.63,-0.07
0.57,0.61,-0.0
0.58,0.61,0.08
0.56,0.61,0.15
0.52,0.61,0.22
0.46,0.61,0.27
0.38,0.61,0.29
0.29,0.61,0.3
0.19,0.61,0.25
0.11,0.61,0.19
-1.91,0.61,-4.62
-1.29,0.61,-4.83
-0.65,0.61,-4.96
0.01,0.61,-5.0
0.66,0.61,-4.96
-0.06,0.61,0.21
-0.12,0.61,0.29
-0.19,0.61,0.33
-0.26,0.61,0.34
-0.34,0.61,0.34
-0.41,0.61,0.31
-0.46,0.61,0.27
-0.51,0.61,0.21
-0.53,0.61,0.14
-0.53,0.61,0.07
-0.51,0.61,-0.0
-0.46,0.61,-0.06
-0.39,0.61,-0.11
-0.32,0.61,-0.13
-0.23,0.61,-0.14
0.05,0.61,0.04
0.05,0.61,0.05
0.05,0.61,0.07
0.07,0.61,0.12
1.9,0.61,4.63
1.28,0.61,4.83
0.64,0.61,4.96
-0.02,0.61,5.0
-0.67,0.61,4.95
-0.03,0.61,0.1
-0.03,0.61,0.07
-0.03,0.61,0.05
-0.03,0.61,0.04
0.15,0.61,-0.15
0.24,0.61,-0.19
0.33,0.61,-0.19
0.41,0.61,-0.17
0.48,0.61,-0.13
0.54,0.61,-0.07
0.58,0.59,0.0
0.58,0.59,0.08
0.57,0.59,0.15
0.53,0.59,0.22
0.46,0.59,0.27
0.39,0.59,0.3
0.3,0.59,0.3
0.19,0.59,0.25
-2.5,0.59,-4.33
-1.91,0.59,-4.62
-1.29,0.59,-4.83
-0.65,0.59,-4.96
0.01,0.59,-5.0
0.66,0.59,-4.96
-0.05,0.59,0.19
-0.12,0.59,0.28
-0.19,0.59,0.33
-0.26,0.59,0.34
-0.34,0.59,0.34
-0.41,0.59,0.31
-0.47,0.59,0.27
-0.51,0.59,0.21
-0.53,0.59,0.14
-0.54,0.59,0.07
-0.52,0.59,-0.0
-0.48,0.59,-0.06
-0.42,0.59,-0.11
-0.32,0.59,-0.13
-0.22,0.59,-0.13
0.06,0.59,0.05
0.06,0.59,0.06
0.07,0.59,0.09
2.49,0.59,4.34
1.9,0.59,4.63
1.28,0.59,4.83
0.64,0.59,4.96
-0.02,0.59,5.0
-0.67,0.59,4.95
-0.04,0.59,0.13
-0.03,0.59,0.08
-0.04,0.59,0.06
-0.04,0.59,0.05
-0.04,0.59,0.04
0.23,0.59,-0.18
0.32,0.59,-0.18
0.41,0.59,-0.17
0.49,0.59,-0.13
0.54,0.59,-0.07
0.58,0.57,0.0
0.59,0.57,0.08
0.57,0.57,0.15
0.53,0.57,0.22
0.47,0.57,0.27
0.39,0.57,0.3
0.3,0.57,0.3
0.19,0.57,0.25
-2.5,0.57,-4.33
-1.91,0.57,-4.62
-1.29,0.57,-4.83
-0.65,0.57,-4.96
0.01,0.57,-5.0
0.66,0.57,-4.96
1.3,0.57,-4.83
-0.11,0.57,0.28
-0.19,0.57,0.32
-0.26,0.57,0.34
-0.34,0.57,0.34
-0.42,0.57,0.32
-0.47,0.57,0.27
-0.52,0.57,0.21
-0.54,0.57,0.14
-0.55,0.57,0.07
-0.53,0.57,-0.0
-0.5,0.57,-0.07
-0.44,0.57,-0.12
-0.35,0.57,-0.14
-0.21,0.57,-0.12
0.07,0.57,0.06
0.07,0.57,0.08
0.08,0.57,0.11
2.49,0.57,4.34
1.9,0.57,4.63
1.28,0.57,4.83
0.64,0.57,4.96
-0.02,0.57,5.0
-0.67,0.57,4.95
-1.31,0.57,4.82
-0.04,0.57,0.09
-0.04,0.57,0.07
-0.04,0.57,0.06
-0.05,0.57,0.05
0.21,0.57,-0.16
0.31,0.57,-0.18
0.41,0.57,-0.17
0.49,0.57,-0.13
0.55,0.57,-0.07
0.59,0.55,0.0
0.6,0.55,0.08
0.58,0.55,0.16
0.54,0.55,0.22
0.47,0.55,0.27
0.39,0.55,0.3
0.3,0.55,0.3
0.19,0.55,0.25
-2.5,0.55,-4.33
-1.91,0.55,-4.62
-1.29,0.55,-4.83
-0.65,0.55,-4.96
0.01,0.55,-5.0
0.66,0.55,-4.96
1.3,0.55,-4.83
-0.11,0.55,0.26
-0.18,0.55,0.32
-0.27,0.55,0.35
-0.35,0.55,0.34
-0.42,0.55,0.32
-0.48,0.55,0.27
-0.52,0.55,0.21
-0.54,0.55,0.14
-0.55,0.55,0.07
-0.55,0.55,-0.0
-0.51,0.55,-0.07
-0.46,0.55,-0.12
-0.37,0.55,-0.15
-0.18,0.55,-0.1
0.09,0.55,0.07
0.09,0.55,0.09
0.11,0.55,0.15
2.49,0.55,4.34
1.9,0.55,4.63
1.28,0.55,4.83
0.64,0.55,4.96
-0.02,0.55,5.0
-0.67,0.55,4.95
-1.31,0.55,4.82
-0.05,0.55,0.11
-0.05,0.55,0.08
-0.05,0.55,0.06
-0.05,0.55,0.05
-0.05,0.55,0.04
0.31,0.55,-0.17
0.41,0.55,-0.17
0.49,0.55,-0.13
0.55,0.55,-0.07
0.59,0.53,0.0
0.6,0.53,0.08
0.58,0.53,0.16
0.54,0.53,0.22
0.47,0.53,0.27
0.39,0.53,0.3
0.3,0.53,0.3
0.18,0.53,0.24
-2.5,0.53,-4.33
-1.91,0.53,-4.62
-1.29,0.53,-4.83
-0.65,0.53,-4.96
0.01,0.53,-5.0
0.66,0.53,-4.96
1.3,0.53,-4.83
-0.1,0.53,0.24
-0.19,0.53,0.32
-0.27,0.53,0.35
-0.35,0.53,0.35
-0.42,0.53,0.32
-0.48,0.53,0.27
-0.52,0.53,0.21
-0.55,0.53,0.15
-0.56,0.53,0.07
-0.56,0.53,-0.0
-0.53,0.53,-0.07
-0.48,0.53,-0.13
-0.39,0.53,-0.16
-0.26,0.53,-0.15
0.1,0.53,0.08
0.11,0.53,0.11
0.13,0.53,0.17
2.49,0.53,4.34
1.9,0.53,4.63
1.28,0.53,4.83
0.64,0.53,4.96
-0.02,0.53,5.0
-0.67,0.53,4.95
-1.31,0.53,4.82
-0.05,0.53,0.13
-0.05,0.53,0.09
-0.06,0.53,0.07
-0.06,0.53,0.06
-0.06,0.53,0.05
0.3,0.53,-0.17
0.41,0.53,-0.17
0.5,0.53,-0.13
0.56,0.53,-0.07
0.6,0.5,0.0
0.61,0.5,0.08
0.59,0.5,0.16
0.55,0.5,0.23
0.48,0.5,0.28
0.39,0.5,0.3
0.3,0.5,0.3
-3.04,0.5,-3.97
-2.5,0.5,-4.33
-1.91,0.5,-4.62
-1.29,0.5,-4.83
-0.65,0.5,-4.96
0.01,0.5,-5.0
0.66,0.5,-4.96
1.3,0.5,-4.83
-0.1,0.5,0.23
-0.18,0.5,0.32
-0.27,0.5,0.35
-0.35,0.5,0.34
-0.42,0.5,0.32
-0.48,0.5,0.27
-0.52,0.5,0.21
-0.55,0.5,0.15
-0.57,0.5,0.07
-0.57,0.5,-0.0
-0.54,0.5,-0.07
-0.49,0.5,-0.13
-0.42,0.5,-0.17
-0.29,0.5,-0.17
0.11,0.5,0.08
0.12,0.5,0.12
3.03,0.5,3.98
2.49,0.5,4.34
1.9,0.5,4.63
1.28,0.5,4.83
0.64,0.5,4.96
-0.02,0.5,5.0
-0.67,0.5,4.95
-1.31,0.5,4.82
-0.07,0.5,0.16
-0.06,0.5,0.11
-0.06,0.5,0.08
-0.07,0.5,0.07
-0.07,0.5,0.05
0.3,0.5,-0.17
0.41,0.5,-0.17
0.5,0.5,-0.13
0.56,0.5,-0.07
0.61,0.48,-0.0
0.62,0.48,0.08
0.6,0.48,0.16
0.55,0.48,0.23
0.48,0.48,0.28
0.39,0.48,0.3
0.29,0.48,0.29
-3.04,0.48,-3.97
-2.5,0.48,-4.33
-1.91,0.48,-4.62
-1.29,0.48,-4.83
-0.65,0.48,-4.96
0.01,0.48,-5.0
0.66,0.48,-4.96
1.3,0.48,-4.83
1.92,0.48,-4.62
-0.18,0.48,0.31
-0.26,0.48,0.34
-0.34,0.48,0.34
-0.41,0.48,0.32
-0.47,0.48,0.27
-0.52,0.48,0.21
-0.56,0.48,0.15
-0.58,0.48,0.07
-0.58,0.48,-0.0
-0.56,0.48,-0.07
-0.51,0.48,-0.14
-0.44,0.48,-0.18
-0.32,0.48,-0.19
0.12,0.48,0.09
0.12,0.48,0.12
3.03,0.48,3.98
2.49,0.48,4.34
1.9,0.48,4.63
1.28,0.48,4.83
0.64,0.48,4.96
-0.02,0.48,5.0
-0.67,0.48,4.95
-1.31,0.48,4.82
-0.08,0.48,0.2
-0.07,0.48,0.11
-0.07,0.48,0.09
-0.07,0.48,0.07
-0.07,0.48,0.05
0.29,0.48,-0.16
0.42,0.48,-0.17
0.51,0.48,-0.13
0.57,0.48,-0.07
0.61,0.46,0.0
0.62,0.46,0.08
0.6,0.46,0.16
0.56,0.46,0.23
0.49,0.46,0.28
0.4,0.46,0.3
0.29,0.46,0.29
-3.04,0.46,-3.97
-2.5,0.46,-4.33
-1.91,0.46,-4.62
-1.29,0.46,-4.83
-0.65,0.46,-4.96
0.01,0.46,-5.0
0.66,0.46,-4.96
1.3,0.46,-4.83
1.92,0.46,-4.62
-0.18,0.46,0.3
-0.26,0.46,0.34
-0.34,0.46,0.34
-0.41,0.46,0.31
-0.47,0.46,0.27
-0.52,0.46,0.21
-0.56,0.46,0.15
-0.58,0.46,0.08
-0.59,0.46,-0.0
-0.57,0.46,-0.08
-0.53,0.46,-0.14
-0.46,0.46,-0.19
-0.35,0.46,-0.2
0.12,0.46,0.1
0.13,0.46,0.13
3.03,0.46,3.98
2.49,0.46,4.34
1.9,0.46,4.63
1.28,0.46,4.83
0.64,0.46,4.96
-0.02,0.46,5.0
-0.67,0.46,4.95
-1.31,0.46,4.82
-1.93,0.46,4.61
-0.07,0.46,0.12
-0.07,0.46,0.09
-0.07,0.46,0.07
-0.08,0.46,0.06
0.27,0.46,-0.16
0.42,0.46,-0.17
0.51,0.46,-0.13
0.58,0.46,-0.07
0.62,0.44,-0.0
0.63,0.44,0.08
0.61,0.44,0.16
0.56,0.44,0.23
0.49,0.44,0.28
0.4,0.44,0.31
0.29,0.44,0.29
-3.04,0.44,-3.97
-2.5,0.44,-4.33
-1.91,0.44,-4.62
-1.29,0.44,-4.83
-0.65,0.44,-4.96
0.01,0.44,-5.0
0.66,0.44,-4.96
1.3,0.44,-4.83
1.92,0.44,-4.62
-0.17,0.44,0.29
-0.25,0.44,0.33
-0.33,0.44,0.33
-0.4,0.44,0.31
-0.47,0.44,0.27
-0.52,0.44,0.21
-0.56,0.44,0.15
-0.59,0.44,0.08
-0.6,0.44,-0.0
-0.58,0.44,-0.08
-0.54,0.44,-0.15
-0.47,0.44,-0.2
-0.37,0.44,-0.21
0.13,0.44,0.1
0.14,0.44,0.14
3.03,0.44,3.98
2.49,0.44,4.34
1.9,0.44,4.63
1.28,0.44,4.83
0.64,0.44,4.96
-0.02,0.44,5.0
-0.67,0.44,4.95
-1.31,0.44,4.82
-1.93,0.44,4.61
-0.08,0.44,0.14
-0.08,0.44,0.1
-0.08,0.44,0.08
-0.08,0.44,0.06
-0.08,0.44,0.05
0.42,0.44,-0.17
0.51,0.44,-0.13
0.58,0.44,-0.07
0.62,0.42,0.0
0.63,0.42,0.08
0.61,0.42,0.16
0.57,0.42,0.23
0.49,0.42,0.28
0.4,0.42,0.31
0.29,0.42,0.29
-3.04,0.42,-3.97
-2.5,0.42,-4.33
-1.91,0.42,-4.62
-1.29,0.42,-4.83
-0.65,0.42,-4.96
0.01,0.42,-5.0
0.66,0.42,-4.96
1.3,0.42,-4.83
1.92,0.42,-4.62
-0.15,0.42,0.26
-0.24,0.42,0.32
-0.32,0.42,0.32
-0.4,0.42,0.3
-0.46,0.42,0.27
-0.52,0.42,0.21
-0.57,0.42,0.15
-0.6,0.42,0.08
-0.61,0.42,-0.0
-0.6,0.42,-0.08
-0.56,0.42,-0.15
-0.49,0.42,-0.21
-0.39,0.42,-0.23
0.14,0.42,0.11
0.15,0.42,0.15
3.03,0.42,3.98
2.49,0.42,4.34
1.9,0.42,4.63
1.28,0.42,4.83
0.64,0.42,4.96
-0.02,0.42,5.0
-0.67,0.42,4.95
-1.31,0.42,4.82
-1.93,0.42,4.61
-0.09,0.42,0.16
-0.09,0.42,0.11
-0.09,0.42,0.09
-0.09,0.42,0.07
-0.09,0.42,0.05
0.42,0.42,-0.17
0.52,0.42,-0.14
0.59,0.42,-0.07
0.63,0.4,0.0
0.64,0.4,0.08
0.62,0.4,0.17
0.57,0.4,0.24
0.5,0.4,0.29
0.4,0.4,0.31
0.28,0.4,0.28
-3.04,0.4,-3.97
-2.5,0.4,-4.33
-1.91,0.4,-4.62
-1.29,0.4,-4.83
-0.65,0.4,-4.96
0.01,0.4,-5.0
0.66,0.4,-4.96
1.3,0.4,-4.83
1.92,0.4,-4.62
2.51,0.4,-4.33
-0.23,0.4,0.3
-0.31,0.4,0.31
-0.39,0.4,0.3
-0.46,0.4,0.26
-0.52,0.4,0.21
-0.57,0.4,0.15
-0.6,0.4,0.08
-0.62,0.4,-0.0
-0.61,0.4,-0.08
-0.57,0.4,-0.16
-0.51,0.4,-0.21
-0.41,0.4,-0.24
0.14,0.4,0.11
0.16,0.4,0.16
3.03,0.4,3.98
2.49,0.4,4.34
1.9,0.4,4.63
1.28,0.4,4.83
0.64,0.4,4.96
-0.02,0.4,5.0
-0.67,0.4,4.95
-1.31,0.4,4.82
-1.93,0.4,4.61
-2.52,0.4,4.32
-0.1,0.4,0.13
-0.1,0.4,0.09
-0.1,0.4,0.07
-0.1,0.4,0.06
0.42,0.4,-0.17
0.52,0.4,-0.14
0.59,0.4,-0.07
0.64,0.38,-0.0
0.65,0.38,0.09
0.63,0.38,0.17
0.58,0.38,0.24
0.5,0.38,0.29
0.4,0.38,0.31
0.28,0.38,0.28
-3.04,0.38,-3.97
-2.5,0.38,-4.33
-1.91,0.38,-4.62
-1.29,0.38,-4.83
-0.65,0.38,-4.96
0.01,0.38,-5.0
0.66,0.38,-4.96
1.3,0.38,-4.83
1.92,0.38,-4.62
2.51,0.38,-4.33
-0.21,0.38,0.27
-0.3,0.38,0.3
-0.38,0.38,0.29
-0.45,0.38,0.26
-0.52,0.38,0.21
-0.57,0.38,0.15
-0.61,0.38,0.08
-0.62,0.38,-0.0
-0.62,0.38,-0.08
-0.59,0.38,-0.16
-0.53,0.38,-0.22
-0.43,0.38,-0.25
-0.27,0.38,-0.21
0.17,0.38,0.17
3.03,0.38,3.98
2.49,0.38,4.34
1.9,0.38,4.63
1.28,0.38,4.83
0.64,0.38,4.96
-0.02,0.38,5.0
-0.67,0.38,4.95
-1.31,0.38,4.82
-1.93,0.38,4.61
-2.52,0.38,4.32
-0.11,0.38,0.15
-0.11,0.38,0.1
-0.1,0.38,0.08
-0.1,0.38,0.06
0.42,0.38,-0.17
0.52,0.38,-0.14
0.6,0.38,-0.08
0.64,0.36,0.0
0.65,0.36,0.09
0.63,0.36,0.17
0.58,0.36,0.24
0.5,0.36,0.29
0.4,0.36,0.31
0.27,0.36,0.27
-3.04,0.36,-3.97
-2.5,0.36,-4.33
-1.91,0.36,-4.62
-1.29,0.36,-4.83
-0.65,0.36,-4.96
0.01,0.36,-5.0
0.66,0.36,-4.96
1.3,0.36,-4.83
1.92,0.36,-4.62
2.51,0.36,-4.33
-0.18,0.36,0.23
-0.29,0.36,0.29
-0.37,0.36,0.28
-0.45,0.36,0.26
-0.51,0.36,0.21
-0.57,0.36,0.15
-0.61,0.36,0.08
-0.63,0.36,-0.0
-0.63,0.36,-0.08
-0.6,0.36,-0.16
-0.54,0.36,-0.23
-0.45,0.36,-0.26
-0.3,0.36,-0.23
0.19,0.36,0.19
3.03,0.36,3.98
2.49,0.36,4.34
1.9,0.36,4.63
1.28,0.36,4.83
0.64,0.36,4.96
-0.02,0.36,5.0
-0.67,0.36,4.95
-1.31,0.36,4.82
-1.93,0.36,4.61
-2.52,0.36,4.32
-0.13,0.36,0.17
-0.11,0.36,0.11
-0.11,0.36,0.08
-0.11,0.36,0.06
0.4,0.36,-0.16
0.52,0.36,-0.14
0.6,0.36,-0.08
0.65,0.34,0.0
0.66,0.34,0.09
0.65,0.34,0.17
0.6,0.34,0.25
0.52,0.34,0.3
0.42,0.34,0.32
0.28,0.34,0.28
-3.04,0.34,-3.97
-2.5,0.34,-4.33
-1.91,0.34,-4.62
-1.29,0.34,-4.83
-0.65,0.34,-4.96
0.01,0.34,-5.0
0.66,0.34,-4.96
1.3,0.34,-4.83
1.92,0.34,-4.62
2.51,0.34,-4.33
3.05,0.34,-3.96
-0.25,0.34,0.25
-0.34,0.34,0.26
-0.42,0.34,0.24
-0.5,0.34,0.21
-0.56,0.34,0.15
-0.61,0.34,0.08
-0.63,0.34,-0.0
-0.64,0.34,-0.09
-0.61,0.34,-0.16
-0.55,0.34,-0.23
-0.46,0.34,-0.27
-0.33,0.34,-0.26
0.21,0.34,0.21
3.03,0.34,3.98
2.49,0.34,4.34
1.9,0.34,4.63
1.28,0.34,4.83
0.64,0.34,4.96
-0.02,0.34,5.0
-0.67,0.34,4.95
-1.31,0.34,4.82
-1.93,0.34,4.61
-2.52,0.34,4.32
-3.06,0.34,3.95
-0.14,0.34,0.14
-0.13,0.34,0.1
-0.13,0.34,0.07
0.41,0.34,-0.17
0.53,0.34,-0.14
0.6,0.34,-0.08
0.65,0.32,-0.0
0.66,0.32,0.09
0.64,0.32,0.17
0.58,0.32,0.24
0.5,0.32,0.29
0.4,0.32,0.31
0.26,0.32,0.26
-3.04,0.32,-3.97
-2.5,0.32,-4.33
-1.91,0.32,-4.62
-1.29,0.32,-4.83
-0.65,0.32,-4.96
0.01,0.32,-5.0
0.66,0.32,-4.96
1.3,0.32,-4.83
1.92,0.32,-4.62
2.51,0.32,-4.33
3.05,0.32,-3.96
-0.24,0.32,0.24
-0.35,0.32,0.27
-0.43,0.32,0.25
-0.51,0.32,0.21
-0.57,0.32,0.15
-0.62,0.32,0.08
-0.65,0.32,-0.0
-0.65,0.32,-0.09
-0.63,0.32,-0.17
-0.57,0.32,-0.24
-0.49,0.32,-0.28
-0.35,0.32,-0.27
3.52,0.32,3.55
3.03,0.32,3.98
2.49,0.32,4.34
1.9,0.32,4.63
1.28,0.32,4.83
0.64,0.32,4.96
-0.02,0.32,5.0
-0.67,0.32,4.95
-1.31,0.32,4.82
-1.93,0.32,4.61
-2.52,0.32,4.32
-3.06,0.32,3.95
-0.16,0.32,0.16
-0.14,0.32,0.11
-0.13,0.32,0.08
0.42,0.32,-0.17
0.54,0.32,-0.14
0.61,0.32,-0.08
0.66,0.29,-0.0
0.67,0.29,0.09
0.65,0.29,0.17
0.59,0.29,0.25
0.51,0.29,0.29
0.4,0.29,0.31
-3.53,0.29,-3.54
-3.04,0.29,-3.97
-2.5,0.29,-4.33
-1.91,0.29,-4.62
-1.29,0.29,-4.83
-0.65,0.29,-4.96
0.01,0.29,-5.0
0.66,0.29,-4.96
1.3,0.29,-4.83
1.92,0.29,-4.62
2.51,0.29,-4.33
3.05,0.29,-3.96
3.54,0.29,-3.53
-0.33,0.29,0.25
-0.42,0.29,0.24
-0.5,0.29,0.21
-0.57,0.29,0.15
-0.62,0.29,0.08
-0.65,0.29,-0.0
-0.66,0.29,-0.09
-0.64,0.29,-0.17
-0.58,0.29,-0.24
-0.5,0.29,-0.29
-0.37,0.29,-0.29
3.52,0.29,3.55
3.03,0.29,3.98
2.49,0.29,4.34
1.9,0.29,4.63
1.28,0.29,4.83
0.64,0.29,4.96
-0.02,0.29,5.0
-0.67,0.29,4.95
-1.31,0.29,4.82
-1.93,0.29,4.61
-2.52,0.29,4.32
-3.06,0.29,3.95
-3.55,0.29,3.52
-0.15,0.29,0.12
-0.14,0.29,0.08
0.41,0.29,-0.17
0.54,0.29,-0.14
0.62,0.29,-0.08
0.67,0.27,0.0
0.68,0.27,0.09
0.66,0.27,0.18
0.6,0.27,0.25
0.52,0.27,0.3
0.4,0.27,0.31
-3.53,0.27,-3.54
-3.04,0.27,-3.97
-2.5,0.27,-4.33
-1.91,0.27,-4.62
-1.29,0.27,-4.83
-0.65,0.27,-4.96
0.01,0.27,-5.0
0.66,0.27,-4.96
1.3,0.27,-4.83
1.92,0.27,-4.62
2.51,0.27,-4.33
3.05,0.27,-3.96
3.54,0.27,-3.53
-0.31,0.27,0.23
-0.41,0.27,0.24
-0.49,0.27,0.2
-0.56,0.27,0.15
-0.62,0.27,0.08
-0.66,0.27,-0.0
-0.67,0.27,-0.09
-0.64,0.27,-0.17
-0.59,0.27,-0.25
-0.51,0.27,-0.29
-0.39,0.27,-0.3
3.52,0.27,3.55
3.03,0.27,3.98
2.49,0.27,4.34
1.9,0.27,4.63
1.28,0.27,4.83
0.64,0.27,4.96
-0.02,0.27,5.0
-0.67,0.27,4.95
-1.31,0.27,4.82
-1.93,0.27,4.61
-2.52,0.27,4.32
-3.06,0.27,3.95
-3.55,0.27,3.52
-0.18,0.27,0.13
-0.16,0.27,0.09
0.41,0.27,-0.17
0.54,0.27,-0.14
0.62,0.27,-0.08
0.67,0.25,0.0
0.68,0.25,0.09
0.66,0.25,0.18
0.6,0.25,0.25
0.52,0.25,0.3
0.4,0.25,0.31
-3.53,0.25,-3.54
-3.04,0.25,-3.97
-2.5,0.25,-4.33
-1.91,0.25,-4.62
-1.29,0.25,-4.83
-0.65,0.25,-4.96
0.01,0.25,-5.0
0.66,0.25,-4.96
1.3,0.25,-4.83
1.92,0.25,-4.62
2.51,0.25,-4.33
3.05,0.25,-3.96
3.54,0.25,-3.53
-0.27,0.25,0.21
-0.4,0.25,0.23
-0.49,0.25,0.2
-0.56,0.25,0.15
-0.62,0.25,0.08
-0.66,0.25,-0.0
-0.67,0.25,-0.09
-0.65,0.25,-0.18
-0.6,0.25,-0.25
-0.51,0.25,-0.3
-0.4,0.25,-0.31
3.52,0.25,3.55
3.03,0.25,3.98
2.49,0.25,4.34
1.9,0.25,4.63
1.28,0.25,4.83
0.64,0.25,4.96
-0.02,0.25,5.0
-0.67,0.25,4.95
-1.31,0.25,4.82
-1.93,0.25,4.61
-2.52,0.25,4.32
-3.06,0.25,3.95
-3.55,0.25,3.52
-0.21,0.25,0.16
-0.17,0.25,0.1
0.41,0.25,-0.17
0.54,0.25,-0.14
0.63,0.25,-0.08
0.68,0.23,0.0
0.69,0.23,0.09
0.67,0.23,0.18
0.61,0.23,0.25
0.52,0.23,0.3
0.4,0.23,0.31
-3.53,0.23,-3.54
-3.04,0.23,-3.97
-2.5,0.23,-4.33
-1.91,0.23,-4.62
-1.29,0.23,-4.83
-0.65,0.23,-4.96
0.01,0.23,-5.0
0.66,0.23,-4.96
1.3,0.23,-4.83
1.92,0.23,-4.62
2.51,0.23,-4.33
3.05,0.23,-3.96
3.54,0.23,-3.53
3.97,0.23,-3.04
-0.38,0.23,0.22
-0.48,0.23,0.2
-0.56,0.23,0.15
-0.62,0.23,0.08
-0.66,0.23,-0.0
-0.68,0.23,-0.09
-0.65,0.23,-0.18
-0.6,0.23,-0.25
-0.52,0.23,-0.3
-0.4,0.23,-0.31
3.52,0.23,3.55
3.03,0.23,3.98
2.49,0.23,4.34
1.9,0.23,4.63
1.28,0.23,4.83
0.64,0.23,4.96
-0.02,0.23,5.0
-0.67,0.23,4.95
-1.31,0.23,4.82
-1.93,0.23,4.61
-2.52,0.23,4.32
-3.06,0.23,3.95
-3.55,0.23,3.52
-3.98,0.23,3.03
-0.19,0.23,0.11
0.4,0.23,-0.16
0.55,0.23,-0.14
0.63,0.23,-0.08
0.68,0.21,-0.0
0.69,0.21,0.09
0.67,0.21,0.18
0.61,0.21,0.25
0.52,0.21,0.3
0.4,0.21,0.31
-3.53,0.21,-3.54
-3.04,0.21,-3.97
-2.5,0.21,-4.33
-1.91,0.21,-4.62
-1.29,0.21,-4.83
-0.65,0.21,-4.96
0.01,0.21,-5.0
0.66,0.21,-4.96
1.3,0.21,-4.83
1.92,0.21,-4.62
2.51,0.21,-4.33
3.05,0.21,-3.96
3.54,0.21,-3.53
3.97,0.21,-3.04
-0.35,0.21,0.2
-0.47,0.21,0.19
-0.55,0.21,0.15
-0.62,0.21,0.08
-0.67,0.21,-0.0
-0.68,0.21,-0.09
-0.65,0.21,-0.18
-0.6,0.21,-0.25
-0.52,0.21,-0.3
-0.4,0.21,-0.31
3.52,0.21,3.55
3.03,0.21,3.98
2.49,0.21,4.34
1.9,0.21,4.63
1.28,0.21,4.83
0.64,0.21,4.96
-0.02,0.21,5.0
-0.67,0.21,4.95
-1.31,0.21,4.82
-1.93,0.21,4.61
-2.52,0.21,4.32
-3.06,0.21,3.95
-3.55,0.21,3.52
-3.98,0.21,3.03
-0.22,0.21,0.13
0.39,0.21,-0.16
0.55,0.21,-0.14
0.63,0.21,-0.08
0.68,0.19,0.0
0.69,0.19,0.09
0.67,0.19,0.18
0.61,0.19,0.25
0.53,0.19,0.3
0.4,0.19,0.31
-3.53,0.19,-3.54
-3.04,0.19,-3.97
-2.5,0.19,-4.33
-1.91,0.19,-4.62
-1.29,0.19,-4.83
-0.65,0.19,-4.96
0.01,0.19,-5.0
0.66,0.19,-4.96
1.3,0.19,-4.83
1.92,0.19,-4.62
2.51,0.19,-4.33
3.05,0.19,-3.96
3.54,0.19,-3.53
3.97,0.19,-3.04
-0.3,0.19,0.17
-0.45,0.19,0.19
-0.55,0.19,0.15
-0.62,0.19,0.08
-0.67,0.19,-0.0
-0.68,0.19,-0.09
-0.65,0.19,-0.18
-0.6,0.19,-0.25
-0.52,0.19,-0.3
-0.4,0.19,-0.31
3.52,0.19,3.55
3.03,0.19,3.98
2.49,0.19,4.34
1.9,0.19,4.63
1.28,0.19,4.83
0.64,0.19,4.96
-0.02,0.19,5.0
-0.67,0.19,4.95
-1.31,0.19,4.82
-1.93,0.19,4.61
-2.52,0.19,4.32
-3.06,0.19,3.95
-3.55,0.19,3.52
-3.98,0.19,3.03
-0.27,0.19,0.15
0.38,0.19,-0.15
0.55,0.19,-0.14
0.64,0.19,-0.08
0.68,0.17,0.0
0.69,0.17,0.09
0.67,0.17,0.18
0.61,0.17,0.25
0.52,0.17,0.3
0.4,0.17,0.31
-3.53,0.17,-3.54
-3.04,0.17,-3.97
-2.5,0.17,-4.33
-1.91,0.17,-4.62
-1.29,0.17,-4.83
-0.65,0.17,-4.96
0.01,0.17,-5.0
0.66,0.17,-4.96
1.3,0.17,-4.83
1.92,0.17,-4.62
2.51,0.17,-4.33
3.05,0.17,-3.96
3.54,0.17,-3.53
3.97,0.17,-3.04
4.34,0.17,-2.49
-0.44,0.17,0.18
-0.54,0.17,0.14
-0.62,0.17,0.08
-0.66,0.17,-0.0
-0.67,0.17,-0.09
-0.65,0.17,-0.18
-0.6,0.17,-0.25
-0.52,0.17,-0.3
-0.4,0.17,-0.31
3.52,0.17,3.55
3.03,0.17,3.98
2.49,0.17,4.34
1.9,0.17,4.63
1.28,0.17,4.83
0.64,0.17,4.96
-0.02,0.17,5.0
-0.67,0.17,4.95
-1.31,0.17,4.82
-1.93,0.17,4.61
-2.52,0.17,4.32
-3.06,0.17,3.95
-3.55,0.17,3.52
-3.98,0.17,3.03
-4.34,0.17,2.48
-0.23,0.17,0.1
0.55,0.17,-0.14
0.63,0.17,-0.08
0.68,0.15,0.0
0.69,0.15,0.09
0.66,0.15,0.18
0.61,0.15,0.25
0.52,0.15,0.3
0.4,0.15,0.3
-3.53,0.15,-3.54
-3.04,0.15,-3.97
-2.5,0.15,-4.33
-1.91,0.15,-4.62
-1.29,0.15,-4.83
-0.65,0.15,-4.96
0.01,0.15,-5.0
0.66,0.15,-4.96
1.3,0.15,-4.83
1.92,0.15,-4.62
2.51,0.15,-4.33
3.05,0.15,-3.96
3.54,0.15,-3.53
3.97,0.15,-3.04
4.34,0.15,-2.49
-0.41,0.15,0.17
-0.53,0.15,0.14
-0.61,0.15,0.08
-0.66,0.15,-0.0
-0.67,0.15,-0.09
-0.65,0.15,-0.18
-0.59,0.15,-0.25
-0.51,0.15,-0.3
-0.39,0.15,-0.3
3.52,0.15,3.55
3.03,0.15,3.98
2.49,0.15,4.34
1.9,0.15,4.63
1.28,0.15,4.83
0.64,0.15,4.96
-0.02,0.15,5.0
-0.67,0.15,4.95
-1.31,0.15,4.82
-1.93,0.15,4.61
-2.52,0.15,4.32
-3.06,0.15,3.95
-3.55,0.15,3.52
-3.98,0.15,3.03
-4.34,0.15,2.48
-0.26,0.15,0.11
0.54,0.15,-0.14
0.63,0.15,-0.08
0.67,0.13,-0.0
0.68,0.13,0.09
0.66,0.13,0.18
0.6,0.13,0.25
0.51,0.13,0.3
0.38,0.13,0.3
-3.53,0.13,-3.54
-3.04,0.13,-3.97
-2.5,0.13,-4.33
-1.91,0.13,-4.62
-1.29,0.13,-4.83
-0.65,0.13,-4.96
0.01,0.13,-5.0
0.66,0.13,-4.96
1.3,0.13,-4.83
1.92,0.13,-4.62
2.51,0.13,-4.33
3.05,0.13,-3.96
3.54,0.13,-3.53
3.97,0.13,-3.04
4.34,0.13,-2.49
-0.37,0.13,0.15
-0.52,0.13,0.14
-0.61,0.13,0.08
-0.65,0.13,-0.0
-0.66,0.13,-0.09
-0.64,0.13,-0.17
-0.59,0.13,-0.25
-0.5,0.13,-0.29
-0.38,0.13,-0.3
3.52,0.13,3.55
3.03,0.13,3.98
2.49,0.13,4.34
1.9,0.13,4.63
1.28,0.13,4.83
0.64,0.13,4.96
-0.02,0.13,5.0
-0.67,0.13,4.95
-1.31,0.13,4.82
-1.93,0.13,4.61
-2.52,0.13,4.32
-3.06,0.13,3.95
-3.55,0.13,3.52
-3.98,0.13,3.03
-4.34,0.13,2.48
-0.3,0.13,0.12
0.53,0.13,-0.14
0.62,0.13,-0.08
0.66,0.11,0.0
0.68,0.11,0.09
0.65,0.11,0.17
0.6,0.11,0.25
0.51,0.11,0.29
0.37,0.11,0.28
-3.53,0.11,-3.54
-3.04,0.11,-3.97
-2.5,0.11,-4.33
-1.91,0.11,-4.62
-1.29,0.11,-4.83
-0.65,0.11,-4.96
0.01,0.11,-5.0
0.66,0.11,-4.96
1.3,0.11,-4.83
1.92,0.11,-4.62
2.51,0.11,-4.33
3.05,0.11,-3.96
3.54,0.11,-3.53
3.97,0.11,-3.04
4.34,0.11,-2.49
4.62,0.11,-1.9
-0.5,0.11,0.13
-0.6,0.11,0.08
-0.64,0.11,-0.0
-0.66,0.11,-0.09
-0.63,0.11,-0.17
-0.58,0.11,-0.24
-0.49,0.11,-0.29
-0.37,0.11,-0.28
3.52,0.11,3.55
3.03,0.11,3.98
2.49,0.11,4.34
1.9,0.11,4.63
1.28,0.11,4.83
0.64,0.11,4.96
-0.02,0.11,5.0
-0.67,0.11,4.95
-1.31,0.11,4.82
-1.93,0.11,4.61
-2.52,0.11,4.32
-3.06,0.11,3.95
-3.55,0.11,3.52
-3.98,0.11,3.03
-4.34,0.11,2.48
-4.63,0.11,1.89
0.52,0.11,-0.14
0.62,0.11,-0.08
0.65,0.08,0.0
0.67,0.08,0.09
0.64,0.08,0.17
0.59,0.08,0.24
0.49,0.08,0.28
-0.29,0.08,-0.22
-3.53,0.08,-3.54
-3.04,0.08,-3.97
-2.5,0.08,-4.33
-1.91,0.08,-4.62
-1.29,0.08,-4.83
-0.65,0.08,-4.96
0.01,0.08,-5.0
0.66,0.08,-4.96
1.3,0.08,-4.83
1.92,0.08,-4.62
2.51,0.08,-4.33
3.05,0.08,-3.96
3.54,0.08,-3.53
3.97,0.08,-3.04
4.34,0.08,-2.49
4.62,0.08,-1.9
-0.48,0.08,0.13
-0.58,0.08,0.08
-0.63,0.08,-0.0
-0.65,0.08,-0.09
-0.62,0.08,-0.17
-0.57,0.08,-0.24
-0.48,0.08,-0.28
-0.33,0.08,-0.25
3.52,0.08,3.55
3.03,0.08,3.98
2.49,0.08,4.34
1.9,0.08,4.63
1.28,0.08,4.83
0.64,0.08,4.96
-0.02,0.08,5.0
-0.67,0.08,4.95
-1.31,0.08,4.82
-1.93,0.08,4.61
-2.52,0.08,4.32
-3.06,0.08,3.95
-3.55,0.08,3.52
-3.98,0.08,3.03
-4.34,0.08,2.48
-4.63,0.08,1.89
0.5,0.08,-0.13
0.6,0.08,-0.08
0.64,0.06,0.0
0.65,0.06,0.09
0.63,0.06,0.17
0.57,0.06,0.24
0.48,0.06,0.28
-3.97,0.06,-3.05
-3.53,0.06,-3.54
-3.04,0.06,-3.97
-2.5,0.06,-4.33
-1.91,0.06,-4.62
-1.29,0.06,-4.83
-0.65,0.06,-4.96
0.01,0.06,-5.0
0.66,0.06,-4.96
1.3,0.06,-4.83
1.92,0.06,-4.62
2.51,0.06,-4.33
3.05,0.06,-3.96
3.54,0.06,-3.53
3.97,0.06,-3.04
4.34,0.06,-2.49
4.62,0.06,-1.9
-0.46,0.06,0.12
-0.57,0.06,0.07
-0.62,0.06,-0.0
-0.63,0.06,-0.08
-0.61,0.06,-0.16
-0.55,0.06,-0.23
-0.46,0.06,-0.27
3.96,0.06,3.06
3.52,0.06,3.55
3.03,0.06,3.98
2.49,0.06,4.34
1.9,0.06,4.63
1.28,0.06,4.83
0.64,0.06,4.96
-0.02,0.06,5.0
-0.67,0.06,4.95
-1.31,0.06,4.82
-1.93,0.06,4.61
-2.52,0.06,4.32
-3.06,0.06,3.95
-3.55,0.06,3.52
-3.98,0.06,3.03
-4.34,0.06,2.48
-4.63,0.06,1.89
0.44,0.06,-0.12
0.58,0.06,-0.07
0.62,0.04,0.0
0.64,0.04,0.08
0.62,0.04,0.17
0.56,0.04,0.23
0.46,0.04,0.27
-3.97,0.04,-3.05
-3.53,0.04,-3.54
-3.04,0.04,-3.97
-2.5,0.04,-4.33
-1.91,0.04,-4.62
-1.29,0.04,-4.83
-0.65,0.04,-4.96
0.01,0.04,-5.0
0.66,0.04,-4.96
1.3,0.04,-4.83
1.92,0.04,-4.62
2.51,0.04,-4.33
3.05,0.04,-3.96
3.54,0.04,-3.53
3.97,0.04,-3.04
4.34,0.04,-2.49
4.62,0.04,-1.9
0.37,0.04,-0.1
-0.54,0.04,0.07
-0.6,0.04,-0.0
-0.62,0.04,-0.08
-0.6,0.04,-0.16
-0.54,0.04,-0.22
-0.44,0.04,-0.25
3.96,0.04,3.06
3.52,0.04,3.55
3.03,0.04,3.98
2.49,0.04,4.34
1.9,0.04,4.63
1.28,0.04,4.83
0.64,0.04,4.96
-0.02,0.04,5.0
-0.67,0.04,4.95
-1.31,0.04,4.82
-1.93,0.04,4.61
-2.52,0.04,4.32
-3.06,0.04,3.95
-3.55,0.04,3.52
-3.98,0.04,3.03
-4.34,0.04,2.48
-4.63,0.04,1.89
0.43,0.04,-0.11
0.57,0.04,-0.07
0.6,0.02,0.0
0.62,0.02,0.08
0.6,0.02,0.16
0.53,0.02,0.22
0.41,0.02,0.24
-3.97,0.02,-3.05
-3.53,0.02,-3.54
-3.04,0.02,-3.97
-2.5,0.02,-4.33
-1.91,0.02,-4.62
-1.29,0.02,-4.83
-0.65,0.02,-4.96
0.01,0.02,-5.0
0.66,0.02,-4.96
1.3,0.02,-4.83
1.92,0.02,-4.62
2.51,0.02,-4.33
3.05,0.02,-3.96
3.54,0.02,-3.53
3.97,0.02,-3.04
4.34,0.02,-2.49
4.62,0.02,-1.9
4.83,0.02,-1.28
-0.51,0.02,0.07
-0.58,0.02,-0.0
-0.6,0.02,-0.08
-0.57,0.02,-0.16
-0.51,0.02,-0.21
-0.39,0.02,-0.23
3.96,0.02,3.06
3.52,0.02,3.55
3.03,0.02,3.98
2.49,0.02,4.34
1.9,0.02,4.63
1.28,0.02,4.83
0.64,0.02,4.96
-0.02,0.02,5.0
-0.67,0.02,4.95
-1.31,0.02,4.82
-1.93,0.02,4.61
-2.52,0.02,4.32
-3.06,0.02,3.95
-3.55,0.02,3.52
-3.98,0.02,3.03
-4.34,0.02,2.48
-4.63,0.02,1.89
